1,215,48.730000,63.590000,7.800000,20.230000,1,-1,-1,-1,10.000000,10.000000,10.000000,10.000000
1,214,179.510000,129.560000,18.890000,8.160000,1,-1,-1,-1,10.000000,10.000000,10.000000,10.000000
1,213,73.430000,41.670000,8.830000,18.330000,1,-1,-1,-1,10.000000,10.000000,10.000000,10.000000
1,212,-203.160000,118.130000,19.340000,8.450000,1,-1,-1,-1,10.000000,10.000000,10.000000,10.000000
1,211,77.710000,246.240000,8.440000,18.130000,1,-1,-1,-1,10.000000,10.000000,10.000000,10.000000
1,210,63.240000,213.880000,7.670000,15.990000,1,-1,-1,-1,10.000000,10.000000,10.000000,10.000000
1,209,77.580000,217.920000,8.030000,17.550000,1,-1,-1,-1,10.000000,10.000000,10.000000,10.000000
1,208,62.580000,187.420000,8.240000,18.890000,1,-1,-1,-1,10.000000,10.000000,10.000000,10.000000
1,207,-236.120000,118.120000,15.260000,7.960000,1,-1,-1,-1,10.000000,10.000000,10.000000,10.000000
1,206,74.270000,71.620000,7.950000,18.980000,1,-1,-1,-1,10.000000,10.000000,10.000000,10.000000
1,205,150.560000,130.880000,18.500000,7.740000,1,-1,-1,-1,10.000000,10.000000,10.000000,10.000000
1,204,123.340000,130.640000,16.830000,7.300000,1,-1,-1,-1,10.000000,10.000000,10.000000,10.000000
2,216,-347.950000,191.040000,21.060000,15.140000,1,-1,-1,-1,10.000000,10.000000,10.000000,10.000000
2,215,48.630075,64.039965,8.099845,20.740048,1,-1,-1,-1,0.496343,0.155467,2.762107,0.018469
2,213,73.740768,42.338242,8.768439,18.153489,1,-1,-1,-1,0.453625,0.231928,8.460636,1.337007
2,212,-203.110291,118.050119,19.200584,8.409762,1,-1,-1,-1,0.264354,0.043226,1.779072,0.255764
2,211,77.559843,246.700372,8.450333,18.159220,1,-1,-1,-1,0.630967,0.378574,12.743178,1.929336
2,210,63.260695,213.888597,7.808608,16.142805,1,-1,-1,-1,0.093439,0.074176,1.625975,0.444322
2,209,77.502817,217.553585,8.344361,17.342850,1,-1,-1,-1,0.286371,0.197636,6.083997,1.223931
2,208,62.610050,187.249879,8.219899,18.820244,1,-1,-1,-1,0.047814,0.038338,1.068401,0.216566
2,207,-236.119980,118.119990,15.289960,7.970020,1,-1,-1,-1,0.008648,0.004985,0.297078,0.080674
2,206,74.280002,71.619995,7.949996,18.970011,1,-1,-1,-1,0.003311,0.003054,0.183829,0.023468
2,205,150.550000,130.880000,18.500000,7.740000,1,-1,-1,-1,0.003026,0.003693,0.213578,0.033943
2,204,123.340000,130.640000,16.830000,7.300000,1,-1,-1,-1,0.003925,0.004206,0.321820,0.060477
3,213,73.457399,42.356703,8.936301,18.703749,1,-1,-1,-1,0.297536,0.159813,5.279236,0.750350
3,212,-202.988875,118.053318,19.359411,8.452367,1,-1,-1,-1,0.241921,0.048543,1.719310,0.220281
3,211,77.339494,246.935304,8.799309,18.718902,1,-1,-1,-1,0.123811,0.081483,2.697798,0.435623
3,210,63.331188,212.974576,7.817863,15.596048,1,-1,-1,-1,0.099410,0.073002,1.454035,0.345339
3,209,77.456359,217.341639,8.194827,17.073932,1,-1,-1,-1,0.241951,0.143334,3.905660,0.685082
3,208,62.736025,187.020311,8.276713,18.709977,1,-1,-1,-1,0.055853,0.045273,1.132115,0.211951
3,207,-236.120711,118.119985,15.271458,7.970034,1,-1,-1,-1,0.008556,0.004983,0.290536,0.075586
3,206,74.270033,71.609941,7.949949,18.960123,1,-1,-1,-1,0.004166,0.003512,0.199973,0.025102
3,205,150.559995,130.880000,18.500000,7.740000,1,-1,-1,-1,0.003149,0.003804,0.216379,0.033283
3,204,123.340000,130.640000,16.830000,7.300000,1,-1,-1,-1,0.003884,0.004162,0.308135,0.057514
4,213,73.175083,42.376662,9.193698,18.863523,1,-1,-1,-1,0.280487,0.148232,4.726481,0.706735
4,212,-203.038088,118.144036,19.395775,8.547073,1,-1,-1,-1,0.197935,0.040738,1.386326,0.198410
4,211,77.531410,246.171997,8.707681,18.375425,1,-1,-1,-1,0.121678,0.073403,2.356826,0.426395
4,210,63.439250,214.192247,7.827982,16.244625,1,-1,-1,-1,0.107808,0.079086,1.606398,0.389806
4,209,77.444060,217.837092,8.356886,17.497017,1,-1,-1,-1,0.128139,0.080215,2.520210,0.462596
4,208,62.667582,187.083534,8.187195,18.699768,1,-1,-1,-1,0.051081,0.040733,0.974431,0.204909
4,207,-236.109991,118.119736,15.269828,7.960555,1,-1,-1,-1,0.008440,0.004874,0.268867,0.074861
4,206,74.280077,71.620324,7.949781,18.969259,1,-1,-1,-1,0.003440,0.003111,0.173949,0.022991
4,205,150.560013,130.880000,18.500000,7.740000,1,-1,-1,-1,0.003145,0.003760,0.204192,0.033606
4,204,123.348737,130.639539,16.802545,7.290942,1,-1,-1,-1,0.003726,0.004073,0.284572,0.056963
5,213,73.898509,42.355514,8.427128,18.258680,1,-1,-1,-1,0.198918,0.098703,2.926328,0.534786
5,212,-203.085531,118.136329,19.512689,8.541512,1,-1,-1,-1,0.176634,0.038173,1.170426,0.184961
5,211,77.636452,246.282118,8.579012,18.382727,1,-1,-1,-1,0.144972,0.073887,2.179579,0.437617
5,210,63.318750,213.962570,7.906404,16.346551,1,-1,-1,-1,0.111227,0.084348,1.509932,0.401970
5,209,77.204846,217.677323,8.551823,17.390460,1,-1,-1,-1,0.140786,0.092806,2.391194,0.488494
5,208,62.615806,187.321185,8.260788,18.765400,1,-1,-1,-1,0.057457,0.044610,0.937860,0.211594
5,207,-236.128440,118.120362,15.287017,7.959261,1,-1,-1,-1,0.009688,0.005544,0.274881,0.079146
5,206,74.280019,71.620044,7.949965,18.969910,1,-1,-1,-1,0.003687,0.003236,0.173838,0.023674
5,205,150.560009,130.880000,18.500000,7.740000,1,-1,-1,-1,0.003206,0.003834,0.198021,0.033933
5,204,123.360595,130.640270,16.798745,7.289446,1,-1,-1,-1,0.003915,0.004152,0.277952,0.058049
6,213,74.237715,42.016737,8.253236,17.428526,1,-1,-1,-1,0.237467,0.136123,2.782392,0.661270
6,212,-203.156518,118.047428,19.193528,8.480427,1,-1,-1,-1,0.296711,0.062259,1.429387,0.266013
6,211,77.598024,246.742119,8.568298,18.585181,1,-1,-1,-1,0.119346,0.073423,1.872248,0.408793
6,210,63.381689,213.284715,7.902908,15.903115,1,-1,-1,-1,0.104315,0.074115,1.240463,0.364004
6,209,77.411503,216.720617,8.257215,16.775129,1,-1,-1,-1,0.125980,0.070057,1.615506,0.424844
6,208,62.694102,184.655824,8.469705,16.797696,1,-1,-1,-1,0.085325,0.064707,1.019733,0.335000
6,207,-236.120374,118.120465,15.270715,7.969022,1,-1,-1,-1,0.008177,0.004869,0.251429,0.074185
6,206,74.280003,71.620006,7.949995,18.969988,1,-1,-1,-1,0.003542,0.003140,0.168388,0.023216
6,205,150.550031,130.880000,18.500000,7.740000,1,-1,-1,-1,0.003238,0.003871,0.196519,0.034263
6,204,123.351299,130.640432,16.807441,7.289125,1,-1,-1,-1,0.003913,0.004151,0.271786,0.057506
7,213,74.081463,42.238763,8.156126,17.076563,1,-1,-1,-1,0.421777,0.240020,3.386123,0.844108
7,212,-203.117184,118.041458,19.115033,8.391765,1,-1,-1,-1,0.286603,0.056494,1.341797,0.251273
7,211,77.619897,246.822991,8.513381,18.534265,1,-1,-1,-1,0.077729,0.054941,1.303431,0.275852
7,210,63.332178,213.416619,7.844001,15.809613,1,-1,-1,-1,0.100912,0.070402,1.133768,0.358742
7,209,77.394687,217.299264,8.266440,16.869320,1,-1,-1,-1,0.185488,0.105342,1.954702,0.500318
7,208,62.694780,187.398290,8.156427,18.391423,1,-1,-1,-1,0.051911,0.041901,0.841247,0.211691
7,207,-236.119778,118.119685,15.279465,7.960668,1,-1,-1,-1,0.008093,0.004868,0.247601,0.073474
7,206,74.280001,71.620001,7.949999,18.969998,1,-1,-1,-1,0.003686,0.003235,0.169902,0.024141
7,205,150.559974,130.880000,18.500000,7.740000,1,-1,-1,-1,0.003142,0.003756,0.192915,0.033607
7,204,123.351254,130.640792,16.807492,7.298374,1,-1,-1,-1,0.003952,0.004234,0.268012,0.058051
8,213,73.631932,41.884012,8.481358,17.674852,1,-1,-1,-1,0.245906,0.072211,1.890301,0.325022
8,212,-203.010567,118.080513,19.046799,8.394715,1,-1,-1,-1,0.261051,0.055315,1.291097,0.250687
8,211,77.452469,246.992410,8.664254,18.667863,1,-1,-1,-1,0.159385,0.093009,1.669137,0.433705
8,210,63.280625,213.473083,7.810690,15.824206,1,-1,-1,-1,0.089958,0.068922,0.990404,0.340215
8,209,77.212122,218.182447,8.328660,17.203147,1,-1,-1,-1,0.257035,0.191828,2.621359,0.688168
8,208,62.637852,187.513790,8.168527,18.707269,1,-1,-1,-1,0.044797,0.036155,0.729546,0.177563
8,207,-236.128163,118.130836,15.296318,7.968186,1,-1,-1,-1,0.008172,0.005430,0.264687,0.082121
8,206,74.270030,71.620000,7.950000,18.970000,1,-1,-1,-1,0.003541,0.003170,0.167504,0.023907
8,205,150.560005,130.880000,18.500000,7.740000,1,-1,-1,-1,0.003237,0.003832,0.193293,0.033933
8,204,123.341021,130.640331,16.817989,7.299338,1,-1,-1,-1,0.003912,0.004191,0.265546,0.058604
9,213,73.480203,41.576497,8.615716,18.029293,1,-1,-1,-1,0.398581,0.098247,1.772507,0.345671
9,212,-203.127256,118.158816,19.283313,8.472688,1,-1,-1,-1,0.220280,0.050685,1.200987,0.229341
9,211,77.515343,246.943090,8.511349,18.716391,1,-1,-1,-1,0.131652,0.068276,1.513090,0.371587
9,210,63.270309,213.277737,7.688894,15.711148,1,-1,-1,-1,0.080951,0.060249,0.831197,0.300139
9,209,77.458912,218.000216,8.260526,17.469669,1,-1,-1,-1,0.188311,0.127150,2.384945,0.604534
9,208,62.669422,187.392174,8.187659,18.881871,1,-1,-1,-1,0.048326,0.039799,0.737833,0.197246
9,207,-236.121447,118.119334,15.282887,7.961481,1,-1,-1,-1,0.009113,0.005270,0.257282,0.078454
9,206,74.279965,71.620000,7.950000,18.970000,1,-1,-1,-1,0.003612,0.003202,0.166804,0.023216
9,205,150.550030,130.880000,18.500000,7.740000,1,-1,-1,-1,0.003173,0.003793,0.190774,0.033607
9,204,123.350211,130.640102,16.819505,7.299797,1,-1,-1,-1,0.004031,0.004233,0.268218,0.058054
10,213,73.441257,41.694357,8.667494,18.108599,1,-1,-1,-1,0.258224,0.072890,1.544461,0.298084
10,212,-203.124273,118.127667,19.286271,8.498081,1,-1,-1,-1,0.235669,0.053122,1.195584,0.239990
10,211,77.269038,247.133046,9.028302,18.539734,1,-1,-1,-1,0.127528,0.082982,1.661988,0.389186
10,210,63.183150,213.446618,7.834253,15.604027,1,-1,-1,-1,0.077831,0.060169,0.812210,0.293511
10,209,77.481696,217.106243,8.109855,17.032704,1,-1,-1,-1,0.175248,0.106075,1.901049,0.549323
10,208,62.653804,187.210000,8.165381,18.810105,1,-1,-1,-1,0.056298,0.045100,0.804389,0.223817
10,207,-236.098377,118.075098,15.206956,7.900408,1,-1,-1,-1,0.008169,0.004770,0.239358,0.074875
10,206,74.270135,71.620350,7.949793,18.979273,1,-1,-1,-1,0.003612,0.003202,0.166304,0.023906
10,205,150.559972,130.880000,18.500000,7.740000,1,-1,-1,-1,0.003237,0.003870,0.193386,0.034263
10,204,123.340718,130.640180,16.828605,7.299640,1,-1,-1,-1,0.004194,0.004361,0.271503,0.059721
11,213,73.682958,42.110356,8.624939,18.048076,1,-1,-1,-1,0.281243,0.155123,2.152827,0.632539
11,212,-202.955623,118.130810,19.380937,8.556408,1,-1,-1,-1,0.275628,0.063030,1.259097,0.252234
11,211,77.192955,246.785832,8.848726,18.865409,1,-1,-1,-1,0.127290,0.062541,1.395801,0.339520
11,210,63.297745,214.813897,7.783228,16.308793,1,-1,-1,-1,0.121040,0.096100,1.218647,0.462102
11,209,77.273243,218.206553,8.263753,17.479758,1,-1,-1,-1,0.108412,0.068195,1.480615,0.393410
11,208,62.729559,187.082831,8.144955,18.698252,1,-1,-1,-1,0.053149,0.042966,0.788743,0.217483
11,207,-236.110984,118.125489,15.261699,7.958204,1,-1,-1,-1,0.009021,0.005217,0.252180,0.076263
11,206,74.269886,71.619638,7.950219,18.970758,1,-1,-1,-1,0.003951,0.003399,0.173322,0.024617
11,205,150.550447,130.880112,18.509139,7.739777,1,-1,-1,-1,0.003173,0.003793,0.191292,0.033934
11,204,123.332608,130.641028,16.854747,7.307906,1,-1,-1,-1,0.004194,0.004405,0.268453,0.059726
12,213,73.830558,42.275954,8.509620,17.546422,1,-1,-1,-1,0.411196,0.397783,2.725089,0.985167
12,212,-203.230686,118.151378,19.289594,8.556885,1,-1,-1,-1,0.217215,0.049654,1.157007,0.236983
12,211,77.456980,246.589139,8.716721,18.634409,1,-1,-1,-1,0.130632,0.085158,1.539775,0.429080
12,210,63.490140,213.472487,7.745399,16.011825,1,-1,-1,-1,0.086365,0.064352,0.879682,0.315636
12,209,77.520864,217.567076,8.215521,17.548494,1,-1,-1,-1,0.199977,0.113302,1.774714,0.538659
12,208,62.762783,187.214426,8.132949,18.807372,1,-1,-1,-1,0.046893,0.038994,0.717657,0.195038
12,207,-236.118591,118.120484,15.277177,7.959078,1,-1,-1,-1,0.008584,0.005013,0.247874,0.076270
12,206,74.279947,71.619954,7.950036,18.970092,1,-1,-1,-1,0.003612,0.003202,0.167211,0.023675
12,205,150.559573,130.879892,18.500828,7.740215,1,-1,-1,-1,0.003173,0.003831,0.189211,0.033607
12,204,123.337054,130.638560,16.835930,7.292958,1,-1,-1,-1,0.003911,0.004190,0.258941,0.057511
13,213,73.698758,42.458181,8.624488,17.624527,1,-1,-1,-1,0.393940,0.227515,3.128531,0.950088
13,212,-203.130209,118.077780,19.197695,8.522935,1,-1,-1,-1,0.197656,0.045502,1.105306,0.230747
13,211,77.243692,246.604700,8.767987,18.720363,1,-1,-1,-1,0.190462,0.094409,1.648034,0.425816
13,210,63.268494,213.986601,7.664648,16.191720,1,-1,-1,-1,0.084526,0.066695,0.931975,0.332454
13,209,77.192853,218.771537,8.477924,18.112689,1,-1,-1,-1,0.190561,0.126751,1.811374,0.517087
13,208,62.672003,187.367551,8.162007,18.903304,1,-1,-1,-1,0.039784,0.034365,0.645309,0.177201
13,207,-236.119678,118.120150,15.279353,7.959700,1,-1,-1,-1,0.008168,0.004817,0.243127,0.073484
13,206,74.270032,71.610022,7.950005,18.970013,1,-1,-1,-1,0.003873,0.003299,0.169773,0.024378
13,205,150.559946,130.879979,18.500113,7.740043,1,-1,-1,-1,0.003302,0.003908,0.193757,0.034263
13,204,123.341551,130.641069,16.836862,7.307781,1,-1,-1,-1,0.004152,0.004317,0.264363,0.059158
14,213,73.513989,42.405134,8.869365,18.167729,1,-1,-1,-1,0.294962,0.153213,2.767737,0.691961
14,212,-203.088827,118.078870,19.194215,8.484613,1,-1,-1,-1,0.276756,0.059446,1.164422,0.253858
14,211,77.361446,246.794879,8.871926,18.594048,1,-1,-1,-1,0.116563,0.076930,1.532145,0.402035
14,210,63.246308,213.267897,7.790623,15.741076,1,-1,-1,-1,0.076941,0.057288,0.800811,0.279358
14,209,77.286782,216.607379,8.503398,16.946679,1,-1,-1,-1,0.198487,0.146344,1.726120,0.573915
14,208,62.657432,187.336164,8.204526,18.864208,1,-1,-1,-1,0.056715,0.045464,0.750338,0.210723
14,207,-236.129185,118.120215,15.288444,7.959570,1,-1,-1,-1,0.008842,0.005165,0.250623,0.077685
14,206,74.269997,71.619966,7.950001,18.970002,1,-1,-1,-1,0.003834,0.003299,0.169612,0.024378
14,205,150.559994,130.879997,18.500017,7.740007,1,-1,-1,-1,0.003141,0.003793,0.188691,0.033607
14,204,123.339478,130.639535,16.841047,7.300974,1,-1,-1,-1,0.004321,0.004448,0.268398,0.060290
15,213,73.699555,42.384683,8.691469,18.217217,1,-1,-1,-1,0.285633,0.156049,2.631265,0.709351
15,212,-203.079385,118.159044,19.388597,8.484712,1,-1,-1,-1,0.229797,0.052543,1.106419,0.229447
15,210,63.295891,213.431062,7.751773,15.707389,1,-1,-1,-1,0.104369,0.076005,0.909043,0.347521
15,209,77.372047,217.348560,8.788836,16.768427,1,-1,-1,-1,0.328269,0.289032,2.328018,0.860114
15,208,62.624441,187.471941,8.222990,18.878504,1,-1,-1,-1,0.042978,0.035721,0.666382,0.170099
15,207,-236.100130,118.120526,15.279875,7.968903,1,-1,-1,-1,0.008498,0.005013,0.244435,0.074872
15,206,74.299905,71.620000,7.950000,18.970000,1,-1,-1,-1,0.003470,0.003107,0.165066,0.023216
15,205,150.579945,130.879999,18.500003,7.740001,1,-1,-1,-1,0.003141,0.003831,0.188345,0.033933
15,204,123.339215,130.639758,16.831608,7.300484,1,-1,-1,-1,0.003950,0.004232,0.261685,0.059167
16,213,73.644265,42.591116,8.666599,18.357267,1,-1,-1,-1,0.220372,0.120347,2.245333,0.599421
16,212,-202.607757,118.083494,19.334298,8.459637,1,-1,-1,-1,0.184312,0.038604,0.982378,0.200322
16,210,63.673012,213.788556,7.915986,16.055004,1,-1,-1,-1,0.074155,0.057291,0.811093,0.284477
16,209,78.325752,217.338238,9.049958,17.014246,1,-1,-1,-1,0.412483,0.275840,2.886766,1.153200
16,208,62.823973,187.375589,8.239931,18.908879,1,-1,-1,-1,0.058900,0.048610,0.770939,0.221052
16,207,-235.742486,118.120076,15.279854,7.969853,1,-1,-1,-1,0.008086,0.004865,0.239910,0.074165
16,206,74.658932,71.620375,7.949772,18.979222,1,-1,-1,-1,0.003721,0.003234,0.167721,0.023906
16,205,150.909077,130.880000,18.500000,7.740000,1,-1,-1,-1,0.003172,0.003793,0.188147,0.033607
16,204,123.347890,130.639073,16.814220,7.291891,1,-1,-1,-1,0.003834,0.004107,0.256839,0.057510
17,213,74.624113,42.714675,8.402856,18.502110,1,-1,-1,-1,0.151661,0.076992,1.662934,0.446178
17,212,-201.326589,118.029027,19.336351,8.397398,1,-1,-1,-1,0.153819,0.036054,0.894048,0.188158
17,210,64.496988,213.366608,7.715335,15.818255,1,-1,-1,-1,0.076118,0.062931,0.772490,0.283764
17,209,79.158720,216.590469,8.452929,16.683212,1,-1,-1,-1,0.210301,0.191586,2.080806,0.749759
17,208,63.721934,187.390767,8.329249,18.860838,1,-1,-1,-1,0.053584,0.043754,0.751252,0.205168
17,207,-234.975607,118.120015,15.279961,7.969975,1,-1,-1,-1,0.008668,0.005114,0.245449,0.075554
17,206,75.417622,71.620026,7.949982,18.979951,1,-1,-1,-1,0.003721,0.003233,0.169104,0.023907
17,205,151.519001,130.880437,18.498625,7.749092,1,-1,-1,-1,0.003301,0.003908,0.191213,0.034263
17,204,123.342310,130.640903,16.835343,7.298153,1,-1,-1,-1,0.003990,0.004274,0.260535,0.059158
18,213,75.565083,42.629071,8.482371,18.172690,1,-1,-1,-1,0.269209,0.206327,2.139198,0.701801
18,212,-199.224236,118.223505,19.229682,8.556221,1,-1,-1,-1,0.142780,0.033357,0.899821,0.194269
18,211,79.668220,246.942272,9.030427,18.499161,1,-1,-1,-1,0.134949,0.067915,1.528521,0.523613
18,210,65.316136,212.742619,7.817951,15.351941,1,-1,-1,-1,0.122757,0.093227,0.921516,0.406348
18,209,80.330469,215.401771,8.317988,15.717348,1,-1,-1,-1,0.139751,0.109086,1.352303,0.561569
18,208,64.797479,187.646136,8.241773,19.141468,1,-1,-1,-1,0.045514,0.039339,0.665493,0.178940
18,207,-233.779405,118.119133,15.263472,7.961781,1,-1,-1,-1,0.008006,0.004769,0.237490,0.072799
18,206,76.546749,71.619983,7.950016,18.980037,1,-1,-1,-1,0.003576,0.003170,0.164674,0.023216
18,205,152.287347,130.879594,18.501253,7.740850,1,-1,-1,-1,0.003368,0.003947,0.194420,0.034933
18,204,123.470432,130.713119,16.589090,7.402633,1,-1,-1,-1,0.005542,0.005063,0.309945,0.072048
19,213,76.492731,42.617089,8.534178,18.078578,1,-1,-1,-1,0.193146,0.147271,2.051964,0.583063
19,212,-196.856520,118.044714,20.203341,8.313910,1,-1,-1,-1,0.368680,0.057149,1.022897,0.143934
19,211,81.134729,246.997605,9.134490,18.630393,1,-1,-1,-1,0.155632,0.083443,1.637674,0.543003
19,210,67.188653,213.562824,7.746455,15.724700,1,-1,-1,-1,0.081501,0.061266,0.821505,0.320318
19,209,81.054697,216.638059,7.919741,16.236731,1,-1,-1,-1,0.072883,0.055740,1.001901,0.340873
19,208,66.367519,187.443541,8.319518,19.217299,1,-1,-1,-1,0.038618,0.036401,0.635420,0.170914
19,207,-232.189047,118.119893,15.260413,7.960214,1,-1,-1,-1,0.007249,0.004448,0.227423,0.070118
19,206,78.015840,71.609267,7.950471,18.961580,1,-1,-1,-1,0.003505,0.003107,0.163067,0.023444
19,205,153.158072,130.880065,18.509317,7.739870,1,-1,-1,-1,0.003576,0.004107,0.196023,0.035615
19,204,123.345845,130.637680,16.828346,7.295400,1,-1,-1,-1,0.003505,0.002986,0.227780,0.051352
20,213,79.882608,42.050524,8.263697,18.102340,1,-1,-1,-1,0.068387,0.046513,1.144003,0.298516
20,212,-193.425347,114.540946,20.577118,8.182417,1,-1,-1,-1,0.420984,0.073840,1.096775,0.110618
20,211,81.675222,246.752750,8.903949,18.838794,1,-1,-1,-1,0.147916,0.108109,1.637032,0.524479
20,210,68.359728,213.332158,7.683031,15.976913,1,-1,-1,-1,0.085149,0.071137,0.923855,0.345350
20,209,81.436663,217.280902,7.865250,16.914576,1,-1,-1,-1,0.104221,0.053518,1.092565,0.351906
20,208,67.471279,186.828609,8.262328,19.365004,1,-1,-1,-1,0.050057,0.040872,0.642326,0.156670
20,207,-229.990563,114.027059,15.137135,7.824909,1,-1,-1,-1,0.007543,0.005216,0.238415,0.080598
20,206,80.593879,70.934988,7.758114,18.924003,1,-1,-1,-1,0.003684,0.003201,0.165805,0.023674
20,205,154.054373,131.238414,18.537277,7.920054,1,-1,-1,-1,0.003301,0.003869,0.192648,0.034598
20,204,123.341140,130.640458,16.837723,7.299038,1,-1,-1,-1,0.003990,0.004232,0.258577,0.058583
21,213,83.466647,40.812550,8.290940,17.896539,1,-1,-1,-1,0.209433,0.131256,1.585736,0.542714
21,211,82.150731,245.423167,8.458393,18.777095,1,-1,-1,-1,0.145173,0.089285,1.465677,0.455959
21,210,68.898737,213.408693,7.825558,16.505821,1,-1,-1,-1,0.089209,0.071847,1.076372,0.378826
21,209,81.571941,216.270223,7.766942,17.177177,1,-1,-1,-1,0.131022,0.096612,1.363271,0.513106
21,208,68.622787,185.873645,8.318560,19.398836,1,-1,-1,-1,0.056159,0.046326,0.692258,0.187051
21,206,83.769573,70.107503,7.704710,18.889319,1,-1,-1,-1,0.003470,0.003107,0.164350,0.023216
21,205,154.924701,131.783531,18.646964,8.198488,1,-1,-1,-1,0.003269,0.003869,0.189214,0.034264
21,204,123.332903,130.641158,16.864157,7.307637,1,-1,-1,-1,0.004321,0.004448,0.266042,0.059161
22,213,87.372186,40.131402,8.477296,17.965787,1,-1,-1,-1,0.186782,0.148678,1.798549,0.545410
22,211,82.645831,244.450401,8.152884,18.681906,1,-1,-1,-1,0.155735,0.095118,1.444625,0.504101
22,210,69.411342,211.260792,8.038699,16.313939,1,-1,-1,-1,0.158788,0.127006,1.257536,0.491356
22,209,82.341685,214.474810,7.846158,16.656914,1,-1,-1,-1,0.089491,0.066721,1.103031,0.385262
22,208,69.960662,184.452478,8.756056,19.298787,1,-1,-1,-1,0.054590,0.042903,0.652700,0.168176
22,206,87.265968,69.330433,8.018884,18.952647,1,-1,-1,-1,0.003758,0.003266,0.167122,0.023674
22,205,155.818853,132.456414,18.778916,8.542145,1,-1,-1,-1,0.003172,0.003793,0.189038,0.033934
22,204,123.347346,130.638709,16.845281,7.292634,1,-1,-1,-1,0.003436,0.002985,0.226022,0.051322
23,213,92.018740,38.630970,8.313717,17.266708,1,-1,-1,-1,0.220639,0.201595,1.886246,0.705164
23,211,82.816051,243.571686,8.433618,18.365097,1,-1,-1,-1,0.187079,0.130769,1.672502,0.554432
23,210,69.939669,209.963656,8.535062,16.421063,1,-1,-1,-1,0.144018,0.115626,1.266334,0.501598
23,209,83.176370,214.111505,7.881623,16.649065,1,-1,-1,-1,0.275933,0.230645,1.799038,0.797154
23,208,71.789342,182.428596,8.843397,18.948364,1,-1,-1,-1,0.039378,0.038951,0.769223,0.231935
23,206,91.268498,68.547952,8.409112,19.067432,1,-1,-1,-1,0.004278,0.003572,0.177490,0.025847
23,205,156.720130,133.257746,18.926576,8.928892,1,-1,-1,-1,0.003204,0.003831,0.187351,0.033607
23,204,123.347330,130.628832,16.825426,7.282445,1,-1,-1,-1,0.004278,0.004448,0.264252,0.060265
24,228,-170.593406,91.158153,19.210633,9.595328,1,-1,-1,-1,0.541913,0.114455,2.381117,0.384203
24,225,97.788294,33.713537,9.060427,19.432608,1,-1,-1,-1,0.372022,0.238167,3.822762,0.813370
24,211,83.824166,239.981995,8.170304,17.328516,1,-1,-1,-1,0.266286,0.224009,1.826303,0.796221
24,210,72.231356,207.012362,7.831056,15.533754,1,-1,-1,-1,0.062035,0.050169,0.653795,0.228726
24,209,83.963411,211.818275,8.296026,16.249294,1,-1,-1,-1,0.265935,0.227504,1.837149,0.877833
24,208,73.649093,180.926852,8.946844,18.816077,1,-1,-1,-1,0.049102,0.044145,0.847207,0.242027
24,206,95.720496,67.847714,8.857283,19.236656,1,-1,-1,-1,0.003684,0.003233,0.165821,0.023908
24,205,157.581420,134.199419,19.064374,9.354738,1,-1,-1,-1,0.003436,0.003986,0.193698,0.034596
24,204,123.341058,130.630581,16.827926,7.288775,1,-1,-1,-1,0.004541,0.004629,0.272255,0.062023
25,228,-162.391740,84.533656,20.492181,10.482693,1,-1,-1,-1,0.252047,0.051248,1.326900,0.207543
25,225,103.366191,37.930873,9.323333,19.317478,1,-1,-1,-1,0.221657,0.122626,3.309035,0.665485
25,211,83.657997,241.496719,8.907519,17.487770,1,-1,-1,-1,0.269843,0.191802,2.062383,0.744417
25,210,72.912977,206.948416,8.181517,15.807405,1,-1,-1,-1,0.105994,0.084078,0.965105,0.408810
25,209,85.532172,210.553730,8.346179,16.165321,1,-1,-1,-1,0.183094,0.133582,1.530511,0.713336
25,208,75.754279,179.905092,9.109799,18.713887,1,-1,-1,-1,0.050553,0.046774,0.946070,0.299439
25,206,100.670534,67.286974,9.334955,19.387211,1,-1,-1,-1,0.003834,0.003332,0.169882,0.024378
25,205,158.484082,135.282305,19.208753,9.827899,1,-1,-1,-1,0.003796,0.004274,0.203835,0.037016
25,204,123.340909,130.640240,16.838141,7.289425,1,-1,-1,-1,0.004278,0.004448,0.266019,0.060871
26,228,-153.225090,75.531158,21.128101,11.825577,1,-1,-1,-1,0.165730,0.045344,1.042214,0.170037
26,211,82.693410,241.198821,10.037641,18.381947,1,-1,-1,-1,0.172267,0.114121,1.661606,0.456769
26,210,73.738776,204.527524,8.583997,15.956074,1,-1,-1,-1,0.119738,0.095940,1.046964,0.485521
26,209,85.492661,208.965595,9.049432,16.031966,1,-1,-1,-1,0.257612,0.207941,1.646000,0.814547
26,208,77.123720,179.059157,9.828836,19.221146,1,-1,-1,-1,0.047276,0.046331,1.000001,0.295754
26,206,106.596940,66.411990,10.013302,19.569098,1,-1,-1,-1,0.004321,0.003608,0.178895,0.025349
26,205,159.189414,136.674108,19.379312,10.490645,1,-1,-1,-1,0.004633,0.004817,0.218120,0.040369
26,204,123.357538,130.639096,16.804924,7.281827,1,-1,-1,-1,0.002732,0.002545,0.205740,0.045772
27,228,-141.115817,55.064899,21.128689,13.885720,1,-1,-1,-1,0.175140,0.054845,1.086296,0.228310
27,211,78.361579,236.484297,10.513777,18.837244,1,-1,-1,-1,0.184229,0.140671,1.789700,0.624860
27,210,71.572888,200.989622,9.503719,16.216027,1,-1,-1,-1,0.231130,0.177582,1.485392,0.862140
27,209,82.627427,207.481597,9.595987,16.876664,1,-1,-1,-1,0.157496,0.098592,1.695138,0.725668
27,208,76.595764,174.661823,11.486851,19.508909,1,-1,-1,-1,0.051033,0.053482,1.139861,0.323828
27,205,159.460921,139.648562,19.619736,11.846831,1,-1,-1,-1,0.004408,0.004675,0.214901,0.039226
27,204,123.350243,130.640017,16.809536,7.279962,1,-1,-1,-1,0.002305,0.002303,0.192343,0.042369
28,228,-124.889544,35.146662,21.345205,16.564242,1,-1,-1,-1,0.152660,0.054260,1.183278,0.270239
28,210,69.691209,194.716354,10.234125,16.183502,1,-1,-1,-1,0.259691,0.200644,1.607904,1.023084
28,209,80.638255,203.232278,9.679200,17.044427,1,-1,-1,-1,0.293157,0.269786,2.265808,1.173694
28,208,76.999386,169.415752,12.677412,19.630491,1,-1,-1,-1,0.085720,0.060543,1.287802,0.582700
28,205,159.634350,142.912282,19.813889,13.277785,1,-1,-1,-1,0.004773,0.004914,0.220144,0.041156
28,204,123.351922,130.640857,16.826100,7.288257,1,-1,-1,-1,0.003018,0.002729,0.214033,0.047519
29,238,148.215375,38.233223,14.877531,20.402854,1,-1,-1,-1,0.343138,0.238265,10.770746,1.180693
29,228,-106.238454,16.009178,20.952388,18.577518,1,-1,-1,-1,0.202627,0.106536,1.822626,0.556397
29,210,67.562191,189.560274,11.630873,16.748720,1,-1,-1,-1,0.242232,0.162099,1.693276,1.140019
29,209,77.312722,199.282621,10.921652,17.446747,1,-1,-1,-1,0.203727,0.138965,2.400743,1.029080
29,208,77.751723,165.572487,13.879528,19.782421,1,-1,-1,-1,0.150557,0.102092,1.742903,0.886207
29,205,160.131601,146.642137,19.886855,14.749988,1,-1,-1,-1,0.003872,0.004317,0.202613,0.037024
29,204,123.332983,130.640818,16.864038,7.288360,1,-1,-1,-1,0.003911,0.004190,0.252722,0.056934
30,238,169.055313,44.356385,16.978465,19.663137,1,-1,-1,-1,0.374225,0.180602,7.595460,1.090555
30,232,56.509045,233.344306,14.287731,18.826455,1,-1,-1,-1,0.616800,0.558919,7.205933,1.778624
30,210,68.823381,188.515252,14.106299,17.672248,1,-1,-1,-1,0.107469,0.069512,1.521028,0.600791
30,208,76.539535,155.873756,15.525808,19.886951,1,-1,-1,-1,0.114870,0.075422,1.833571,0.884451
30,205,159.734888,153.908193,19.328407,17.050585,1,-1,-1,-1,0.003721,0.004232,0.200390,0.036664
30,204,123.330591,130.650520,16.858850,7.298881,1,-1,-1,-1,0.003236,0.002840,0.217561,0.048930
31,232,47.275383,200.586274,15.184277,18.710176,1,-1,-1,-1,0.929660,0.765446,8.292260,2.422746
31,210,61.629137,167.280930,14.771189,16.957270,1,-1,-1,-1,0.223168,0.152772,1.721894,0.958192
31,208,78.433934,147.241727,16.967143,19.454651,1,-1,-1,-1,0.163435,0.099450,1.980109,1.025110
31,205,160.700553,159.183381,18.448241,18.534503,1,-1,-1,-1,0.003575,0.004107,0.198605,0.036311
31,204,123.315222,130.641835,16.909461,7.306386,1,-1,-1,-1,0.005273,0.005113,0.280069,0.064358
32,246,191.087315,130.846859,21.552169,26.077459,1,-1,-1,-1,1.310836,0.321130,4.467355,0.324648
32,210,63.299795,167.672344,17.584388,16.292034,1,-1,-1,-1,0.144870,0.104761,1.612174,0.529726
32,208,80.657616,138.890057,19.657654,17.713977,1,-1,-1,-1,0.105896,0.074005,1.242230,0.327470
32,205,161.025768,166.530083,16.794394,19.710009,1,-1,-1,-1,0.003505,0.004066,0.195197,0.035616
32,204,123.326960,130.649347,16.866168,7.311226,1,-1,-1,-1,0.004496,0.004629,0.269962,0.061455
33,251,36.171229,165.717187,19.506937,15.165539,1,-1,-1,-1,0.125100,0.083183,2.187931,0.422078
33,249,59.792426,140.893751,18.222164,14.613465,1,-1,-1,-1,0.206492,0.149512,3.213208,0.627119
33,246,198.209255,143.552793,18.405407,26.853801,1,-1,-1,-1,1.274961,0.310420,3.945501,0.237505
33,210,63.405508,155.485041,18.324322,14.699305,1,-1,-1,-1,0.122337,0.085179,1.332731,0.492416
33,208,84.542003,130.554348,20.419401,17.110884,1,-1,-1,-1,0.174908,0.093239,1.603703,0.790509
33,205,160.574119,172.922709,14.644103,20.217489,1,-1,-1,-1,0.003647,0.004148,0.200054,0.036662
33,204,123.336755,130.648496,16.836514,7.293061,1,-1,-1,-1,0.002678,0.002571,0.205469,0.045773
34,251,36.537891,155.194123,19.513249,14.223953,1,-1,-1,-1,0.230837,0.139944,3.150880,0.671229
34,249,62.072599,133.394644,19.612800,13.794791,1,-1,-1,-1,0.179992,0.138163,2.677592,0.516081
34,246,203.888451,153.442435,15.358957,27.165601,1,-1,-1,-1,1.255234,0.324032,3.328231,0.149728
34,238,232.811618,93.514446,17.088866,12.810863,1,-1,-1,-1,0.239208,0.219801,2.016182,0.790548
34,210,66.061319,147.249699,18.099930,13.066372,1,-1,-1,-1,0.144680,0.121554,1.239392,0.545893
34,208,89.055084,125.454303,21.461859,14.700806,1,-1,-1,-1,0.088059,0.063611,1.002308,0.255630
34,205,161.381910,176.953937,12.947502,20.147541,1,-1,-1,-1,0.003540,0.004107,0.196812,0.035962
34,204,123.348907,130.649626,16.822157,7.290751,1,-1,-1,-1,0.002900,0.002702,0.208858,0.047074
35,251,38.421667,146.948928,19.395872,13.487232,1,-1,-1,-1,0.212690,0.125824,3.618124,0.804905
35,249,67.586945,125.822427,17.728571,11.863563,1,-1,-1,-1,0.475873,0.183812,2.776859,0.930780
35,246,207.356034,161.102493,13.191034,26.263783,1,-1,-1,-1,1.013695,0.273249,3.028644,0.240571
35,238,240.276177,104.963961,16.632849,11.456088,1,-1,-1,-1,0.224699,0.237500,1.777096,0.756516
35,210,68.377813,141.413180,18.094695,11.982085,1,-1,-1,-1,0.177335,0.163443,1.375496,0.603537
35,208,94.082431,121.958445,21.080857,13.538804,1,-1,-1,-1,0.102407,0.074537,1.094612,0.328487
35,205,161.864894,180.866471,11.313197,19.874594,1,-1,-1,-1,0.003436,0.004026,0.195042,0.035616
35,204,123.350869,130.650970,16.808292,7.307994,1,-1,-1,-1,0.003334,0.003755,0.240223,0.053788
36,251,41.671760,140.291947,19.284556,11.864196,1,-1,-1,-1,0.141912,0.089454,2.533060,0.582801
36,249,71.626763,122.232903,18.080896,10.722188,1,-1,-1,-1,0.262214,0.188236,2.913124,0.702869
36,246,210.949922,168.421883,10.800306,26.056929,1,-1,-1,-1,1.213489,0.382879,2.722291,0.037966
36,238,245.937422,114.163374,16.433545,10.291586,1,-1,-1,-1,0.237263,0.149750,1.719002,0.741790
36,210,71.146134,137.388901,18.297537,10.816253,1,-1,-1,-1,0.126061,0.087925,1.342458,0.534855
36,208,98.636318,119.765894,20.767594,11.944850,1,-1,-1,-1,0.079846,0.064762,0.977652,0.257770
36,205,162.648630,183.704228,9.982619,19.497822,1,-1,-1,-1,0.003721,0.004232,0.199942,0.036662
36,204,123.348204,130.638656,16.813590,7.282810,1,-1,-1,-1,0.002787,0.002596,0.206301,0.046199
37,251,26.666591,129.157752,19.285599,11.507114,1,-1,-1,-1,0.478706,0.126294,2.613075,0.532528
37,249,73.867932,121.299745,19.483845,10.188424,1,-1,-1,-1,0.144503,0.100199,1.683722,0.349933
37,210,74.428886,135.189432,18.100952,9.993654,1,-1,-1,-1,0.152599,0.109075,1.385907,0.583656
37,208,102.024485,118.198978,19.705715,11.083416,1,-1,-1,-1,0.119414,0.084940,1.168025,0.398244
37,205,164.791050,184.607636,9.386525,19.204488,1,-1,-1,-1,0.003611,0.004148,0.198373,0.035962
37,204,123.350946,130.640505,16.818077,7.288958,1,-1,-1,-1,0.003236,0.002869,0.219416,0.049375
38,249,80.186113,119.384361,16.660641,8.774344,1,-1,-1,-1,0.235649,0.075778,1.213021,0.484526
38,210,77.148467,133.496582,18.020004,9.610711,1,-1,-1,-1,0.256116,0.193650,1.746446,0.799861
38,208,106.491087,117.993401,20.052776,10.199206,1,-1,-1,-1,0.156544,0.053573,1.155465,0.420092
38,205,166.671656,185.491521,8.907632,19.004635,1,-1,-1,-1,0.003647,0.004148,0.199973,0.036662
38,204,123.367658,130.639475,16.784685,7.291044,1,-1,-1,-1,0.003990,0.004232,0.258507,0.059132
39,269,51.005446,135.001543,18.928912,9.233657,1,-1,-1,-1,0.152153,0.083267,2.541492,0.460841
39,267,225.788875,124.839705,19.204117,8.640947,1,-1,-1,-1,0.003996,0.003437,0.185765,0.024379
39,210,80.502686,132.447422,17.273348,9.200957,1,-1,-1,-1,0.256436,0.216907,1.757409,0.847038
39,208,109.415426,117.530346,19.950163,9.683204,1,-1,-1,-1,0.120262,0.045898,1.100624,0.370666
39,205,168.327803,186.358071,8.487488,18.839849,1,-1,-1,-1,0.003647,0.004148,0.199989,0.036663
39,204,123.361170,130.640664,16.787696,7.298630,1,-1,-1,-1,0.003911,0.004148,0.256015,0.058607
40,271,256.786490,126.292256,15.450209,8.208563,1,-1,-1,-1,0.294085,0.304477,3.147578,0.856142
40,269,53.158209,133.353758,18.762519,8.671761,1,-1,-1,-1,0.105529,0.055864,1.609030,0.343640
40,267,228.251318,126.860700,19.070610,8.259377,1,-1,-1,-1,0.004115,0.003470,0.182155,0.025103
40,210,82.756926,131.702180,17.107943,9.074038,1,-1,-1,-1,0.313115,0.265178,1.989815,1.000198
40,208,111.660227,116.454386,20.126259,8.915141,1,-1,-1,-1,0.116662,0.084820,1.085988,0.265685
40,205,169.781789,187.201632,8.111102,18.681798,1,-1,-1,-1,0.003834,0.004274,0.201646,0.037019
40,204,123.352296,130.640638,16.815366,7.298723,1,-1,-1,-1,0.004321,0.004492,0.268423,0.061436
41,272,217.683261,176.823934,11.307361,24.897030,1,-1,-1,-1,1.236495,0.318428,4.263251,0.468203
41,271,259.020029,128.534571,15.634785,7.946049,1,-1,-1,-1,0.183053,0.152084,2.277147,0.641467
41,269,59.741027,119.522740,19.308625,8.305443,1,-1,-1,-1,0.285117,0.108675,2.002828,0.334214
41,267,230.404238,128.712419,18.935891,7.926505,1,-1,-1,-1,0.004155,0.003504,0.181062,0.024859
41,210,85.403527,130.562459,16.466563,8.662496,1,-1,-1,-1,0.423965,0.330857,2.101909,1.103132
41,208,114.634254,116.821338,19.637172,8.855508,1,-1,-1,-1,0.131110,0.094180,1.222293,0.399034
41,205,171.038839,188.020858,7.808868,18.551454,1,-1,-1,-1,0.003575,0.004107,0.196652,0.035963
41,204,123.342744,130.661356,16.834513,7.317140,1,-1,-1,-1,0.002988,0.002729,0.213974,0.047558
42,278,87.413245,117.426759,19.064214,9.030634,1,-1,-1,-1,0.162636,0.126271,2.687658,0.478530
42,271,260.972003,130.917843,15.318664,7.759488,1,-1,-1,-1,0.222588,0.215623,2.061372,0.712390
42,269,62.747116,117.053807,18.876853,8.143713,1,-1,-1,-1,0.123123,0.045351,1.489383,0.336136
42,267,232.254823,130.452875,18.824835,7.615685,1,-1,-1,-1,0.003471,0.003108,0.165668,0.022991
42,210,87.199918,130.020931,16.094097,8.270173,1,-1,-1,-1,0.321964,0.297517,2.003823,0.965843
42,208,116.516947,116.522980,19.634431,8.533052,1,-1,-1,-1,0.159525,0.110132,1.294428,0.411397
42,205,171.842395,188.956454,8.043320,18.557536,1,-1,-1,-1,0.003505,0.004066,0.194849,0.035616
42,204,123.340435,130.660206,16.839130,7.319601,1,-1,-1,-1,0.002731,0.002596,0.207120,0.046187
43,278,91.997666,116.428478,16.114534,7.888437,1,-1,-1,-1,0.133581,0.039413,1.348893,0.368965
43,271,263.950231,131.476359,17.200165,8.083963,1,-1,-1,-1,0.276144,0.077264,1.740343,0.318077
43,269,64.110310,116.907594,19.037756,7.938101,1,-1,-1,-1,0.120050,0.050717,1.291754,0.208181
43,267,233.834455,130.696754,18.756783,7.555336,1,-1,-1,-1,0.003873,0.003366,0.173437,0.024378
43,210,87.130172,131.294213,17.965710,8.541421,1,-1,-1,-1,0.079252,0.030728,1.015425,0.196820
43,208,118.178314,116.463320,19.423687,8.294451,1,-1,-1,-1,0.117058,0.085207,1.186108,0.356583
43,205,173.232014,189.056004,8.111075,18.603442,1,-1,-1,-1,0.003505,0.004066,0.196426,0.035616
43,204,123.367021,130.659247,16.785958,7.321518,1,-1,-1,-1,0.002328,0.002350,0.196753,0.043191
44,281,104.706922,-84.321023,20.284014,8.579416,1,-1,-1,-1,0.227407,0.144702,3.040707,0.374426
44,278,91.399585,117.217878,17.590038,8.370597,1,-1,-1,-1,0.219235,0.158763,2.132207,0.564569
44,271,263.469794,131.510948,16.246429,7.924552,1,-1,-1,-1,0.155544,0.145608,1.510426,0.533353
44,269,65.622788,116.957123,19.161126,8.020720,1,-1,-1,-1,0.246492,0.090221,1.582809,0.282016
44,267,235.164972,130.776707,18.755767,7.544407,1,-1,-1,-1,0.003576,0.003202,0.166922,0.023216
44,210,89.566927,130.245037,17.175855,8.312155,1,-1,-1,-1,0.214863,0.194387,1.384190,0.634378
44,208,120.003992,116.666091,19.032706,8.298319,1,-1,-1,-1,0.076977,0.055659,0.931653,0.260911
44,205,174.509178,189.079062,8.128087,18.616541,1,-1,-1,-1,0.003505,0.004066,0.196447,0.035616
44,204,123.367461,130.648593,16.775109,7.302932,1,-1,-1,-1,0.003334,0.002926,0.222513,0.050798
45,282,195.271401,-124.250505,8.080181,15.350411,1,-1,-1,-1,0.006197,0.004073,0.198625,0.060869
45,281,100.083658,-84.742891,20.542528,8.571865,1,-1,-1,-1,0.154334,0.118012,1.840719,0.142370
45,278,92.402327,116.935300,19.050278,8.541434,1,-1,-1,-1,0.187648,0.135982,1.884271,0.415390
45,272,222.221055,179.270677,12.092810,25.764295,1,-1,-1,-1,1.036326,0.278569,2.953550,0.295589
45,271,264.653571,131.432000,15.651716,7.843380,1,-1,-1,-1,0.124558,0.074552,1.075015,0.428421
45,269,66.432315,117.014854,19.591455,8.064147,1,-1,-1,-1,0.182682,0.066273,1.359704,0.188443
45,267,236.293949,130.775983,18.768620,7.545423,1,-1,-1,-1,0.003835,0.003332,0.170739,0.023906
45,210,89.529232,131.320990,17.760617,8.473976,1,-1,-1,-1,0.127611,0.041470,1.072539,0.237620
45,208,121.341160,116.816150,18.765737,8.472080,1,-1,-1,-1,0.083514,0.059974,0.952682,0.273923
45,205,175.638795,189.086682,8.130128,18.620325,1,-1,-1,-1,0.003575,0.004148,0.196428,0.035961
45,204,123.378792,130.649587,16.762377,7.300828,1,-1,-1,-1,0.004030,0.004232,0.260425,0.059698
46,282,196.191823,-120.400331,8.079966,15.359353,1,-1,-1,-1,0.006705,0.004278,0.197932,0.062025
46,281,96.270980,-84.509409,19.972418,8.588585,1,-1,-1,-1,0.154250,0.122177,1.838424,0.365730
46,278,94.117119,117.257788,19.392971,8.895970,1,-1,-1,-1,0.209926,0.154636,2.182162,0.558728
46,272,223.111849,179.944293,12.255306,25.951920,1,-1,-1,-1,1.012280,0.302601,2.408335,0.056443
46,271,265.949603,131.590273,15.790839,7.863821,1,-1,-1,-1,0.140658,0.108545,1.241271,0.517138
46,269,67.701601,116.945747,19.686864,7.994921,1,-1,-1,-1,0.121092,0.050645,1.174369,0.142590
46,267,237.279935,130.783970,18.756804,7.548404,1,-1,-1,-1,0.003834,0.003332,0.171913,0.024141
46,210,92.365314,130.467326,16.566519,8.109225,1,-1,-1,-1,0.139712,0.113622,1.108043,0.492763
46,208,122.484819,116.782962,18.603231,8.536051,1,-1,-1,-1,0.129496,0.090592,1.188364,0.391666
46,205,176.619232,189.085737,8.130430,18.620986,1,-1,-1,-1,0.003611,0.004148,0.198066,0.036310
46,204,123.404888,130.638057,16.700250,7.283981,1,-1,-1,-1,0.002787,0.002596,0.211849,0.048471
47,282,197.001043,-116.480512,8.053123,15.389037,1,-1,-1,-1,0.008853,0.005710,0.275083,0.083581
47,281,91.418556,-84.406615,21.213669,8.520716,1,-1,-1,-1,0.112245,0.097306,1.038966,0.013435
47,278,96.390126,116.646610,16.530674,8.202657,1,-1,-1,-1,0.230246,0.092601,1.653947,0.572511
47,272,224.028952,180.010407,12.265557,26.111643,1,-1,-1,-1,1.076279,0.335660,2.297116,0.050829
47,271,266.463402,131.362544,15.291941,7.737205,1,-1,-1,-1,0.170884,0.123526,1.239155,0.556194
47,269,68.280999,117.039539,19.731458,8.041907,1,-1,-1,-1,0.087178,0.042961,0.983619,0.133433
47,267,238.087961,130.782534,18.780714,7.550369,1,-1,-1,-1,0.003684,0.003234,0.167185,0.023907
47,210,92.814987,130.713802,16.516070,8.066833,1,-1,-1,-1,0.158297,0.107341,1.258320,0.539033
47,208,123.729931,116.719664,18.134441,8.516630,1,-1,-1,-1,0.155362,0.105193,1.416872,0.496165
47,205,177.439786,189.085096,8.130473,18.621083,1,-1,-1,-1,0.003611,0.004148,0.199760,0.036311
47,204,123.402439,130.651194,16.715093,7.297505,1,-1,-1,-1,0.003048,0.002702,0.219314,0.049852
48,285,39.346878,117.213773,18.069723,8.097880,1,-1,-1,-1,0.356884,0.092403,3.433129,0.609408
48,282,197.633234,-112.562345,8.069162,15.343693,1,-1,-1,-1,0.007933,0.004678,0.242052,0.070823
48,281,88.032418,-84.831639,20.690961,8.480130,1,-1,-1,-1,0.245480,0.227008,1.962255,0.243106
48,278,97.501303,116.600223,15.707979,7.980779,1,-1,-1,-1,0.220577,0.104797,1.929772,0.691329
48,272,224.683504,179.229487,12.305685,25.978272,1,-1,-1,-1,0.718637,0.193745,2.019705,0.167945
48,271,267.415991,131.511910,15.183658,7.693152,1,-1,-1,-1,0.190066,0.193580,1.426340,0.695842
48,269,68.431224,117.048451,19.839876,8.102147,1,-1,-1,-1,0.127656,0.050555,1.008183,0.149375
48,267,238.784969,130.781165,18.776848,7.552554,1,-1,-1,-1,0.003758,0.003299,0.168303,0.023907
48,210,92.789501,131.136624,17.345203,8.103096,1,-1,-1,-1,0.153151,0.045551,1.069159,0.254016
48,208,123.784229,116.964057,18.765031,8.539482,1,-1,-1,-1,0.100142,0.070624,1.108612,0.297660
48,205,178.140333,189.095102,8.130194,18.630090,1,-1,-1,-1,0.003758,0.004232,0.199789,0.036663
48,204,123.400033,130.650116,16.709959,7.299768,1,-1,-1,-1,0.002731,0.002520,0.210627,0.047534
49,285,40.242204,117.256810,17.643019,8.073281,1,-1,-1,-1,0.491460,0.133663,4.243210,0.830510
49,282,198.153018,-108.569930,8.078783,15.348486,1,-1,-1,-1,0.006248,0.004068,0.187761,0.059761
49,281,85.404805,-85.189779,19.934779,8.287138,1,-1,-1,-1,0.175269,0.129875,1.827602,0.283877
49,278,96.595978,117.066994,17.668399,8.237911,1,-1,-1,-1,0.214225,0.174425,2.002349,0.515178
49,272,225.585680,179.104947,11.985775,26.291914,1,-1,-1,-1,0.977386,0.316714,2.219663,0.094918
49,271,268.340815,131.335618,15.230881,7.585815,1,-1,-1,-1,0.219942,0.185375,1.554647,0.802113
49,269,68.638934,117.058694,20.229856,8.108479,1,-1,-1,-1,0.195079,0.071835,1.133988,0.138318
49,267,239.363790,130.780290,18.789227,7.553701,1,-1,-1,-1,0.003796,0.003266,0.168116,0.024141
49,210,93.093409,131.294996,17.567460,8.305647,1,-1,-1,-1,0.266547,0.067142,1.238466,0.340639
49,208,124.802119,116.862669,18.322404,8.530961,1,-1,-1,-1,0.114356,0.078874,1.187459,0.369636
49,205,178.730489,189.093986,8.130402,18.630910,1,-1,-1,-1,0.003402,0.003986,0.194802,0.035275
49,204,123.409019,130.649785,16.691961,7.300431,1,-1,-1,-1,0.003048,0.002702,0.219233,0.049850
50,285,40.361337,117.140499,18.723462,8.017391,1,-1,-1,-1,0.597463,0.169586,3.756056,0.442036
50,282,198.602257,-104.521732,8.071226,15.341793,1,-1,-1,-1,0.007324,0.004539,0.233874,0.069411
50,281,82.955457,-84.923993,19.036873,8.318914,1,-1,-1,-1,0.275751,0.196181,2.272392,0.629147
50,272,226.172694,179.674979,12.035433,26.137688,1,-1,-1,-1,1.105496,0.369187,2.438750,0.125916
50,271,268.678484,131.153536,15.581262,7.558210,1,-1,-1,-1,0.157368,0.117478,1.423923,0.594399
50,269,69.519914,117.026395,19.646733,8.127720,1,-1,-1,-1,0.165405,0.067317,1.271892,0.293003
50,267,239.871020,130.779181,18.764755,7.555521,1,-1,-1,-1,0.003872,0.003332,0.170875,0.024617
50,210,94.087289,130.985715,17.089332,8.322412,1,-1,-1,-1,0.222972,0.061742,1.127696,0.336542
50,208,125.085882,116.969315,18.439519,8.493902,1,-1,-1,-1,0.095341,0.073220,1.103545,0.315937
50,205,179.220622,189.083202,8.130716,18.621987,1,-1,-1,-1,0.003575,0.004107,0.196299,0.035961
50,204,123.381937,130.650486,16.716218,7.299030,1,-1,-1,-1,0.003505,0.003869,0.249974,0.056405
51,282,198.952818,-100.449511,8.078795,15.357628,1,-1,-1,-1,0.005380,0.003718,0.178210,0.056998
51,272,226.696438,179.752011,11.975777,26.079374,1,-1,-1,-1,1.146886,0.366592,2.604725,0.226578
51,271,269.055907,131.404990,15.520926,7.620729,1,-1,-1,-1,0.267889,0.259352,1.751380,0.858276
51,269,70.348067,116.937503,19.711684,8.069222,1,-1,-1,-1,0.287841,0.095914,1.511733,0.277582
51,267,240.270629,130.778648,18.775164,7.556066,1,-1,-1,-1,0.003721,0.003234,0.167839,0.023675
51,210,94.250267,131.265730,17.139884,8.452358,1,-1,-1,-1,0.283179,0.073832,1.230708,0.383571
51,208,125.832201,116.916946,18.193120,8.452800,1,-1,-1,-1,0.111236,0.084204,1.217352,0.387299
51,205,179.631029,189.093609,8.130212,18.630154,1,-1,-1,-1,0.003540,0.004107,0.194681,0.035616
51,204,123.398579,130.649361,16.702781,7.291303,1,-1,-1,-1,0.002900,0.002649,0.215018,0.048464
52,282,199.254224,-96.319643,8.079221,15.377028,1,-1,-1,-1,0.009479,0.005269,0.255792,0.078319
52,272,226.913939,179.180881,12.048512,25.845619,1,-1,-1,-1,0.992772,0.276841,2.415894,0.215786
52,271,269.377684,131.376785,15.752746,7.659015,1,-1,-1,-1,0.127181,0.097185,1.290470,0.529673
52,269,70.746243,117.025395,19.457881,8.094055,1,-1,-1,-1,0.183797,0.070639,1.384374,0.313129
52,267,240.599305,130.777981,18.787479,7.557015,1,-1,-1,-1,0.003648,0.003201,0.166198,0.023906
52,210,94.869091,130.965923,17.053408,8.448245,1,-1,-1,-1,0.394648,0.097624,1.337004,0.439476
52,208,125.454495,116.997157,18.737139,8.518945,1,-1,-1,-1,0.065557,0.053062,0.890967,0.239443
52,205,179.960495,189.091799,8.121635,18.623288,1,-1,-1,-1,0.003575,0.004148,0.196267,0.035961
52,204,123.366009,130.652288,16.758010,7.305351,1,-1,-1,-1,0.003575,0.003947,0.249752,0.056937
53,282,199.472228,-92.183211,8.072057,15.354601,1,-1,-1,-1,0.007619,0.005217,0.254195,0.078434
53,272,227.294312,178.860296,11.951177,25.842868,1,-1,-1,-1,1.016961,0.320194,2.490111,0.265455
53,271,269.609866,131.287616,15.625174,7.654709,1,-1,-1,-1,0.349530,0.356545,1.801133,0.913947
53,269,70.314805,116.991361,19.596145,8.051081,1,-1,-1,-1,0.164989,0.066646,1.256117,0.216503
53,267,240.887702,130.777333,18.780557,7.558057,1,-1,-1,-1,0.003758,0.003266,0.168957,0.024378
53,210,95.299597,131.165350,16.892173,8.506331,1,-1,-1,-1,0.357784,0.086733,1.277309,0.406022
53,208,125.738282,117.004211,18.886747,8.521784,1,-1,-1,-1,0.066018,0.052987,0.829417,0.230833
53,205,180.241580,189.093495,8.129347,18.628927,1,-1,-1,-1,0.003402,0.003986,0.193021,0.035274
53,204,123.361503,130.660531,16.776963,7.308895,1,-1,-1,-1,0.002787,0.002571,0.211423,0.046649
54,285,42.102709,116.984065,18.882573,8.067159,1,-1,-1,-1,0.482532,0.141242,2.860051,0.533413
54,283,66.864168,131.497808,17.479501,8.791223,1,-1,-1,-1,0.309485,0.190870,3.421714,0.841491
54,282,199.662586,-88.022650,8.053191,15.352956,1,-1,-1,-1,0.010261,0.006365,0.277253,0.090068
54,272,227.618463,178.163089,11.914418,25.293453,1,-1,-1,-1,0.980473,0.272415,2.537168,0.564843
54,271,269.780952,131.207665,15.459407,7.593490,1,-1,-1,-1,0.169204,0.149201,1.445015,0.656834
54,269,71.244716,117.095772,19.551692,8.126763,1,-1,-1,-1,0.197286,0.073202,1.311791,0.307022
54,267,241.108085,130.777405,18.789587,7.567605,1,-1,-1,-1,0.003758,0.003266,0.168912,0.024617
54,210,95.547149,131.228162,16.794828,8.450177,1,-1,-1,-1,0.264489,0.066041,1.141765,0.356238
54,208,126.289034,116.886441,18.597977,8.465721,1,-1,-1,-1,0.083450,0.064075,0.948716,0.287617
54,205,180.471144,189.092054,8.130534,18.621593,1,-1,-1,-1,0.003684,0.004190,0.199513,0.036661
54,204,123.361474,130.660761,16.787026,7.318461,1,-1,-1,-1,0.002759,0.002571,0.206821,0.046628
55,289,100.201876,116.553108,15.118454,7.239427,1,-1,-1,-1,0.231716,0.063876,2.447684,0.588010
55,285,42.382012,117.004509,18.104233,7.964401,1,-1,-1,-1,0.382592,0.114144,2.495033,0.668546
55,282,199.805907,-83.831796,8.050375,15.350405,1,-1,-1,-1,0.015391,0.008407,0.322695,0.108128
55,272,227.626316,179.724040,12.079793,25.567033,1,-1,-1,-1,1.113589,0.366575,2.357880,0.072276
55,271,269.945796,131.543895,15.310715,7.782906,1,-1,-1,-1,0.172015,0.167050,1.320075,0.623622
55,269,71.396007,117.058808,19.435965,8.093177,1,-1,-1,-1,0.224826,0.071862,1.388170,0.298441
55,267,241.294651,130.785841,18.785882,7.560427,1,-1,-1,-1,0.003576,0.003170,0.164488,0.023444
55,210,95.168303,131.400648,17.195863,8.631735,1,-1,-1,-1,0.392916,0.098460,1.393371,0.439647
55,208,126.038418,117.059265,18.928022,8.541576,1,-1,-1,-1,0.079747,0.056674,0.879102,0.242129
55,205,180.661139,189.092010,8.130432,18.621001,1,-1,-1,-1,0.003540,0.004107,0.198013,0.035617
55,204,123.359735,130.659990,16.780557,7.320030,1,-1,-1,-1,0.003048,0.002729,0.213651,0.048443
56,289,100.443423,116.499138,15.040939,7.281691,1,-1,-1,-1,0.195755,0.054215,1.847164,0.498303
56,285,42.633604,116.793589,17.339775,7.734136,1,-1,-1,-1,0.395759,0.115867,2.247501,0.779321
56,282,199.906151,-79.600162,8.066894,15.347428,1,-1,-1,-1,0.012142,0.007101,0.300202,0.098019
56,272,227.792407,179.293276,11.952204,25.848916,1,-1,-1,-1,1.081584,0.335050,2.318497,0.106983
56,271,269.956929,131.410856,15.244733,7.760193,1,-1,-1,-1,0.153506,0.161621,1.294334,0.653674
56,267,241.455015,130.786023,18.784995,7.559940,1,-1,-1,-1,0.003721,0.003266,0.168648,0.024141
56,210,95.255637,131.047470,17.443168,8.576395,1,-1,-1,-1,0.400825,0.100551,1.486734,0.444982
56,208,126.500978,116.977795,18.721506,8.542912,1,-1,-1,-1,0.085892,0.065311,0.951493,0.275163
56,205,180.820647,189.091088,8.121357,18.622323,1,-1,-1,-1,0.003505,0.004066,0.194662,0.035616
56,204,123.351037,130.660264,16.797924,7.319481,1,-1,-1,-1,0.002900,0.002675,0.210331,0.047531
57,289,99.072542,117.076508,17.116265,7.986555,1,-1,-1,-1,0.302550,0.242754,2.714265,0.632379
57,285,42.514725,116.890524,17.695532,7.699137,1,-1,-1,-1,0.263057,0.088664,1.970517,0.435688
57,282,199.982598,-75.400835,8.060655,15.350214,1,-1,-1,-1,0.007927,0.004675,0.239833,0.072222
57,272,227.731779,179.982422,12.168217,25.787250,1,-1,-1,-1,1.001903,0.300542,2.070682,0.075712
57,271,269.835638,131.432225,15.083268,7.779880,1,-1,-1,-1,0.321333,0.331515,1.611782,0.899832
57,267,241.574928,130.775923,18.785391,7.560096,1,-1,-1,-1,0.004070,0.003433,0.173081,0.025102
57,210,96.233376,130.885391,16.984127,8.356948,1,-1,-1,-1,0.234415,0.060109,1.158068,0.342755
57,208,126.460502,116.988184,18.953573,8.501924,1,-1,-1,-1,0.090844,0.064728,0.949058,0.274590
57,205,180.941236,189.091983,8.120228,18.630148,1,-1,-1,-1,0.003611,0.004148,0.196204,0.035961
57,204,123.341590,130.660811,16.806848,7.328356,1,-1,-1,-1,0.003368,0.003755,0.239640,0.053789
58,289,98.191695,117.056992,18.210879,8.529633,1,-1,-1,-1,0.332576,0.274381,3.255413,0.706663
58,285,43.202141,116.944328,17.058022,7.844736,1,-1,-1,-1,0.434492,0.124101,2.256713,0.767433
58,283,68.975046,133.556829,14.191786,10.303813,1,-1,-1,-1,0.092152,0.051385,3.226788,0.697053
58,282,200.022376,-71.161936,8.069619,15.322437,1,-1,-1,-1,0.006122,0.004448,0.229783,0.070774
58,272,227.995768,179.093288,11.949528,25.806954,1,-1,-1,-1,0.857032,0.243627,2.045798,0.237157
58,271,270.191585,131.182024,15.320751,7.652267,1,-1,-1,-1,0.154256,0.151515,1.317565,0.638102
58,267,241.674995,130.775964,18.804404,7.569651,1,-1,-1,-1,0.003721,0.003266,0.167234,0.023907
58,210,97.131023,130.963042,16.456140,8.344045,1,-1,-1,-1,0.290563,0.230181,1.538292,0.815239
58,208,127.295123,116.845460,18.267846,8.407097,1,-1,-1,-1,0.120622,0.088965,1.206384,0.422190
58,205,181.041471,189.091760,8.129624,18.620278,1,-1,-1,-1,0.003647,0.004148,0.199553,0.036310
58,204,123.340279,130.660136,16.809437,7.329740,1,-1,-1,-1,0.003470,0.003830,0.246650,0.055358
59,289,100.078662,116.503096,15.936699,8.075880,1,-1,-1,-1,0.230993,0.108544,2.220155,0.678962
59,282,200.062632,-66.878486,8.059653,15.365012,1,-1,-1,-1,0.007468,0.004538,0.233053,0.070110
59,272,228.052506,179.715712,11.931710,25.886105,1,-1,-1,-1,0.977230,0.310040,1.924838,0.060788
59,271,270.141600,131.125773,15.076076,7.675014,1,-1,-1,-1,0.146524,0.103816,1.065998,0.520727
59,269,71.593443,117.161471,19.396376,8.194167,1,-1,-1,-1,0.179601,0.066027,1.374161,0.372692
59,267,241.752065,130.774659,18.809874,7.562136,1,-1,-1,-1,0.003575,0.003201,0.164191,0.023444
59,210,96.107950,131.140257,17.046919,8.352933,1,-1,-1,-1,0.343051,0.089937,1.468247,0.434496
59,208,127.437696,117.054914,17.995812,8.393311,1,-1,-1,-1,0.098061,0.074654,1.173831,0.359949
59,205,181.131025,189.091331,8.130276,18.620671,1,-1,-1,-1,0.003505,0.004066,0.196313,0.035274
59,204,123.340590,130.650194,16.818784,7.329692,1,-1,-1,-1,0.003402,0.003792,0.242949,0.053809
60,289,98.073973,117.156468,17.856268,8.581254,1,-1,-1,-1,0.240846,0.169280,2.143377,0.517598
60,282,200.073333,-62.578639,8.058793,15.394982,1,-1,-1,-1,0.008582,0.005648,0.263200,0.084405
60,272,228.007341,180.131263,12.016257,25.842996,1,-1,-1,-1,1.073771,0.355119,1.920253,0.036693
60,271,270.425755,131.330192,15.073638,7.701343,1,-1,-1,-1,0.199959,0.203573,1.330195,0.711326
60,269,71.330524,117.161534,19.542942,8.177481,1,-1,-1,-1,0.227787,0.080348,1.398322,0.330933
60,267,241.832519,130.785036,18.798873,7.571162,1,-1,-1,-1,0.003834,0.003299,0.168390,0.024378
60,210,96.149239,131.066111,17.056216,8.461198,1,-1,-1,-1,0.317916,0.087494,1.381857,0.408541
60,208,126.526834,117.134936,18.759494,8.531087,1,-1,-1,-1,0.090087,0.063547,0.969472,0.256843
60,205,181.200471,189.090390,8.121322,18.622236,1,-1,-1,-1,0.003505,0.004066,0.196217,0.035961
60,204,123.348847,130.659369,16.812282,7.321243,1,-1,-1,-1,0.002625,0.002470,0.202479,0.044891
61,289,100.536607,116.475427,15.055804,8.349708,1,-1,-1,-1,0.250616,0.125506,1.961442,0.706863
61,282,200.100142,-58.324827,8.035162,15.368237,1,-1,-1,-1,0.009667,0.006116,0.270738,0.088471
61,272,228.067424,179.883349,11.975166,25.914900,1,-1,-1,-1,1.004055,0.313529,1.814115,0.038104
61,271,270.462865,131.339471,15.024032,7.597817,1,-1,-1,-1,0.177064,0.121767,1.201739,0.591896
61,269,71.457763,117.151338,19.583282,8.177544,1,-1,-1,-1,0.220024,0.078201,1.384545,0.323526
61,267,241.881253,130.774289,18.811021,7.562689,1,-1,-1,-1,0.003684,0.003233,0.165542,0.023907
61,210,96.403745,131.119315,16.967418,8.361960,1,-1,-1,-1,0.287702,0.074647,1.238510,0.369875
61,208,127.459764,116.890422,18.069912,8.432415,1,-1,-1,-1,0.111184,0.081073,1.159012,0.382012
61,205,181.251319,189.091575,8.129496,18.619605,1,-1,-1,-1,0.003540,0.004107,0.197857,0.035616
61,204,123.464197,130.688135,16.551710,7.373345,1,-1,-1,-1,0.003758,0.003947,0.265321,0.062555
62,289,99.083140,116.903613,17.520683,8.312067,1,-1,-1,-1,0.226321,0.171896,2.046687,0.560835
62,285,42.489873,116.714058,17.140000,7.578363,1,-1,-1,-1,0.449106,0.121249,2.750707,0.876483
62,282,200.063903,-54.039113,8.075731,15.357067,1,-1,-1,-1,0.006307,0.004148,0.186166,0.060383
62,272,227.963608,180.103856,12.121079,25.817883,1,-1,-1,-1,1.062468,0.347175,1.880626,0.044435
62,271,270.433198,131.446237,15.120608,7.637219,1,-1,-1,-1,0.218416,0.225460,1.377053,0.722571
62,269,71.344688,117.150997,19.666136,8.131854,1,-1,-1,-1,0.240833,0.083463,1.409630,0.265982
62,267,241.921245,130.784344,18.810931,7.562341,1,-1,-1,-1,0.003834,0.003332,0.169780,0.024141
62,210,96.163892,131.232228,17.102395,8.431202,1,-1,-1,-1,0.324862,0.084213,1.302062,0.391839
62,208,127.333245,116.950748,18.178578,8.341262,1,-1,-1,-1,0.102599,0.078194,1.143163,0.346826
62,205,181.300886,189.090983,8.130230,18.620552,1,-1,-1,-1,0.003611,0.004148,0.197892,0.036310
62,204,123.359557,130.660770,16.790809,7.318734,1,-1,-1,-1,0.002625,0.002495,0.204757,0.045775
63,289,98.789281,117.163601,18.437509,8.704413,1,-1,-1,-1,0.250950,0.203393,2.134137,0.547658
63,285,42.465250,116.731556,17.190379,7.564237,1,-1,-1,-1,0.494293,0.138406,2.625905,0.840377
63,282,200.042025,-49.719852,8.079262,15.368322,1,-1,-1,-1,0.006434,0.004148,0.185773,0.060294
63,272,228.072397,179.236009,12.044624,25.784312,1,-1,-1,-1,1.059133,0.313051,2.129535,0.266067
63,271,270.553460,131.170801,15.337419,7.706858,1,-1,-1,-1,0.100585,0.084214,0.985945,0.435447
63,269,71.279294,117.197369,19.799533,8.150597,1,-1,-1,-1,0.218539,0.073938,1.351829,0.237471
63,267,241.969830,130.783926,18.793340,7.563110,1,-1,-1,-1,0.003721,0.003233,0.168368,0.023674
63,210,95.954553,131.258569,17.240550,8.538872,1,-1,-1,-1,0.353306,0.094174,1.392136,0.419512
63,208,126.823442,117.157195,18.760868,8.499367,1,-1,-1,-1,0.107325,0.075307,1.066932,0.302810
63,205,181.330947,189.091253,8.130049,18.629758,1,-1,-1,-1,0.003611,0.004190,0.197884,0.036663
63,204,123.351111,130.660325,16.807780,7.319352,1,-1,-1,-1,0.002814,0.002596,0.208246,0.047074
64,293,66.834913,130.899141,17.758470,8.404257,1,-1,-1,-1,0.280588,0.163598,4.283998,0.693223
64,289,98.358219,116.839090,18.601129,8.817626,1,-1,-1,-1,0.286552,0.237392,2.471315,0.705632
64,285,43.066903,116.260692,16.848425,7.627053,1,-1,-1,-1,0.364196,0.099993,2.188896,0.819399
64,282,200.030039,-45.392648,8.054232,15.373458,1,-1,-1,-1,0.009108,0.005936,0.262359,0.085123
64,272,228.016131,180.040973,12.136031,25.833716,1,-1,-1,-1,0.925726,0.285072,1.826998,0.039876
64,271,270.311584,131.253273,15.015281,7.584805,1,-1,-1,-1,0.143072,0.118312,1.013116,0.544827
64,269,71.492202,117.161174,19.858866,8.184537,1,-1,-1,-1,0.158280,0.061768,1.176181,0.216121
64,267,242.000337,130.784048,18.782497,7.562846,1,-1,-1,-1,0.004193,0.003502,0.177198,0.025847
64,210,95.662171,131.186975,17.435864,8.571826,1,-1,-1,-1,0.368976,0.096888,1.477190,0.424963
64,208,127.034923,117.048778,18.696162,8.518340,1,-1,-1,-1,0.091832,0.068539,1.021330,0.284649
64,205,181.370101,189.089510,8.121558,18.623104,1,-1,-1,-1,0.003684,0.004190,0.199539,0.036663
64,204,123.340690,130.660191,16.818648,7.319619,1,-1,-1,-1,0.002843,0.002622,0.208339,0.046629
65,293,68.211625,131.300317,16.886203,8.393037,1,-1,-1,-1,0.333302,0.270467,4.339638,0.949135
65,285,43.244037,116.365129,17.039823,7.568593,1,-1,-1,-1,0.258486,0.080545,1.950019,0.696122
65,282,200.012278,-41.070666,8.050373,15.379393,1,-1,-1,-1,0.011784,0.007171,0.294481,0.097836
65,272,228.159272,179.259126,11.912868,26.044541,1,-1,-1,-1,0.997486,0.314631,1.959684,0.093978
65,271,270.863879,131.261941,15.408217,7.657305,1,-1,-1,-1,0.158382,0.112403,1.141446,0.535133
65,269,71.725525,117.236819,19.854031,8.233737,1,-1,-1,-1,0.221393,0.073836,1.269430,0.269645
65,267,242.020478,130.774061,18.791827,7.562782,1,-1,-1,-1,0.004070,0.003467,0.172853,0.025103
65,210,95.931799,131.188530,17.306040,8.631172,1,-1,-1,-1,0.292276,0.079751,1.345024,0.387697
65,208,126.636055,117.109844,18.992081,8.519878,1,-1,-1,-1,0.093438,0.066601,0.963499,0.270729
65,205,181.391071,189.091099,8.129516,18.619686,1,-1,-1,-1,0.003684,0.004190,0.199576,0.036663
65,204,123.341120,130.661067,16.807789,7.337802,1,-1,-1,-1,0.003301,0.003681,0.239448,0.053279
66,293,70.126923,133.127718,13.934004,9.549604,1,-1,-1,-1,0.211192,0.079974,4.247458,0.760140
66,285,43.115673,116.404376,17.053980,7.573679,1,-1,-1,-1,0.376117,0.095052,2.059475,0.637042
66,282,199.962592,-36.710268,8.058622,15.378751,1,-1,-1,-1,0.009018,0.005820,0.264809,0.085357
66,272,228.195279,179.055820,11.930984,25.851957,1,-1,-1,-1,1.151449,0.360611,2.263788,0.267148
66,271,270.972732,131.319853,15.523302,7.613774,1,-1,-1,-1,0.219572,0.124099,1.318890,0.638848
66,269,71.166091,117.178752,20.790612,8.046891,1,-1,-1,-1,0.210709,0.082660,1.153710,0.077102
66,267,242.039576,130.783723,18.783489,7.563255,1,-1,-1,-1,0.004152,0.003502,0.177223,0.025349
66,210,96.313738,130.934263,17.048202,8.503406,1,-1,-1,-1,0.302973,0.078188,1.257610,0.393284
66,208,127.015744,117.114779,18.731176,8.542975,1,-1,-1,-1,0.074036,0.058879,0.920163,0.261696
66,205,181.410652,189.090592,8.130215,18.620521,1,-1,-1,-1,0.003647,0.004190,0.199569,0.036663
66,204,123.348362,130.659010,16.803251,7.322029,1,-1,-1,-1,0.002497,0.002421,0.200636,0.044890
67,285,43.283041,116.417625,16.922492,7.569858,1,-1,-1,-1,0.452632,0.130767,2.282612,0.821441
67,282,199.957125,-32.418995,8.019708,15.317320,1,-1,-1,-1,0.011439,0.006823,0.278562,0.094335
67,272,228.189972,178.805123,11.906756,25.678466,1,-1,-1,-1,0.850441,0.243274,2.058263,0.231776
67,271,270.878659,131.251362,15.593143,7.602121,1,-1,-1,-1,0.195110,0.123121,1.355420,0.640455
67,269,71.058033,117.139176,21.077559,8.001355,1,-1,-1,-1,0.201657,0.091596,1.083380,0.043242
67,267,242.049650,130.783692,18.802766,7.563253,1,-1,-1,-1,0.003647,0.003201,0.166934,0.023907
67,210,96.447096,131.033209,16.905083,8.351284,1,-1,-1,-1,0.220227,0.056174,1.099045,0.334653
67,208,126.753003,117.096896,19.007592,8.593933,1,-1,-1,-1,0.067308,0.054541,0.842458,0.237320
67,205,181.430512,189.090408,8.130297,18.620681,1,-1,-1,-1,0.003505,0.004066,0.194600,0.035617
67,204,123.359132,130.659709,16.791711,7.320584,1,-1,-1,-1,0.002599,0.002470,0.202954,0.045307
68,289,97.601377,116.954174,19.254025,8.982848,1,-1,-1,-1,0.214573,0.204421,2.182833,0.582769
68,285,42.365891,116.820247,17.913898,7.548806,1,-1,-1,-1,0.274643,0.082211,1.842146,0.321654
68,282,199.883924,-28.025901,8.054482,15.370264,1,-1,-1,-1,0.006370,0.004107,0.187526,0.060974
68,272,228.232824,179.146033,11.840148,25.793459,1,-1,-1,-1,0.910461,0.286302,2.052693,0.161884
68,271,270.429444,131.158448,15.380379,7.596973,1,-1,-1,-1,0.247822,0.189200,1.463618,0.740529
68,269,71.111765,117.181662,20.730848,8.184526,1,-1,-1,-1,0.166556,0.066688,1.054078,0.117693
68,267,242.068925,130.783457,18.814005,7.563668,1,-1,-1,-1,0.003684,0.003233,0.165266,0.023907
68,210,96.003819,131.176373,17.173212,8.487263,1,-1,-1,-1,0.274159,0.078797,1.273933,0.386154
68,208,126.781185,117.086842,19.011573,8.624410,1,-1,-1,-1,0.074614,0.059404,0.869359,0.248132
68,205,181.440492,189.090332,8.130314,18.620718,1,-1,-1,-1,0.003611,0.004148,0.199415,0.035961
68,204,123.342648,130.660983,16.824705,7.328012,1,-1,-1,-1,0.002651,0.002495,0.203012,0.045743
69,289,99.796572,116.227270,16.965863,8.354528,1,-1,-1,-1,0.219937,0.100482,1.799038,0.662305
69,285,42.628537,116.422988,17.631711,7.607254,1,-1,-1,-1,0.485444,0.136507,2.199738,0.690920
69,282,199.840835,-23.660601,8.059686,15.360435,1,-1,-1,-1,0.004452,0.003299,0.164400,0.052811
69,272,228.212932,178.818168,11.873474,25.578676,1,-1,-1,-1,0.907678,0.279281,2.121960,0.298960
69,271,270.701133,131.367243,15.364958,7.683162,1,-1,-1,-1,0.305417,0.299434,1.662444,0.881506
69,269,71.368809,117.294401,20.408943,8.320807,1,-1,-1,-1,0.218006,0.074552,1.170052,0.220878
69,267,242.078162,130.783195,18.815383,7.564126,1,-1,-1,-1,0.003540,0.003170,0.165207,0.023444
69,210,95.875270,131.379664,17.332366,8.658511,1,-1,-1,-1,0.287997,0.078183,1.329120,0.393160
69,208,126.689851,117.061876,19.113121,8.674808,1,-1,-1,-1,0.094179,0.065941,0.946768,0.273315
69,205,181.459914,189.089532,8.121290,18.622163,1,-1,-1,-1,0.003540,0.004066,0.197876,0.035962
69,204,123.349835,130.660023,16.820307,7.329957,1,-1,-1,-1,0.002759,0.002571,0.206417,0.045744
70,289,101.197229,116.486630,14.843527,8.194593,1,-1,-1,-1,0.245153,0.113325,1.565062,0.667831
70,285,42.763389,116.494937,17.672173,7.632233,1,-1,-1,-1,0.497112,0.130122,2.290157,0.551643
70,282,199.801380,-19.288886,8.059174,15.386649,1,-1,-1,-1,0.007035,0.004404,0.192785,0.064373
70,272,228.070553,179.762938,12.007404,25.634844,1,-1,-1,-1,1.009144,0.324185,1.972485,0.059780
70,271,270.726702,131.168129,15.390991,7.640447,1,-1,-1,-1,0.114047,0.097289,1.096324,0.497901
70,269,71.379451,117.137715,20.726127,8.146457,1,-1,-1,-1,0.212385,0.078163,1.158883,0.100659
70,267,242.097253,130.782948,18.787418,7.564629,1,-1,-1,-1,0.004321,0.003572,0.178440,0.025847
70,210,95.573302,131.435049,17.578699,8.851564,1,-1,-1,-1,0.409598,0.111987,1.535736,0.461789
70,208,126.854868,117.030724,19.005816,8.664184,1,-1,-1,-1,0.080551,0.063518,0.940860,0.272357
70,205,181.460950,189.091278,8.129175,18.628527,1,-1,-1,-1,0.003540,0.004107,0.196175,0.035616
70,204,123.339968,130.659980,16.820113,7.330042,1,-1,-1,-1,0.002547,0.002445,0.199725,0.044877
71,289,99.793448,117.061399,16.607851,8.129988,1,-1,-1,-1,0.282475,0.229052,1.950232,0.668721
71,285,42.604336,116.635558,17.718423,7.623631,1,-1,-1,-1,0.338761,0.091069,2.035995,0.448730
71,282,199.750444,-14.922180,8.060794,15.353672,1,-1,-1,-1,0.006307,0.004107,0.183886,0.060307
71,272,228.028899,179.218017,11.958040,25.713850,1,-1,-1,-1,0.845448,0.238109,1.889831,0.151881
71,271,270.328921,131.206237,15.207835,7.781222,1,-1,-1,-1,0.156440,0.111169,1.077413,0.505681
71,269,71.208183,117.226243,21.023029,8.094209,1,-1,-1,-1,0.191600,0.081156,1.109605,0.071561
71,267,242.088702,130.783273,18.814111,7.563889,1,-1,-1,-1,0.003758,0.003266,0.166855,0.024142
71,210,95.962031,131.050465,17.445603,8.776395,1,-1,-1,-1,0.303693,0.079084,1.379794,0.399016
71,208,126.997082,117.086164,18.742979,8.541487,1,-1,-1,-1,0.078990,0.062318,0.934418,0.268057
71,205,181.470282,189.089887,8.130407,18.621301,1,-1,-1,-1,0.003647,0.004190,0.197774,0.036662
71,204,123.340978,130.660246,16.837993,7.329511,1,-1,-1,-1,0.002787,0.002571,0.204596,0.046181
72,289,99.778379,117.126220,17.161765,8.334439,1,-1,-1,-1,0.295762,0.210942,2.211080,0.750362
72,282,199.709250,-10.552622,8.042627,15.324699,1,-1,-1,-1,0.004679,0.003399,0.165657,0.054853
72,272,228.231966,178.837657,11.781555,25.657031,1,-1,-1,-1,0.893892,0.263972,1.997366,0.302736
72,271,270.455617,131.121811,15.371010,7.734026,1,-1,-1,-1,0.190217,0.188862,1.303299,0.655808
72,269,71.116862,117.072444,21.015653,7.983482,1,-1,-1,-1,0.209824,0.073922,1.151399,0.042411
72,267,242.097999,130.783252,18.815273,7.573849,1,-1,-1,-1,0.003575,0.003170,0.163749,0.023444
72,210,95.894114,131.232220,17.510207,8.697581,1,-1,-1,-1,0.243655,0.067910,1.296553,0.358447
72,208,126.576184,117.028248,19.163497,8.477351,1,-1,-1,-1,0.102327,0.071785,0.957555,0.274259
72,205,181.480408,189.090557,8.130044,18.629767,1,-1,-1,-1,0.003575,0.004107,0.196159,0.035962
72,204,123.340088,130.660030,16.839827,7.329942,1,-1,-1,-1,0.002787,0.002571,0.208164,0.046627
73,293,67.044636,131.801415,18.040581,8.659539,1,-1,-1,-1,0.300113,0.186662,2.979835,0.893578
73,289,99.137371,117.132232,18.173920,8.513962,1,-1,-1,-1,0.214652,0.183461,2.088843,0.608350
73,282,199.643312,-6.126149,8.065248,15.370744,1,-1,-1,-1,0.008247,0.004914,0.200930,0.066841
73,272,228.142879,179.115950,11.869023,25.631709,1,-1,-1,-1,0.935942,0.291927,1.992905,0.104018
73,271,270.607902,131.139091,15.185939,7.542183,1,-1,-1,-1,0.128504,0.129554,1.084220,0.566335
73,269,71.047913,117.027376,20.895351,7.955573,1,-1,-1,-1,0.186656,0.059463,1.145674,0.041161
73,267,242.107233,130.782847,18.816766,7.574667,1,-1,-1,-1,0.003834,0.003299,0.167957,0.024141
73,210,95.938081,131.268375,17.521015,8.836235,1,-1,-1,-1,0.312337,0.081856,1.364592,0.407814
73,208,126.822240,117.032572,18.917683,8.544606,1,-1,-1,-1,0.083659,0.066613,0.972995,0.294429
73,205,181.479824,189.089415,8.121218,18.631994,1,-1,-1,-1,0.003540,0.004066,0.196109,0.035616
73,204,123.330811,130.660580,16.838444,7.338808,1,-1,-1,-1,0.003436,0.003792,0.241289,0.053787
74,293,67.685696,132.187133,17.603110,9.031815,1,-1,-1,-1,0.295539,0.174133,3.096263,0.956994
74,289,98.707644,117.012808,18.567044,8.640606,1,-1,-1,-1,0.229051,0.176610,2.018296,0.568003
74,282,199.590061,-1.772714,8.061623,15.335030,1,-1,-1,-1,0.008497,0.005012,0.200213,0.067518
74,272,228.112223,179.593765,11.871854,25.760432,1,-1,-1,-1,0.854312,0.257620,1.777565,0.097098
74,271,271.114376,131.252207,15.514154,7.622951,1,-1,-1,-1,0.209607,0.123175,1.293369,0.636617
74,269,71.778585,117.273391,20.254386,8.212433,1,-1,-1,-1,0.153615,0.065322,1.126565,0.240945
74,267,242.105624,130.772191,18.800084,7.566056,1,-1,-1,-1,0.004070,0.003467,0.173893,0.024859
74,210,95.701517,131.259232,17.728913,8.808737,1,-1,-1,-1,0.258551,0.073924,1.387664,0.383619
74,208,127.233698,117.063712,18.615361,8.587041,1,-1,-1,-1,0.066712,0.052016,0.871364,0.236515
74,205,181.480671,189.100628,8.129416,18.629444,1,-1,-1,-1,0.003721,0.004232,0.199415,0.036662
74,204,123.330112,130.660065,16.839774,7.339875,1,-1,-1,-1,0.003436,0.003830,0.244531,0.054318
75,293,67.297686,131.406357,18.159454,8.719588,1,-1,-1,-1,0.164141,0.079468,2.015328,0.514329
75,289,98.727702,117.019469,19.066527,8.755808,1,-1,-1,-1,0.281439,0.214661,2.047050,0.633114
75,285,41.687594,97.008610,18.516026,7.704657,1,-1,-1,-1,0.439476,0.138939,2.051287,0.311887
75,282,199.534029,2.705508,8.083487,15.386725,1,-1,-1,-1,0.009198,0.005996,0.266134,0.085169
75,272,228.161449,179.620044,11.780467,25.859233,1,-1,-1,-1,0.926953,0.296248,1.729190,0.053914
75,271,272.237588,131.525299,16.768432,7.886770,1,-1,-1,-1,0.322426,0.088515,1.373262,0.355321
75,269,71.539247,117.161811,20.660256,8.073878,1,-1,-1,-1,0.345583,0.107866,1.350233,0.125371
75,267,242.116705,130.772633,18.797681,7.565043,1,-1,-1,-1,0.004193,0.003537,0.174003,0.025103
75,210,95.919333,131.132996,17.527082,8.834282,1,-1,-1,-1,0.282672,0.075287,1.328733,0.390148
75,208,127.449795,116.958240,18.416325,8.528165,1,-1,-1,-1,0.098544,0.074480,1.056354,0.331998
75,205,181.490080,189.089708,8.130435,18.621361,1,-1,-1,-1,0.003402,0.003986,0.194543,0.034935
75,204,123.329772,130.659596,16.850427,7.330837,1,-1,-1,-1,0.002958,0.002702,0.211050,0.047999
76,293,67.510251,131.233452,18.005696,8.512316,1,-1,-1,-1,0.163303,0.082007,1.769114,0.517712
76,289,98.143446,116.878991,19.297471,8.753732,1,-1,-1,-1,0.200018,0.160943,1.855985,0.492281
76,285,41.933129,114.514038,17.711575,7.662288,1,-1,-1,-1,0.448331,0.115711,2.055453,0.717603
76,282,199.518665,7.079122,8.054126,15.410958,1,-1,-1,-1,0.011668,0.006301,0.275619,0.086069
76,272,228.183485,179.142810,11.904620,25.529736,1,-1,-1,-1,0.857948,0.249398,1.896137,0.306264
76,271,270.606606,131.378349,15.918278,7.807645,1,-1,-1,-1,0.192329,0.191415,1.264024,0.615487
76,269,71.238300,117.151085,20.843792,7.982628,1,-1,-1,-1,0.201360,0.066744,1.201941,0.073703
76,267,242.116849,130.782623,18.807219,7.564954,1,-1,-1,-1,0.003758,0.003266,0.168111,0.024142
76,210,95.706489,131.487247,17.667025,9.005822,1,-1,-1,-1,0.329631,0.089864,1.427151,0.419358
76,208,127.176491,117.070666,18.566340,8.536455,1,-1,-1,-1,0.071999,0.057245,0.928118,0.262087
76,205,181.490150,189.089944,8.130306,18.620714,1,-1,-1,-1,0.003436,0.004026,0.194409,0.035615
76,204,123.338799,130.659655,16.832403,7.330691,1,-1,-1,-1,0.002731,0.002545,0.206601,0.046187
77,293,66.907688,131.453107,18.489808,8.588367,1,-1,-1,-1,0.182747,0.101447,1.712335,0.507919
77,289,97.676670,116.777075,18.730170,8.849384,1,-1,-1,-1,0.258367,0.208807,2.077619,0.656928
77,285,42.711079,115.919351,17.500670,7.550789,1,-1,-1,-1,0.295511,0.084451,1.892976,0.506807
77,282,199.441903,11.447408,8.087636,15.345062,1,-1,-1,-1,0.008667,0.005164,0.244653,0.074912
77,272,228.139579,178.598146,11.974259,25.077686,1,-1,-1,-1,0.906927,0.253883,2.084966,0.559999
77,271,270.680168,131.134210,16.105753,7.753825,1,-1,-1,-1,0.181489,0.113061,1.401458,0.656244
77,269,71.213169,117.225236,20.961258,8.060666,1,-1,-1,-1,0.189689,0.075960,1.093661,0.064449
77,267,242.117237,130.782962,18.806452,7.574298,1,-1,-1,-1,0.004030,0.003467,0.172357,0.025348
77,210,95.882529,131.063247,17.613263,8.784030,1,-1,-1,-1,0.281313,0.072583,1.334093,0.378890
77,208,126.834739,117.115592,18.901233,8.497132,1,-1,-1,-1,0.084265,0.059979,0.901390,0.257207
77,205,181.499640,189.089224,8.121286,18.622130,1,-1,-1,-1,0.003758,0.004274,0.201023,0.037017
77,204,123.331173,130.660639,16.837684,7.338690,1,-1,-1,-1,0.003172,0.003608,0.235428,0.052275
78,293,66.732670,130.934252,18.493895,8.370727,1,-1,-1,-1,0.290748,0.184128,2.155051,0.761233
78,289,97.881535,116.894682,18.851470,8.846433,1,-1,-1,-1,0.204651,0.159416,1.835278,0.533406
78,285,42.855206,117.188250,17.512671,7.850601,1,-1,-1,-1,0.504221,0.142682,2.167493,0.678325
78,282,199.397862,15.878936,8.045853,15.380708,1,-1,-1,-1,0.009860,0.006239,0.272325,0.089222
78,272,228.171279,178.650488,11.949893,25.026457,1,-1,-1,-1,0.777738,0.213222,1.998579,0.449426
78,271,270.676626,131.385943,15.632329,7.811072,1,-1,-1,-1,0.179694,0.167560,1.270343,0.647033
78,269,71.137352,117.176577,20.738008,8.129586,1,-1,-1,-1,0.166325,0.064766,1.055650,0.094174
78,267,242.115758,130.782132,18.819204,7.565977,1,-1,-1,-1,0.003611,0.003170,0.165172,0.023675
78,210,96.085770,131.136934,17.401993,8.691583,1,-1,-1,-1,0.236917,0.062348,1.210451,0.346629
78,208,126.702120,117.067915,19.158358,8.646152,1,-1,-1,-1,0.055174,0.045470,0.744048,0.199362
78,205,181.490575,189.090539,8.129413,18.619429,1,-1,-1,-1,0.003647,0.004148,0.197863,0.036312
78,204,123.329963,130.659698,16.850047,7.330631,1,-1,-1,-1,0.002731,0.002545,0.205557,0.045756
79,289,97.292511,116.958481,18.959125,8.925101,1,-1,-1,-1,0.277880,0.217644,1.998489,0.608951
79,285,42.530981,116.723304,18.035051,7.722654,1,-1,-1,-1,0.350023,0.107597,1.970132,0.465441
79,282,199.323154,20.261627,8.094573,15.366414,1,-1,-1,-1,0.007468,0.004583,0.196833,0.064504
79,271,270.270563,131.012562,15.424570,7.777868,1,-1,-1,-1,0.192438,0.146556,1.256770,0.641701
79,269,71.377449,117.287360,20.516720,8.232226,1,-1,-1,-1,0.205571,0.078111,1.157743,0.164773
79,267,242.124886,130.782014,18.800898,7.566162,1,-1,-1,-1,0.003540,0.003170,0.163597,0.023216
79,210,95.873854,131.092413,17.515999,8.661093,1,-1,-1,-1,0.266238,0.070448,1.283422,0.370812
79,208,126.532898,117.078282,19.235788,8.673217,1,-1,-1,-1,0.091469,0.064048,0.886147,0.258528
79,205,181.500257,189.090509,8.129869,18.629388,1,-1,-1,-1,0.003402,0.003986,0.192851,0.034935
79,204,123.348991,130.670032,16.821992,7.339866,1,-1,-1,-1,0.002843,0.002622,0.208146,0.046627
80,289,97.984926,116.740771,18.906137,8.803898,1,-1,-1,-1,0.199894,0.144690,1.763340,0.500346
80,285,42.351669,116.748180,18.042570,7.693988,1,-1,-1,-1,0.284454,0.080556,1.787193,0.387774
80,282,199.270192,24.450539,8.090461,15.370140,1,-1,-1,-1,0.007321,0.004537,0.193289,0.063813
80,271,270.360263,131.325319,15.156639,7.695463,1,-1,-1,-1,0.128525,0.100923,1.018243,0.517539
80,269,71.117887,117.190244,21.012871,8.096933,1,-1,-1,-1,0.226707,0.084233,1.148821,0.062350
80,267,242.116397,130.782438,18.817848,7.565298,1,-1,-1,-1,0.003758,0.003233,0.166397,0.023906
80,210,95.769221,131.313377,17.573049,8.773777,1,-1,-1,-1,0.263189,0.075270,1.324370,0.378074
80,208,127.060869,117.005930,18.873009,8.564111,1,-1,-1,-1,0.057338,0.047259,0.797106,0.222190
80,205,181.500125,189.099959,8.130192,18.630430,1,-1,-1,-1,0.003684,0.004190,0.199290,0.036661
80,204,123.339688,130.669584,16.830650,7.330861,1,-1,-1,-1,0.002651,0.002520,0.203079,0.045310
81,300,139.871824,-97.399466,17.070666,8.296810,1,-1,-1,-1,0.357513,0.249980,5.614636,1.072914
81,289,100.670021,116.413558,15.496720,8.644314,1,-1,-1,-1,0.295648,0.138624,1.652201,0.744295
81,285,42.375472,116.623885,17.916122,7.763292,1,-1,-1,-1,0.539276,0.178665,2.194750,0.687755
81,282,199.239057,28.389957,8.072338,15.362863,1,-1,-1,-1,0.005825,0.003947,0.178960,0.058621
81,271,270.839419,131.220803,15.392244,7.672893,1,-1,-1,-1,0.295758,0.237684,1.492993,0.797787
81,269,71.361207,117.241076,20.880114,8.145150,1,-1,-1,-1,0.263661,0.093310,1.229200,0.118985
81,267,242.115704,130.782252,18.819186,7.565657,1,-1,-1,-1,0.003834,0.003299,0.169328,0.023907
81,210,95.959865,131.121133,17.387457,8.857060,1,-1,-1,-1,0.381569,0.108949,1.447357,0.469360
81,208,127.328073,117.037861,18.434539,8.515882,1,-1,-1,-1,0.085752,0.065895,0.958957,0.293785
81,205,181.500066,189.099910,8.130244,18.630559,1,-1,-1,-1,0.003470,0.004066,0.194508,0.035962
81,204,123.339323,130.669787,16.821380,7.330430,1,-1,-1,-1,0.002900,0.002622,0.211539,0.047525
82,293,66.744768,131.385218,18.408984,8.630487,1,-1,-1,-1,0.147769,0.077717,1.857203,0.484309
82,289,99.321477,117.051920,16.905046,8.519815,1,-1,-1,-1,0.284462,0.192871,1.863788,0.615558
82,285,42.211758,116.757063,18.200014,7.763870,1,-1,-1,-1,0.340634,0.094811,1.917569,0.442918
82,282,199.189620,32.081468,8.061336,15.361370,1,-1,-1,-1,0.005941,0.003986,0.180147,0.060289
82,272,228.059406,179.698078,11.878871,25.722369,1,-1,-1,-1,1.010233,0.310897,2.002926,0.049524
82,271,270.819740,131.316927,15.565439,7.743804,1,-1,-1,-1,0.202010,0.182331,1.453654,0.722973
82,269,71.528609,117.261674,20.500290,8.249594,1,-1,-1,-1,0.260950,0.080481,1.276787,0.200420
82,267,242.125929,130.782512,18.808687,7.575099,1,-1,-1,-1,0.004152,0.003502,0.173788,0.025102
82,210,96.096799,131.169298,17.344427,8.818892,1,-1,-1,-1,0.302463,0.078332,1.339256,0.396675
82,208,126.697811,117.045493,18.985005,8.570940,1,-1,-1,-1,0.062442,0.050543,0.795074,0.221423
82,205,181.499910,189.089448,8.130528,18.621560,1,-1,-1,-1,0.003540,0.004107,0.196016,0.036310
82,204,123.340374,130.660102,16.829224,7.329847,1,-1,-1,-1,0.002787,0.002571,0.206581,0.046187
83,293,66.782831,131.097941,18.646679,8.536723,1,-1,-1,-1,0.198320,0.116148,1.805587,0.551720
83,289,98.874504,117.254514,18.232044,8.683722,1,-1,-1,-1,0.178652,0.154972,1.726769,0.463779
83,285,41.533064,117.112796,19.233574,7.956139,1,-1,-1,-1,0.295763,0.114212,1.651280,0.253336
83,282,199.150084,35.512482,8.060141,15.360207,1,-1,-1,-1,0.005067,0.003572,0.171139,0.055903
83,271,270.792381,131.351558,15.456487,7.842780,1,-1,-1,-1,0.183279,0.164613,1.313335,0.628766
83,269,71.077061,117.146915,21.013893,8.097874,1,-1,-1,-1,0.187761,0.078926,1.102682,0.069292
83,267,242.124567,130.781712,18.811335,7.566737,1,-1,-1,-1,0.003684,0.003233,0.166564,0.023675
83,210,96.171043,131.083742,17.273667,8.713096,1,-1,-1,-1,0.268980,0.071182,1.264963,0.380015
83,208,126.272621,117.135126,19.794267,8.454842,1,-1,-1,-1,0.061778,0.035362,0.560703,0.078372
83,205,181.500006,189.089802,8.130300,18.620700,1,-1,-1,-1,0.003505,0.004107,0.196051,0.035962
83,204,123.322696,130.661066,16.854640,7.337832,1,-1,-1,-1,0.003402,0.003792,0.239213,0.053277
84,293,67.164732,131.576416,18.455106,8.673066,1,-1,-1,-1,0.521798,0.360018,2.627047,1.103405
84,289,98.489262,116.962877,18.658682,8.672357,1,-1,-1,-1,0.237242,0.199973,1.887203,0.576566
84,285,41.789260,116.379130,18.751358,7.898042,1,-1,-1,-1,0.500948,0.157697,2.010831,0.584188
84,282,199.109929,38.664336,8.050549,15.378789,1,-1,-1,-1,0.006370,0.004148,0.186137,0.060851
84,271,270.954424,131.264259,15.551070,7.688025,1,-1,-1,-1,0.259599,0.158625,1.437627,0.730073
84,269,71.074066,117.098100,21.002671,8.019016,1,-1,-1,-1,0.226089,0.078184,1.169651,0.030831
84,267,242.125694,130.782365,18.809042,7.575358,1,-1,-1,-1,0.003721,0.003266,0.166407,0.023906
84,210,96.137477,131.216266,17.307978,8.706680,1,-1,-1,-1,0.226815,0.061172,1.196932,0.338970
84,208,126.585341,117.063921,19.353650,8.644909,1,-1,-1,-1,0.088197,0.062222,0.828473,0.248577
84,205,181.499688,189.089609,8.120913,18.631005,1,-1,-1,-1,0.003236,0.003869,0.187963,0.034266
84,204,123.347104,130.668982,16.815768,7.332015,1,-1,-1,-1,0.002625,0.002470,0.203913,0.045322
85,293,67.753947,132.682149,16.832626,9.889514,1,-1,-1,-1,0.135127,0.057314,2.363628,0.602158
85,289,98.381150,117.007754,19.146013,8.713097,1,-1,-1,-1,0.195522,0.148351,1.761112,0.517816
85,285,42.016986,116.503934,18.664590,7.844429,1,-1,-1,-1,0.484357,0.141293,2.105747,0.457895
85,282,199.061274,41.545897,8.067810,15.377984,1,-1,-1,-1,0.007321,0.004583,0.194530,0.063800
85,271,270.722891,131.295239,15.190087,7.714912,1,-1,-1,-1,0.172044,0.111744,1.125059,0.563318
85,269,71.617401,117.245240,20.353368,8.243670,1,-1,-1,-1,0.159787,0.064774,1.121789,0.198998
85,267,242.125082,130.782026,18.810224,7.576057,1,-1,-1,-1,0.003721,0.003233,0.167830,0.024378
85,210,96.124468,131.141185,17.240167,8.786281,1,-1,-1,-1,0.292478,0.081059,1.278046,0.397604
85,208,126.113683,117.157266,19.553098,8.463205,1,-1,-1,-1,0.066728,0.036068,0.649745,0.140899
85,205,181.500314,189.090042,8.129599,18.620210,1,-1,-1,-1,0.003611,0.004190,0.197473,0.036660
85,204,123.341290,130.670592,16.827421,7.338796,1,-1,-1,-1,0.002731,0.002571,0.206344,0.046626
86,293,67.162640,131.139709,17.860457,9.060660,1,-1,-1,-1,0.351698,0.224632,2.640904,0.868480
86,289,97.353314,116.902668,18.919780,8.822110,1,-1,-1,-1,0.173865,0.135000,1.621061,0.477981
86,285,42.847881,116.502825,17.804254,7.713154,1,-1,-1,-1,0.246828,0.082247,1.865234,0.635801
86,282,199.075901,44.183007,8.018106,15.387080,1,-1,-1,-1,0.009571,0.005537,0.255075,0.079821
86,272,228.066210,179.226037,11.865551,25.752136,1,-1,-1,-1,1.091842,0.317970,2.154033,0.209622
86,271,270.675364,131.344259,15.340425,7.697922,1,-1,-1,-1,0.120416,0.110300,1.016562,0.495845
86,269,71.050550,117.198343,21.033450,8.079302,1,-1,-1,-1,0.207106,0.084153,1.053928,0.043002
86,267,242.124110,130.781532,18.812126,7.567063,1,-1,-1,-1,0.003647,0.003201,0.166411,0.023674
86,210,96.231467,131.021995,17.195939,8.641570,1,-1,-1,-1,0.212586,0.060052,1.165343,0.340021
86,208,126.546615,117.049648,19.316529,8.601433,1,-1,-1,-1,0.057818,0.047204,0.718680,0.206130
86,205,181.500170,189.090374,8.129887,18.629435,1,-1,-1,-1,0.003436,0.004026,0.194438,0.035617
86,204,123.340684,130.670213,16.838609,7.339579,1,-1,-1,-1,0.002704,0.002545,0.204699,0.045310
87,289,97.812482,117.106345,19.040122,8.879903,1,-1,-1,-1,0.197271,0.148659,1.606007,0.486928
87,285,43.144366,116.238573,17.426305,7.692556,1,-1,-1,-1,0.361026,0.099501,1.925812,0.768027
87,282,199.015522,46.615078,8.069274,15.442703,1,-1,-1,-1,0.008929,0.005216,0.253572,0.076288
87,272,228.125422,179.267164,11.773938,25.822019,1,-1,-1,-1,0.993691,0.289825,2.039288,0.128448
87,271,270.557245,131.371560,15.058902,7.578285,1,-1,-1,-1,0.139605,0.113338,1.001757,0.535990
87,269,71.317004,117.130023,20.898071,8.084666,1,-1,-1,-1,0.246265,0.085056,1.153572,0.091469
87,267,242.124531,130.781836,18.801358,7.566425,1,-1,-1,-1,0.004452,0.003644,0.178164,0.026100
87,210,96.349952,131.096219,17.053720,8.519185,1,-1,-1,-1,0.250530,0.065943,1.135489,0.346683
87,208,127.016496,117.037793,18.909372,8.640545,1,-1,-1,-1,0.069827,0.055559,0.843939,0.252794
87,205,181.499403,189.088704,8.121439,18.622837,1,-1,-1,-1,0.003575,0.004148,0.197641,0.036310
87,204,123.347733,130.659107,16.814562,7.331860,1,-1,-1,-1,0.002843,0.002596,0.208079,0.046626
88,304,180.174045,254.526612,8.763465,16.837806,1,-1,-1,-1,0.164281,0.129000,2.421944,0.657799
88,289,98.559052,117.083383,18.260551,8.766072,1,-1,-1,-1,0.383853,0.392196,2.007047,0.902067
88,285,42.850987,116.326871,17.672799,7.632138,1,-1,-1,-1,0.237351,0.072625,1.679172,0.461775
88,282,198.980683,48.707194,8.078819,15.439298,1,-1,-1,-1,0.007770,0.004722,0.239526,0.072126
88,271,270.828972,131.359873,15.324501,7.656534,1,-1,-1,-1,0.310352,0.217777,1.462058,0.814345
88,269,71.692297,117.265879,20.377938,8.246064,1,-1,-1,-1,0.192378,0.071884,1.177702,0.219834
88,267,242.124984,130.781945,18.810296,7.566190,1,-1,-1,-1,0.003911,0.003332,0.168039,0.024379
88,210,95.911996,131.314903,17.330830,8.691440,1,-1,-1,-1,0.252037,0.075956,1.288796,0.373509
88,208,126.930646,117.078856,18.945704,8.559474,1,-1,-1,-1,0.069877,0.056650,0.849246,0.244785
88,205,181.500499,189.090828,8.129153,18.628488,1,-1,-1,-1,0.003436,0.004066,0.194434,0.035616
88,204,123.340640,130.670070,16.828721,7.329814,1,-1,-1,-1,0.002573,0.002470,0.201350,0.045310
89,304,179.886295,254.657372,8.640030,17.582098,1,-1,-1,-1,0.151510,0.117511,2.411365,0.596769
89,289,99.261560,116.665539,17.506757,8.466450,1,-1,-1,-1,0.312476,0.214819,1.926779,0.878461
89,285,42.946868,116.508629,17.382881,7.743473,1,-1,-1,-1,0.547713,0.169535,2.125440,0.903138
89,282,198.959313,50.513602,8.081396,15.395838,1,-1,-1,-1,0.006370,0.004107,0.220174,0.066285
89,271,270.621878,131.287823,15.105644,7.696781,1,-1,-1,-1,0.239861,0.252634,1.426863,0.769581
89,269,71.547119,117.229959,20.656926,8.169238,1,-1,-1,-1,0.239709,0.083417,1.212369,0.129717
89,267,242.125088,130.782179,18.800146,7.575687,1,-1,-1,-1,0.004070,0.003467,0.173678,0.025103
89,210,95.492945,131.339438,17.704294,8.797210,1,-1,-1,-1,0.286909,0.081902,1.421271,0.397764
89,208,127.379712,116.955576,18.408030,8.552831,1,-1,-1,-1,0.098570,0.075203,1.061782,0.339954
89,205,181.500058,189.090002,8.130067,18.630169,1,-1,-1,-1,0.003758,0.004232,0.200965,0.037017
89,204,123.330080,130.660047,16.829899,7.329975,1,-1,-1,-1,0.003236,0.003681,0.237053,0.053275
90,304,180.019974,252.111285,8.503629,16.979342,1,-1,-1,-1,0.259856,0.243207,2.603617,0.823144
90,289,99.761983,116.983069,16.863842,8.107047,1,-1,-1,-1,0.226168,0.198180,1.669195,0.790027
90,285,42.719842,116.646028,17.500013,7.695054,1,-1,-1,-1,0.478274,0.118133,2.151885,0.655556
90,282,198.931099,52.117896,8.097820,15.407055,1,-1,-1,-1,0.006001,0.004026,0.184061,0.060313
90,271,270.563462,131.455734,15.025367,7.648161,1,-1,-1,-1,0.180920,0.146434,1.265058,0.688704
90,269,71.416942,117.286143,20.675990,8.204895,1,-1,-1,-1,0.198953,0.077478,1.159706,0.129770
90,267,242.124808,130.781887,18.810579,7.576291,1,-1,-1,-1,0.003647,0.003201,0.165061,0.023907
90,210,95.821626,131.237609,17.505987,8.892016,1,-1,-1,-1,0.337602,0.087444,1.403943,0.425948
90,208,127.445319,117.118266,18.214696,8.465212,1,-1,-1,-1,0.088436,0.067258,1.032828,0.297803
90,205,181.499840,189.089368,8.130484,18.621458,1,-1,-1,-1,0.003684,0.004190,0.199469,0.036312
90,204,123.349150,130.670072,16.801676,7.339793,1,-1,-1,-1,0.002305,0.002280,0.193787,0.042790
91,304,180.340148,250.752686,8.204875,16.490062,1,-1,-1,-1,0.248599,0.243556,2.453583,0.856699
91,289,100.484348,116.853909,16.219193,7.942307,1,-1,-1,-1,0.294752,0.270742,1.725739,0.911925
91,282,198.910120,53.497306,8.099778,15.409647,1,-1,-1,-1,0.006761,0.004317,0.191127,0.062023
91,272,228.300591,178.897772,11.639113,25.585510,1,-1,-1,-1,0.896295,0.266857,2.042034,0.231264
91,271,270.772307,131.311144,15.322424,7.632164,1,-1,-1,-1,0.166158,0.142386,1.237857,0.620214
91,269,71.040143,117.169579,21.035727,8.064492,1,-1,-1,-1,0.204770,0.075303,1.100509,0.039725
91,267,242.123619,130.781340,18.812971,7.567408,1,-1,-1,-1,0.003647,0.003201,0.166308,0.023907
91,210,97.320571,130.802753,16.619320,8.507297,1,-1,-1,-1,0.223033,0.171354,1.457883,0.697002
91,208,127.308961,116.783790,18.830077,8.243088,1,-1,-1,-1,0.107194,0.054044,0.937605,0.174720
91,205,181.499936,189.089754,8.130268,18.620625,1,-1,-1,-1,0.003470,0.004066,0.194471,0.035616
91,204,123.324125,130.661099,16.861719,7.337876,1,-1,-1,-1,0.003269,0.003718,0.234848,0.052267
92,304,180.441078,249.952451,8.079693,16.362163,1,-1,-1,-1,0.160757,0.121041,1.734922,0.596164
92,289,100.275935,117.051738,15.878811,7.629494,1,-1,-1,-1,0.090319,0.065343,0.945225,0.419830
92,282,198.899426,54.684846,8.101050,15.374283,1,-1,-1,-1,0.006370,0.004148,0.184929,0.060871
92,272,228.163988,179.602434,11.783865,25.401631,1,-1,-1,-1,1.075854,0.333500,2.199265,0.281080
92,271,270.681977,131.188983,15.472246,7.623125,1,-1,-1,-1,0.277981,0.265807,1.598511,0.841470
92,269,71.020620,117.081664,21.057668,7.997578,1,-1,-1,-1,0.183344,0.065379,1.041683,0.025606
92,267,242.124205,130.781674,18.811797,7.566706,1,-1,-1,-1,0.003990,0.003433,0.170666,0.024617
92,210,96.305667,131.219644,17.103265,8.607132,1,-1,-1,-1,0.330746,0.083951,1.434210,0.440284
92,208,127.518971,117.196664,18.839667,8.471081,1,-1,-1,-1,0.050188,0.043743,0.767438,0.205507
92,205,181.499952,189.089801,8.130227,18.620521,1,-1,-1,-1,0.003647,0.004148,0.199283,0.036310
92,204,123.329394,130.659919,16.851212,7.340162,1,-1,-1,-1,0.003236,0.003718,0.236381,0.053293
93,304,180.301002,249.638006,7.923737,16.618042,1,-1,-1,-1,0.236088,0.196339,2.073409,0.731368
93,289,100.428416,117.171623,16.311689,7.556177,1,-1,-1,-1,0.087567,0.055080,0.922011,0.390139
93,282,198.879389,55.715881,8.091298,15.371534,1,-1,-1,-1,0.006001,0.004026,0.181656,0.059169
93,272,228.105191,179.275519,11.840389,25.440252,1,-1,-1,-1,1.008510,0.290545,2.144901,0.215614
93,271,270.521283,131.436915,15.146271,7.628255,1,-1,-1,-1,0.176968,0.122314,1.207715,0.594586
93,269,71.642082,117.192066,20.397527,8.179971,1,-1,-1,-1,0.127267,0.061154,1.016564,0.167288
93,267,242.124068,130.781625,18.812039,7.566798,1,-1,-1,-1,0.003721,0.003233,0.164977,0.023907
93,210,96.101158,131.316453,17.265014,8.751607,1,-1,-1,-1,0.297721,0.076043,1.352513,0.394525
93,208,128.015202,117.139809,19.297279,8.483161,1,-1,-1,-1,0.037148,0.033681,0.592990,0.165662
93,205,181.500092,189.090285,8.129936,18.629504,1,-1,-1,-1,0.003647,0.004148,0.199412,0.036311
93,204,123.337430,130.658664,16.835140,7.322719,1,-1,-1,-1,0.002871,0.002596,0.207237,0.046641
94,304,180.499063,247.164427,8.218880,16.183684,1,-1,-1,-1,0.226316,0.189490,1.932712,0.801358
94,289,101.233622,116.901846,16.168471,7.582646,1,-1,-1,-1,0.140339,0.122266,1.145162,0.551420
94,285,42.292417,116.652243,17.896781,7.693962,1,-1,-1,-1,0.353198,0.098758,1.869061,0.447127
94,282,198.879437,56.576379,8.080983,15.380212,1,-1,-1,-1,0.005883,0.003947,0.180030,0.058607
94,272,228.132208,179.184008,11.841312,25.538076,1,-1,-1,-1,1.090568,0.353396,2.263136,0.222626
94,271,270.616579,131.364354,15.103751,7.671409,1,-1,-1,-1,0.229478,0.156471,1.276321,0.652769
94,269,71.752282,117.245397,20.290993,8.208864,1,-1,-1,-1,0.170923,0.070443,1.093240,0.185760
94,267,242.124208,130.771712,18.811757,7.566684,1,-1,-1,-1,0.004030,0.003467,0.173565,0.024378
94,210,97.109679,131.386152,16.729501,8.759552,1,-1,-1,-1,0.370474,0.287576,1.766416,0.927923
94,208,129.129647,117.198855,19.147802,8.533946,1,-1,-1,-1,0.056644,0.049043,0.731501,0.219108
94,205,181.499834,189.089397,8.130442,18.621350,1,-1,-1,-1,0.003684,0.004232,0.199412,0.036311
94,204,123.347691,130.649325,16.804646,7.321407,1,-1,-1,-1,0.003018,0.003502,0.229693,0.051292
95,304,180.018528,245.900487,8.375347,15.976357,1,-1,-1,-1,0.314937,0.260096,2.163015,0.937355
95,293,67.322075,130.904720,18.460891,8.337988,1,-1,-1,-1,0.393287,0.266539,2.745829,1.014261
95,289,102.212198,116.754087,15.975884,7.530356,1,-1,-1,-1,0.136209,0.118724,1.162536,0.560736
95,285,42.252637,116.537580,17.211355,7.670161,1,-1,-1,-1,0.315922,0.088366,1.764818,0.662368
95,282,198.878440,57.315447,8.063024,15.373813,1,-1,-1,-1,0.007321,0.004583,0.227210,0.069406
95,272,227.999490,179.730490,11.911766,25.599584,1,-1,-1,-1,1.040822,0.328433,2.060683,0.060753
95,271,270.899465,131.271194,15.264600,7.675757,1,-1,-1,-1,0.177597,0.154357,1.251535,0.642570
95,269,71.763208,116.946745,20.242028,8.051895,1,-1,-1,-1,0.259035,0.068520,1.400954,0.155576
95,267,242.123917,130.781534,18.812308,7.566906,1,-1,-1,-1,0.003684,0.003233,0.165019,0.023674
95,210,97.328266,130.768092,16.242905,8.230602,1,-1,-1,-1,0.235606,0.201673,1.629432,0.798645
95,208,130.895344,117.285057,19.489451,8.579394,1,-1,-1,-1,0.061759,0.053485,0.746084,0.183880
95,205,181.508551,189.076359,8.123022,18.587752,1,-1,-1,-1,0.006966,0.006177,0.254599,0.049825
95,204,123.350650,130.660096,16.818653,7.319756,1,-1,-1,-1,0.002522,0.002421,0.200224,0.044459
96,304,178.351446,248.327429,8.514167,17.303191,1,-1,-1,-1,0.156165,0.110872,1.757685,0.448002
96,293,68.783211,132.697936,15.594973,9.628223,1,-1,-1,-1,0.116780,0.061105,2.831378,0.727520
96,289,103.459851,117.189402,15.751669,7.588871,1,-1,-1,-1,0.159622,0.141971,1.228506,0.594704
96,282,198.860936,57.937989,8.078044,15.377823,1,-1,-1,-1,0.007106,0.004448,0.192145,0.063233
96,272,227.838252,180.131566,12.156830,25.517126,1,-1,-1,-1,1.204074,0.428202,2.137460,0.054337
96,271,270.664621,131.174345,15.209916,7.718218,1,-1,-1,-1,0.187503,0.188398,1.261165,0.652786
96,269,71.456177,117.146714,20.801571,7.995385,1,-1,-1,-1,0.217176,0.081101,1.151012,0.062324
96,267,242.133024,130.781303,18.794079,7.567428,1,-1,-1,-1,0.003647,0.003201,0.164843,0.023906
96,210,96.194314,131.525639,16.964773,8.613273,1,-1,-1,-1,0.354841,0.100379,1.588081,0.470755
96,208,132.245813,117.135791,19.690041,8.259175,1,-1,-1,-1,0.067261,0.036763,0.630630,0.129299
96,205,181.500745,189.091765,8.128633,18.616310,1,-1,-1,-1,0.003575,0.004107,0.197505,0.035978
96,204,123.341125,130.660289,16.837752,7.319419,1,-1,-1,-1,0.002731,0.002545,0.202787,0.045741
97,304,179.977540,243.878647,8.301478,15.954317,1,-1,-1,-1,0.262015,0.241424,1.602966,0.767332
97,289,104.225953,116.745440,15.907980,7.599863,1,-1,-1,-1,0.077165,0.056873,0.850792,0.372932
97,282,198.869666,58.478537,8.070392,15.397978,1,-1,-1,-1,0.007321,0.005113,0.246721,0.078353
97,272,228.017459,178.929999,11.993501,25.348013,1,-1,-1,-1,0.956084,0.262277,2.129549,0.417334
97,271,270.574976,131.230618,15.222494,7.697584,1,-1,-1,-1,0.199316,0.133095,1.234863,0.626934
97,269,72.703833,117.015661,20.313572,8.078518,1,-1,-1,-1,0.217777,0.080417,1.212745,0.162650
97,267,242.124362,130.771687,18.811386,7.566711,1,-1,-1,-1,0.003470,0.003076,0.160619,0.022990
97,210,96.807842,130.959409,16.590032,8.363702,1,-1,-1,-1,0.427957,0.413516,1.940592,0.967709
97,208,134.563293,117.223076,19.578638,8.419189,1,-1,-1,-1,0.096756,0.071000,0.855058,0.261089
97,205,181.500219,189.100577,8.129643,18.628809,1,-1,-1,-1,0.003721,0.004232,0.201022,0.036662
97,204,123.345868,130.638215,16.808337,7.303788,1,-1,-1,-1,0.003834,0.004107,0.250731,0.057470
98,304,180.241341,244.161482,8.315060,15.680356,1,-1,-1,-1,0.231442,0.208328,1.657099,0.817759
98,289,105.530361,117.207101,16.046043,7.782228,1,-1,-1,-1,0.097728,0.059411,0.865719,0.392089
98,282,198.851274,58.908391,8.087401,15.415949,1,-1,-1,-1,0.007036,0.004448,0.195885,0.063264
98,272,228.083178,179.009360,11.953932,25.372485,1,-1,-1,-1,0.852039,0.246119,2.044018,0.323373
98,271,270.717017,131.388181,15.148052,7.712176,1,-1,-1,-1,0.249995,0.250941,1.384744,0.770121
98,269,73.994075,116.906513,19.996522,8.033979,1,-1,-1,-1,0.298940,0.090734,1.472142,0.224384
98,267,242.114189,130.781591,18.821758,7.566783,1,-1,-1,-1,0.003647,0.003201,0.164742,0.023444
98,210,96.312814,131.376686,16.962506,8.620013,1,-1,-1,-1,0.388516,0.096928,1.582451,0.474348
98,208,137.173986,117.215611,19.553836,8.409908,1,-1,-1,-1,0.084410,0.064139,0.869797,0.251079
98,205,181.499985,189.089968,8.130101,18.630218,1,-1,-1,-1,0.003575,0.004148,0.196129,0.035962
98,204,123.330243,130.629523,16.829545,7.291037,1,-1,-1,-1,0.003721,0.003986,0.250716,0.056427
99,304,180.391792,244.912612,8.187667,16.257433,1,-1,-1,-1,0.201060,0.155563,1.695026,0.653466
99,289,106.933425,116.915519,15.871935,7.795218,1,-1,-1,-1,0.079078,0.049571,0.742032,0.324523
99,282,198.858583,59.265265,8.072660,15.413089,1,-1,-1,-1,0.007106,0.004963,0.244879,0.077631
99,272,227.940075,179.871269,12.103286,25.572770,1,-1,-1,-1,0.967963,0.317161,1.851431,0.042321
99,271,270.555034,131.324224,15.130391,7.650720,1,-1,-1,-1,0.305504,0.335015,1.617758,0.915573
99,267,242.123666,130.781481,18.822695,7.567065,1,-1,-1,-1,0.003721,0.003233,0.166243,0.023906
99,210,96.043725,131.518557,17.251879,8.810897,1,-1,-1,-1,0.333139,0.079008,1.395656,0.394144
99,208,140.602219,117.192591,19.581574,8.254365,1,-1,-1,-1,0.062438,0.055077,0.783988,0.170874
99,205,181.499803,189.089356,8.130456,18.621389,1,-1,-1,-1,0.003436,0.004026,0.194357,0.035616
99,204,123.306145,130.652098,16.917615,7.305653,1,-1,-1,-1,0.002522,0.002421,0.197400,0.043208
100,304,180.568122,243.463122,8.081893,15.890368,1,-1,-1,-1,0.152766,0.111868,1.287091,0.515150
100,293,67.030232,131.203677,18.508409,8.508839,1,-1,-1,-1,0.249909,0.199410,2.265576,0.652153
100,289,109.997385,116.823985,15.902090,7.572245,1,-1,-1,-1,0.077520,0.059389,0.778771,0.371784
100,282,198.868553,59.575249,8.052722,15.421813,1,-1,-1,-1,0.007770,0.004817,0.238974,0.072808
100,272,228.009402,179.238277,11.956998,25.805616,1,-1,-1,-1,0.859782,0.258543,1.751450,0.066168
100,271,270.541901,131.006563,15.111848,7.516067,1,-1,-1,-1,0.227898,0.254919,1.485471,0.843405
100,267,242.123548,130.781420,18.822992,7.567183,1,-1,-1,-1,0.003647,0.003170,0.164842,0.023907
100,210,95.881220,131.505209,17.392450,8.998644,1,-1,-1,-1,0.416745,0.113015,1.546521,0.496479
100,208,144.039472,117.336111,19.424393,8.356120,1,-1,-1,-1,0.074591,0.058288,0.822316,0.221079
100,205,181.500045,189.090213,8.129969,18.629593,1,-1,-1,-1,0.003575,0.004148,0.195945,0.035961
100,204,123.300875,130.650353,16.928255,7.309288,1,-1,-1,-1,0.002547,0.002470,0.194388,0.043601
