1,919,-62.490000,-98.600000,16.800000,7.950000,1,-1,-1,-1,10.000000,10.000000,10.000000,10.000000
1,918,-9.210000,-97.590000,17.350000,8.600000,1,-1,-1,-1,10.000000,10.000000,10.000000,10.000000
1,917,-88.230000,-99.630000,15.430000,7.700000,1,-1,-1,-1,10.000000,10.000000,10.000000,10.000000
1,916,21.950000,-96.460000,17.820000,8.610000,1,-1,-1,-1,10.000000,10.000000,10.000000,10.000000
1,915,76.830000,209.720000,8.850000,19.540000,1,-1,-1,-1,10.000000,10.000000,10.000000,10.000000
1,914,82.560000,-64.450000,8.210000,16.280000,1,-1,-1,-1,10.000000,10.000000,10.000000,10.000000
1,913,-175.080000,-179.260000,12.220000,21.180000,1,-1,-1,-1,10.000000,10.000000,10.000000,10.000000
1,912,169.630000,132.490000,16.580000,8.720000,1,-1,-1,-1,10.000000,10.000000,10.000000,10.000000
1,911,63.550000,187.980000,7.750000,15.870000,1,-1,-1,-1,10.000000,10.000000,10.000000,10.000000
1,910,84.510000,-145.420000,6.040000,8.900000,1,-1,-1,-1,10.000000,10.000000,10.000000,10.000000
1,909,123.740000,130.740000,16.080000,7.510000,1,-1,-1,-1,10.000000,10.000000,10.000000,10.000000
1,908,-80.930000,-85.380000,14.990000,7.490000,1,-1,-1,-1,10.000000,10.000000,10.000000,10.000000
2,925,-159.360000,-185.910000,8.970000,17.560000,1,-1,-1,-1,10.000000,10.000000,10.000000,10.000000
2,924,81.780000,88.740000,6.450000,9.130000,1,-1,-1,-1,10.000000,10.000000,10.000000,10.000000
2,923,-222.490000,-102.070000,18.840000,8.140000,1,-1,-1,-1,10.000000,10.000000,10.000000,10.000000
2,922,-9.470000,118.090000,17.170000,8.790000,1,-1,-1,-1,10.000000,10.000000,10.000000,10.000000
2,921,-174.060000,-152.130000,8.390000,16.800000,1,-1,-1,-1,10.000000,10.000000,10.000000,10.000000
2,920,-90.570000,-85.570000,15.020000,7.520000,1,-1,-1,-1,10.000000,10.000000,10.000000,10.000000
2,918,-7.929386,-97.409789,17.928580,8.549574,1,-1,-1,-1,0.612320,0.115173,5.845579,1.191677
2,916,22.323622,-96.976973,17.242752,8.453964,1,-1,-1,-1,0.272405,0.152388,4.981704,0.986191
2,915,62.905857,228.563223,8.788934,16.752937,1,-1,-1,-1,0.232129,0.177050,3.919164,1.458971
2,914,82.628820,-58.197657,7.862361,16.025283,1,-1,-1,-1,0.078831,0.024939,1.006188,0.229678
2,913,-174.618718,-179.103267,10.537448,20.766535,1,-1,-1,-1,0.171966,0.085323,2.575420,0.255764
2,912,169.563743,132.478107,17.072499,8.853784,1,-1,-1,-1,0.394365,0.081977,2.707429,0.643850
2,911,63.592036,187.465952,7.795926,15.438105,1,-1,-1,-1,0.083706,0.056061,1.253757,0.339157
2,910,84.459989,-141.819987,6.040022,8.909968,1,-1,-1,-1,0.034720,0.009083,0.028618,0.070202
2,909,123.720262,130.709879,16.139477,7.470243,1,-1,-1,-1,0.008392,0.004935,0.366496,0.079088
3,929,68.250000,-37.420000,8.130000,16.360000,1,-1,-1,-1,10.000000,10.000000,10.000000,10.000000
3,928,80.480000,54.590000,7.960000,17.270000,1,-1,-1,-1,10.000000,10.000000,10.000000,10.000000
3,927,64.250000,218.680000,6.360000,9.130000,1,-1,-1,-1,10.000000,10.000000,10.000000,10.000000
3,926,-99.450000,-85.740000,14.990000,7.520000,1,-1,-1,-1,10.000000,10.000000,10.000000,10.000000
3,924,83.105710,93.108622,4.898518,5.972528,1,-1,-1,-1,0.570926,0.410103,0.688115,1.458971
3,923,-221.985059,-87.941091,15.390181,8.332027,1,-1,-1,-1,0.259120,0.054951,1.192618,0.380901
3,922,-4.139560,117.850627,16.808588,7.918762,1,-1,-1,-1,0.516598,0.121078,5.616500,1.202344
3,921,-173.826234,-152.347681,8.222458,16.275397,1,-1,-1,-1,0.339435,0.356528,5.560645,1.536586
3,916,21.456248,-96.439474,18.093593,8.591064,1,-1,-1,-1,0.196795,0.144735,3.585856,0.547474
3,913,-174.780733,-179.166991,10.889553,20.883222,1,-1,-1,-1,0.189104,0.104371,2.855146,0.271545
3,912,169.936580,132.355563,16.462175,8.393057,1,-1,-1,-1,0.315389,0.062887,1.761043,0.408378
3,911,63.645279,187.999741,7.849187,15.584776,1,-1,-1,-1,0.104461,0.071563,1.497837,0.333936
3,910,84.419969,-138.489806,6.040009,8.910009,1,-1,-1,-1,0.032287,0.008808,0.027433,0.066277
3,909,123.720209,130.719649,16.119610,7.450650,1,-1,-1,-1,0.008471,0.006271,0.367358,0.079906
4,916,20.040985,-96.469473,19.667676,8.911789,1,-1,-1,-1,0.157490,0.080196,2.133632,0.359139
4,913,-174.622434,-179.333285,10.874161,20.845365,1,-1,-1,-1,0.338437,0.179048,3.586324,0.354562
4,912,169.690179,132.332077,17.057134,8.475866,1,-1,-1,-1,0.348802,0.064511,1.910776,0.383661
4,911,63.685175,187.572440,7.804242,15.505561,1,-1,-1,-1,0.085660,0.057415,1.117736,0.286107
4,910,84.370151,-135.010598,6.040004,8.910006,1,-1,-1,-1,0.034825,0.009223,0.028501,0.068151
4,909,123.767471,130.711380,16.015034,7.477197,1,-1,-1,-1,0.007564,0.004500,0.299646,0.068848
5,922,4.115926,118.328371,16.349330,7.646650,1,-1,-1,-1,0.256131,0.069809,3.045642,0.622000
5,921,-174.029155,-152.234123,8.399960,16.266735,1,-1,-1,-1,0.523793,0.423146,6.402034,1.100649
5,916,20.499524,-96.449603,19.506447,8.817959,1,-1,-1,-1,0.096088,0.046465,1.321642,0.250623
5,913,-174.114952,-200.605956,9.980348,19.803579,1,-1,-1,-1,0.431667,0.259783,4.910190,0.767014
5,912,169.339172,132.153793,17.514430,8.292832,1,-1,-1,-1,0.380305,0.068974,2.046106,0.404310
5,911,63.677357,187.938279,7.812922,15.631002,1,-1,-1,-1,0.116315,0.080308,1.299121,0.373975
5,910,84.329822,-131.400974,6.040149,8.919611,1,-1,-1,-1,0.032033,0.008764,0.027282,0.065037
5,909,123.725294,130.720572,16.089397,7.458858,1,-1,-1,-1,0.006070,0.005069,0.288508,0.071423
6,925,-160.820912,-157.021035,9.061919,18.936600,1,-1,-1,-1,0.230864,0.152434,2.869501,0.508886
6,922,7.441310,118.429908,16.568387,7.661145,1,-1,-1,-1,0.290863,0.087579,3.050436,0.680900
6,916,21.099608,-96.854787,18.789292,8.581065,1,-1,-1,-1,0.068813,0.040363,1.049772,0.254693
6,912,169.475080,132.096380,17.302373,7.911191,1,-1,-1,-1,0.230170,0.048561,1.624985,0.343002
6,911,63.753261,187.755022,7.732868,15.466865,1,-1,-1,-1,0.091523,0.062400,1.007238,0.304161
6,910,84.058139,-127.544280,6.261587,9.071082,1,-1,-1,-1,0.045348,0.011114,0.032148,0.076213
6,909,123.741752,130.721492,16.086282,7.476953,1,-1,-1,-1,0.006836,0.004320,0.281725,0.067537
7,931,-219.929713,-101.948307,15.755744,7.790104,1,-1,-1,-1,0.193578,0.054251,2.088441,0.517089
7,930,-127.863862,-86.307158,15.104440,7.493888,1,-1,-1,-1,0.003956,0.003649,0.173169,0.057475
7,925,-160.518569,-151.998939,8.738099,18.240170,1,-1,-1,-1,0.150782,0.086991,2.147449,0.423436
7,922,9.781602,118.605095,16.456583,7.755467,1,-1,-1,-1,0.305727,0.093884,2.678523,0.703305
7,916,21.443833,-96.776436,18.400134,8.684570,1,-1,-1,-1,0.162748,0.092274,1.865065,0.587606
7,912,169.831836,132.121609,16.986317,8.038297,1,-1,-1,-1,0.223890,0.082522,1.385413,0.346882
7,911,63.735129,187.988566,7.681127,15.729466,1,-1,-1,-1,0.098036,0.068376,1.077127,0.339191
7,910,83.481045,-123.544493,6.776235,9.392923,1,-1,-1,-1,0.022210,0.006828,0.022789,0.055419
7,909,123.711918,130.709757,16.126261,7.460639,1,-1,-1,-1,0.006767,0.004319,0.279973,0.068157
8,931,-221.364227,-101.221957,17.109266,8.450887,1,-1,-1,-1,0.505327,0.128288,2.690983,0.549160
8,930,-133.084598,-86.018708,15.015114,7.595965,1,-1,-1,-1,0.002653,0.002423,0.135625,0.044898
8,925,-160.918377,-147.388897,9.157438,18.052506,1,-1,-1,-1,0.153683,0.090285,1.980369,0.368158
8,922,10.942006,118.336513,16.754470,8.006877,1,-1,-1,-1,0.294617,0.092650,2.622442,0.686610
8,916,20.981052,-96.783724,18.803330,8.620711,1,-1,-1,-1,0.275597,0.188162,2.831504,0.840503
8,912,169.970360,132.138310,16.880190,8.150628,1,-1,-1,-1,0.324904,0.067033,1.400127,0.398299
8,911,63.753289,187.841092,7.701403,15.683246,1,-1,-1,-1,0.105317,0.077185,0.998551,0.349203
8,910,82.877995,-119.394343,7.200835,9.643589,1,-1,-1,-1,0.015872,0.005540,0.019647,0.048926
8,909,123.720330,130.720502,16.119264,7.468853,1,-1,-1,-1,0.006125,0.005115,0.277364,0.070099
9,934,-7.420211,-96.770180,18.185319,8.916979,1,-1,-1,-1,0.200227,0.131692,5.068219,0.854141
9,931,-221.922918,-100.999583,17.984233,8.435009,1,-1,-1,-1,0.381926,0.080173,2.110113,0.381776
9,930,-138.524667,-85.241454,15.376001,8.388642,1,-1,-1,-1,0.002872,0.002521,0.141224,0.047980
9,925,-160.870019,-143.016141,9.229733,18.175374,1,-1,-1,-1,0.358513,0.195404,2.992180,0.727310
9,922,11.640685,118.378471,16.655907,7.893942,1,-1,-1,-1,0.240238,0.072361,2.173254,0.623858
9,921,-174.922392,-152.117629,8.924006,18.670480,1,-1,-1,-1,0.339384,0.251505,3.521083,0.786897
9,916,22.450364,-97.256480,17.959229,8.383592,1,-1,-1,-1,0.207737,0.130628,2.806025,0.906443
9,912,169.887729,132.577903,16.390903,8.386032,1,-1,-1,-1,0.336699,0.088668,1.380345,0.503430
9,911,63.620256,187.569162,7.761487,15.493869,1,-1,-1,-1,0.111117,0.074257,1.014552,0.360345
9,910,82.213173,-115.102939,7.211255,9.622936,1,-1,-1,-1,0.009389,0.003756,0.014901,0.037034
9,909,123.745098,130.708189,16.059840,7.453761,1,-1,-1,-1,0.006003,0.003948,0.257814,0.065044
10,931,-222.570863,-101.498584,18.714779,8.567896,1,-1,-1,-1,0.307874,0.120980,2.835159,0.738022
10,930,-144.220669,-83.538505,15.908793,9.964890,1,-1,-1,-1,0.003913,0.003538,0.154926,0.055868
10,928,80.118129,94.029948,8.148071,16.521743,1,-1,-1,-1,0.406920,0.349647,3.886359,1.103834
10,925,-161.848764,-139.566122,9.869270,18.894878,1,-1,-1,-1,0.243573,0.169963,3.219527,0.728094
10,922,11.134092,118.559045,17.136207,7.981833,1,-1,-1,-1,0.241323,0.076366,2.057726,0.588555
10,916,22.069371,-96.265834,17.888249,8.422976,1,-1,-1,-1,0.210718,0.138135,3.145711,0.912632
10,912,169.818637,132.031593,16.662704,8.502543,1,-1,-1,-1,0.278550,0.069481,1.358802,0.423006
10,911,63.705276,187.721262,7.762882,15.524732,1,-1,-1,-1,0.115127,0.078465,1.064333,0.382750
10,910,81.514208,-110.503972,7.211867,9.632109,1,-1,-1,-1,0.013409,0.004770,0.017789,0.045727
10,909,123.722283,130.689653,16.105411,7.430903,1,-1,-1,-1,0.006968,0.004405,0.277788,0.068787
11,937,68.028411,-35.479345,9.032028,18.768152,1,-1,-1,-1,0.482917,0.276712,9.235094,1.621419
11,931,-221.089568,-100.797540,17.976589,9.267940,1,-1,-1,-1,0.156032,0.081944,3.081765,0.463091
11,930,-149.994606,-80.340298,16.407792,12.153227,1,-1,-1,-1,0.003759,0.003016,0.153002,0.054841
11,928,80.160471,100.328975,7.924743,15.633216,1,-1,-1,-1,0.614314,0.472496,3.852709,1.351729
11,925,-161.758629,-137.256728,9.657037,19.245564,1,-1,-1,-1,0.298461,0.220793,4.174678,0.985503
11,922,11.671659,118.794808,17.077429,8.186044,1,-1,-1,-1,0.337753,0.104657,2.396707,0.765379
11,912,169.681837,131.544211,16.791484,8.270584,1,-1,-1,-1,0.452514,0.115494,1.665848,0.536325
11,911,63.657172,187.842321,7.848849,15.531323,1,-1,-1,-1,0.113980,0.079159,1.063813,0.381733
11,910,79.271720,-105.600962,8.570925,10.337705,1,-1,-1,-1,0.020485,0.006494,0.022078,0.054297
11,909,123.714367,130.723327,16.101384,7.472843,1,-1,-1,-1,0.008250,0.004770,0.286785,0.071423
12,939,62.696059,217.249687,8.823378,16.417032,1,-1,-1,-1,0.252735,0.199486,3.329903,0.974730
12,937,68.312359,-35.850245,8.736691,18.190105,1,-1,-1,-1,0.462683,0.305501,7.969316,1.872452
12,931,-222.673499,-101.740151,19.377940,8.579516,1,-1,-1,-1,0.473383,0.388697,4.396847,0.555638
12,930,-155.077911,-76.205569,16.003327,14.831542,1,-1,-1,-1,0.003471,0.002869,0.148404,0.053300
12,928,80.137914,107.478534,7.490424,14.940801,1,-1,-1,-1,0.078822,0.057635,0.885280,0.358639
12,922,11.902341,118.296965,16.809300,7.972518,1,-1,-1,-1,0.311446,0.080042,2.236067,0.696482
12,912,169.943076,132.389861,16.432474,8.465342,1,-1,-1,-1,0.263020,0.059691,1.130851,0.398441
12,911,63.624184,187.826341,7.840217,15.599317,1,-1,-1,-1,0.108777,0.074081,1.036090,0.368000
12,910,76.773183,-100.628281,9.647760,10.630298,1,-1,-1,-1,0.009480,0.003755,0.015189,0.038497
12,909,123.710314,130.707994,16.149055,7.434401,1,-1,-1,-1,0.008087,0.006117,0.302808,0.079863
13,939,62.724173,215.943202,8.998530,16.533634,1,-1,-1,-1,0.282979,0.221572,3.044279,1.021708
13,937,68.500473,-36.389188,8.567287,17.749820,1,-1,-1,-1,0.329373,0.223824,5.974191,1.777745
13,931,-222.971565,-101.895470,19.311641,8.623164,1,-1,-1,-1,0.295699,0.270972,4.569443,0.952941
13,930,-158.850454,-71.156039,14.911944,16.109877,1,-1,-1,-1,0.003951,0.003573,0.154654,0.056951
13,928,79.854052,114.775132,7.649809,14.984277,1,-1,-1,-1,0.118910,0.099705,1.025350,0.473233
13,922,11.473815,118.534946,17.076884,8.029532,1,-1,-1,-1,0.364564,0.119766,2.464080,0.810718
13,912,169.795256,131.661050,16.538527,8.125867,1,-1,-1,-1,0.289474,0.062996,1.155936,0.380145
13,911,63.659688,187.493941,7.808764,15.487815,1,-1,-1,-1,0.068839,0.050141,0.736592,0.244834
13,910,73.842066,-95.894015,9.672549,10.614583,1,-1,-1,-1,0.011787,0.004404,0.016595,0.041552
13,909,123.720086,130.710772,16.129827,7.448347,1,-1,-1,-1,0.005825,0.004963,0.268363,0.069495
14,939,62.719634,214.656457,9.278428,16.344028,1,-1,-1,-1,0.345466,0.292068,3.086257,1.227834
14,931,-222.231821,-102.170828,18.881912,8.562853,1,-1,-1,-1,0.473987,0.381789,4.723038,1.531621
14,930,-161.096409,-65.720210,12.798092,16.802614,1,-1,-1,-1,0.006630,0.005013,0.193577,0.069399
14,928,79.857797,122.047395,7.692225,14.978600,1,-1,-1,-1,0.116032,0.077755,0.937952,0.457549
14,922,11.704264,118.850675,16.920059,8.339555,1,-1,-1,-1,0.356196,0.112718,2.420383,0.751288
14,912,169.410163,132.512758,16.599458,8.285118,1,-1,-1,-1,0.278839,0.065419,1.210487,0.401158
14,911,63.489147,187.941514,7.882262,15.672863,1,-1,-1,-1,0.083604,0.064756,0.834338,0.295075
14,910,69.561268,-92.108340,10.505972,10.282143,1,-1,-1,-1,0.011329,0.004317,0.016269,0.041160
14,909,123.853351,130.717712,15.853367,7.484367,1,-1,-1,-1,0.007695,0.004493,0.253685,0.068164
15,940,-221.617507,-87.779159,15.281703,8.464842,1,-1,-1,-1,0.333861,0.262525,3.174310,1.408821
15,939,62.843844,215.129545,8.666424,16.496516,1,-1,-1,-1,0.239234,0.174419,2.278324,0.840572
15,934,-7.101935,-97.667309,17.545542,8.704890,1,-1,-1,-1,0.328661,0.273814,6.334765,1.797472
15,931,-245.446601,-89.503015,17.898449,8.733946,1,-1,-1,-1,0.218055,0.173195,3.166601,1.140380
15,930,-162.224227,-59.897441,10.823856,16.471707,1,-1,-1,-1,0.006499,0.005013,0.186027,0.068164
15,928,79.390903,130.226648,7.816334,15.142775,1,-1,-1,-1,0.247917,0.270373,1.569322,0.824156
15,912,169.550794,132.470416,17.243658,8.398469,1,-1,-1,-1,0.275825,0.058931,1.287957,0.350641
15,911,63.649686,187.954921,7.885410,15.749475,1,-1,-1,-1,0.083664,0.064793,0.845600,0.300114
15,910,64.838428,-88.775993,10.573477,9.539936,1,-1,-1,-1,0.008331,0.003467,0.013892,0.034940
15,909,123.754464,130.712582,16.061005,7.454999,1,-1,-1,-1,0.006898,0.004274,0.267497,0.067524
16,940,-221.771762,-87.953919,15.758854,8.798790,1,-1,-1,-1,0.102335,0.067049,1.235412,0.415144
16,939,63.095796,215.099812,8.579294,16.587316,1,-1,-1,-1,0.188716,0.154024,1.891374,0.721005
16,934,15.147181,-97.304155,18.038240,8.129193,1,-1,-1,-1,0.339250,0.147518,4.714121,1.090097
16,930,-162.878240,-53.833551,9.261537,15.907254,1,-1,-1,-1,0.005942,0.004629,0.176174,0.066270
16,928,79.253954,138.472340,7.911849,15.226689,1,-1,-1,-1,0.249083,0.222031,1.778858,0.843305
16,916,82.554333,-116.772089,9.495395,15.502965,1,-1,-1,-1,0.144347,0.095992,2.310993,0.799943
16,912,169.724351,132.499278,17.212997,8.553608,1,-1,-1,-1,0.390212,0.099433,1.541080,0.512924
16,911,63.598010,187.850774,7.864073,15.762314,1,-1,-1,-1,0.081335,0.055118,0.834586,0.288990
16,910,59.643490,-86.278619,10.509588,9.182638,1,-1,-1,-1,0.013535,0.004817,0.017426,0.044429
16,909,123.706638,130.732204,16.126887,7.465362,1,-1,-1,-1,0.006061,0.005063,0.269887,0.070754
17,940,-221.226658,-88.498794,15.797631,8.381738,1,-1,-1,-1,0.259105,0.187285,1.741672,0.747435
17,939,63.391209,213.607520,8.522319,15.815713,1,-1,-1,-1,0.310510,0.241915,1.813352,0.932238
17,937,67.885794,-36.610487,8.720447,17.291674,1,-1,-1,-1,0.142224,0.127845,3.071636,1.079696
17,934,-0.915712,-97.192443,18.444221,8.634651,1,-1,-1,-1,0.447834,0.172154,3.849970,0.810234
17,930,-163.039361,-47.140701,8.338913,15.398549,1,-1,-1,-1,0.002988,0.002596,0.136122,0.048024
17,928,78.700014,146.980443,7.822478,15.028697,1,-1,-1,-1,0.073324,0.043171,0.672938,0.284357
17,916,82.090302,-111.512583,9.469337,16.131222,1,-1,-1,-1,0.135233,0.085200,1.722264,0.634619
17,912,169.371863,132.454622,17.583918,8.568991,1,-1,-1,-1,0.420537,0.085221,1.618680,0.480768
17,911,63.690198,187.631158,7.791726,15.590782,1,-1,-1,-1,0.081306,0.055612,0.781070,0.279580
17,909,123.728679,130.730392,16.092578,7.479190,1,-1,-1,-1,0.005542,0.004769,0.256871,0.067534
18,940,-221.564374,-88.636064,15.622610,7.931748,1,-1,-1,-1,0.137594,0.103759,1.403912,0.542451
18,937,68.063226,-34.797205,8.476663,18.395458,1,-1,-1,-1,0.088194,0.066986,1.901401,0.491761
18,934,-7.648653,-97.517700,18.227773,8.523109,1,-1,-1,-1,0.143896,0.078034,2.650559,0.571559
18,928,78.812384,155.424434,7.497583,14.931525,1,-1,-1,-1,0.086754,0.068472,0.713356,0.360716
18,922,11.557393,117.963327,16.825831,7.943781,1,-1,-1,-1,0.328430,0.089155,2.154475,0.752595
18,916,80.468675,-107.826154,9.050137,15.817024,1,-1,-1,-1,0.137518,0.150606,1.533740,0.719143
18,912,169.338662,131.701451,17.215901,7.950205,1,-1,-1,-1,0.256223,0.090835,1.275798,0.363590
18,911,63.585998,187.833492,7.848704,15.556113,1,-1,-1,-1,0.074028,0.050542,0.737258,0.264159
18,909,123.738605,130.719328,16.082726,7.471470,1,-1,-1,-1,0.006245,0.004067,0.256087,0.065035
19,940,-220.755165,-88.244990,15.186320,7.911985,1,-1,-1,-1,0.145945,0.098322,1.218944,0.524415
19,937,67.879780,-36.618614,8.602738,17.517071,1,-1,-1,-1,0.136068,0.114319,1.726640,0.573780
19,934,-7.910048,-97.730125,18.011345,8.464475,1,-1,-1,-1,0.190598,0.068645,2.055281,0.534771
19,931,-246.788387,-88.500773,15.130193,8.006317,1,-1,-1,-1,0.060090,0.045050,0.513713,0.197357
19,928,78.530959,164.648851,7.475614,14.990597,1,-1,-1,-1,0.237824,0.238708,1.258461,0.694648
19,922,11.719468,118.564093,16.738095,8.049526,1,-1,-1,-1,0.399892,0.106239,2.267006,0.771181
19,912,169.607337,132.522747,16.993756,8.264114,1,-1,-1,-1,0.321134,0.069939,1.266566,0.402579
19,911,63.450770,188.598224,7.990672,15.611770,1,-1,-1,-1,0.107136,0.078809,0.947606,0.404363
19,909,123.740622,130.720999,16.068809,7.487934,1,-1,-1,-1,0.006245,0.004107,0.255823,0.065639
20,946,36.693939,-83.963881,8.894692,6.052741,1,-1,-1,-1,0.011152,0.004239,0.016213,0.040767
20,940,-221.345477,-88.284761,15.138184,7.888583,1,-1,-1,-1,0.094141,0.073510,0.907316,0.333826
20,937,67.895092,-37.501063,8.420091,16.801127,1,-1,-1,-1,0.161698,0.114739,1.576239,0.563630
20,934,-7.661603,-97.364785,17.913200,8.345420,1,-1,-1,-1,0.107266,0.038630,1.348565,0.342231
20,931,-247.115414,-88.154032,15.225792,8.146323,1,-1,-1,-1,0.127059,0.089737,0.824725,0.366085
20,928,78.037129,174.255164,7.691776,15.071785,1,-1,-1,-1,0.079006,0.053399,0.800129,0.360814
20,922,11.401933,118.235771,16.825581,7.910101,1,-1,-1,-1,0.296555,0.083661,2.134104,0.731479
20,912,169.856510,132.334919,16.819531,8.528777,1,-1,-1,-1,0.319804,0.072525,1.235214,0.441376
20,911,62.926189,187.832753,8.062902,15.597125,1,-1,-1,-1,0.143272,0.097717,1.091146,0.472371
20,909,123.740283,130.720188,16.069426,7.489636,1,-1,-1,-1,0.007036,0.004404,0.266124,0.068149
21,947,-163.928623,-16.367951,7.677287,15.124660,1,-1,-1,-1,0.003240,0.002732,0.156211,0.051290
21,946,30.129354,-83.927302,8.942959,6.094731,1,-1,-1,-1,0.018269,0.006004,0.020299,0.050792
21,940,-221.103892,-88.642354,15.276745,7.751518,1,-1,-1,-1,0.152725,0.111299,1.191384,0.519966
21,937,68.136249,-36.081681,8.230236,16.916361,1,-1,-1,-1,0.402694,0.307905,2.397220,1.021321
21,931,-247.367078,-88.499224,15.726782,7.948378,1,-1,-1,-1,0.070145,0.054643,0.717141,0.265513
21,928,77.705111,183.910705,7.662113,15.161774,1,-1,-1,-1,0.226010,0.235859,1.324156,0.704872
21,922,11.396693,118.460432,16.716877,7.937336,1,-1,-1,-1,0.227913,0.071907,1.790620,0.621902
21,912,170.005539,132.061026,16.596142,8.452576,1,-1,-1,-1,0.350820,0.078913,1.204930,0.460676
21,911,63.627092,187.563034,7.985557,15.493621,1,-1,-1,-1,0.106753,0.069954,0.937826,0.346919
21,909,123.731359,130.720359,16.087274,7.489292,1,-1,-1,-1,0.006370,0.004190,0.257920,0.065037
22,952,-62.348928,-98.425225,19.504647,8.335303,1,-1,-1,-1,0.234794,0.158725,2.953611,0.349631
22,951,20.580515,-96.951751,17.962283,7.853922,1,-1,-1,-1,0.225526,0.072973,3.036328,0.423101
22,947,-164.190467,-7.861569,7.680999,15.141508,1,-1,-1,-1,0.002960,0.002572,0.148534,0.048453
22,946,23.286225,-84.066802,8.973003,6.105810,1,-1,-1,-1,0.028124,0.007323,0.026170,0.060263
22,940,-221.694976,-88.221651,15.436705,7.655468,1,-1,-1,-1,0.139298,0.109582,1.161827,0.488080
22,937,67.862301,-34.755699,8.492454,18.264160,1,-1,-1,-1,0.088365,0.065499,1.262788,0.300854
22,931,-247.714828,-87.725047,15.750273,8.445379,1,-1,-1,-1,0.180268,0.131418,1.142643,0.536862
22,928,77.804435,193.073704,7.545828,14.965802,1,-1,-1,-1,0.116679,0.096089,0.972110,0.523656
22,922,11.648180,118.473031,16.491071,8.017810,1,-1,-1,-1,0.255576,0.081910,1.721952,0.653395
22,912,169.835729,131.687067,16.413032,8.354638,1,-1,-1,-1,0.331481,0.069875,1.086296,0.413595
22,911,63.763896,187.777439,7.770182,15.595847,1,-1,-1,-1,0.081397,0.057244,0.809480,0.286700
22,909,123.739569,130.719939,16.080804,7.490131,1,-1,-1,-1,0.005883,0.003947,0.251237,0.063218
23,952,-63.111983,-98.465936,19.873049,8.547710,1,-1,-1,-1,0.242854,0.041847,1.297012,0.191479
23,951,-4.731282,-97.276235,17.972931,8.291403,1,-1,-1,-1,0.235829,0.051165,1.656819,0.271969
23,947,-164.459184,0.969968,7.708398,15.196773,1,-1,-1,-1,0.003438,0.003333,0.157663,0.054304
23,946,16.206360,-84.216578,8.945359,6.096142,1,-1,-1,-1,0.042286,0.010999,0.030868,0.074786
23,940,-221.417097,-88.139854,15.411889,7.989662,1,-1,-1,-1,0.248588,0.180028,1.476286,0.626920
23,937,67.722789,-36.842377,8.730284,17.379012,1,-1,-1,-1,0.278800,0.225562,1.779315,0.717508
23,931,-248.192727,-88.086233,15.903977,8.346844,1,-1,-1,-1,0.394006,0.303120,1.673637,0.864095
23,928,77.584681,203.051256,7.411208,14.897198,1,-1,-1,-1,0.200836,0.174671,1.212221,0.666685
23,922,11.592996,118.431101,16.658885,8.019752,1,-1,-1,-1,0.415835,0.116206,2.095742,0.800746
23,912,169.827132,132.068287,16.407497,8.305401,1,-1,-1,-1,0.348709,0.076707,1.157718,0.451631
23,911,63.593411,187.335648,7.751466,15.157877,1,-1,-1,-1,0.081257,0.058305,0.685501,0.258214
23,909,123.739232,130.719365,16.081535,7.481316,1,-1,-1,-1,0.006370,0.004107,0.259072,0.065632
24,952,-37.634887,-98.195717,17.977175,8.352649,1,-1,-1,-1,0.193230,0.083613,2.091030,0.570385
24,951,-8.225674,-97.486462,17.461363,8.229795,1,-1,-1,-1,0.216372,0.072562,2.045132,0.416282
24,947,-164.732120,10.164105,7.684416,15.158263,1,-1,-1,-1,0.003237,0.002757,0.151082,0.051310
24,946,8.744851,-84.357816,8.936059,6.087461,1,-1,-1,-1,0.030366,0.008840,0.026121,0.063252
24,940,-221.849029,-88.160166,15.783294,7.932737,1,-1,-1,-1,0.201500,0.159282,1.581388,0.709637
24,931,-247.727545,-88.476055,16.101975,8.252130,1,-1,-1,-1,0.200759,0.140666,1.409028,0.646631
24,928,77.429514,213.702223,7.487868,14.773750,1,-1,-1,-1,0.355195,0.345054,1.659753,0.961156
24,922,11.276543,118.812919,16.968062,8.232691,1,-1,-1,-1,0.367901,0.097980,2.086500,0.667973
24,912,170.055361,132.279771,16.353949,8.445551,1,-1,-1,-1,0.282285,0.064779,1.071482,0.421787
24,911,63.483085,187.873829,7.807802,15.444959,1,-1,-1,-1,0.097784,0.072457,0.819420,0.321431
24,909,123.747882,130.709033,16.064235,7.472050,1,-1,-1,-1,0.006370,0.004107,0.257179,0.065641
25,952,-33.932652,-97.930099,17.582651,8.503430,1,-1,-1,-1,0.528974,0.123296,2.126166,0.463240
25,951,-8.855718,-97.297940,17.639362,8.287088,1,-1,-1,-1,0.165489,0.044852,1.472465,0.267354
25,950,-66.535595,-98.287386,19.349873,8.560243,1,-1,-1,-1,0.209643,0.051032,1.197560,0.193739
25,947,-164.991615,19.375414,7.663286,15.116486,1,-1,-1,-1,0.002787,0.002495,0.139818,0.047537
25,946,1.044538,-84.477877,8.945930,6.097024,1,-1,-1,-1,0.038683,0.010256,0.028782,0.070735
25,940,-221.772178,-88.232017,15.564033,7.952569,1,-1,-1,-1,0.155511,0.125952,1.250426,0.538754
25,922,10.294235,118.642150,17.924209,8.243381,1,-1,-1,-1,0.340188,0.096051,1.932016,0.605776
25,912,169.792339,132.317349,16.340187,8.328419,1,-1,-1,-1,0.312322,0.066596,1.049205,0.404602
25,911,63.625599,187.435569,7.841258,15.396328,1,-1,-1,-1,0.060158,0.045496,0.654540,0.225940
25,909,123.733683,130.721677,16.092634,7.486492,1,-1,-1,-1,0.006307,0.004107,0.256977,0.065641
26,953,57.963554,125.770630,16.333292,17.104877,1,-1,-1,-1,0.465825,0.339622,5.289120,1.891430
26,950,-62.462305,-98.333342,19.426034,8.650467,1,-1,-1,-1,0.482503,0.115915,1.520973,0.328834
26,947,-165.241384,27.937488,7.642768,15.075485,1,-1,-1,-1,0.002815,0.002495,0.137957,0.047078
26,946,-6.990655,-84.668878,8.948381,6.108548,1,-1,-1,-1,0.008759,0.003538,0.015047,0.036352
26,940,-221.302199,-88.524127,15.718139,7.722825,1,-1,-1,-1,0.104009,0.077014,1.026521,0.416579
26,912,169.741227,132.331887,16.347688,8.445280,1,-1,-1,-1,0.355356,0.085754,1.179078,0.488200
26,911,63.629847,187.775073,7.831497,15.562579,1,-1,-1,-1,0.101247,0.068426,0.862837,0.333654
26,909,123.730731,130.720346,16.098538,7.489315,1,-1,-1,-1,0.006498,0.004190,0.261022,0.066884
27,958,-90.129490,118.212404,15.999448,7.819134,1,-1,-1,-1,0.331920,0.269826,4.113682,0.970953
27,953,52.117879,127.991633,17.137013,16.109536,1,-1,-1,-1,0.602001,0.379903,5.820285,2.066477
27,947,-165.479912,35.812840,7.639725,15.107584,1,-1,-1,-1,0.002900,0.002571,0.141339,0.048908
27,946,-15.217428,-84.819151,8.928668,6.098926,1,-1,-1,-1,0.011331,0.004361,0.016276,0.042354
27,940,-221.504564,-88.578766,15.825652,7.805567,1,-1,-1,-1,0.089359,0.076773,0.966553,0.424700
27,912,169.821959,132.296268,16.529280,8.537348,1,-1,-1,-1,0.311178,0.067303,1.118248,0.418775
27,911,63.669506,187.489413,7.761054,15.621259,1,-1,-1,-1,0.057918,0.043350,0.667468,0.226294
27,909,123.747484,130.718984,16.074976,7.482074,1,-1,-1,-1,0.006183,0.004026,0.254851,0.065033
28,958,-86.277658,118.177633,15.813739,7.778858,1,-1,-1,-1,0.278922,0.195017,3.153393,0.829857
28,954,-124.074804,132.226593,15.341396,7.915274,1,-1,-1,-1,0.083031,0.065356,0.850479,0.305436
28,947,-165.681161,42.899954,7.632049,15.036722,1,-1,-1,-1,0.003049,0.002597,0.138618,0.048448
28,946,-23.836613,-84.999201,8.938254,6.099061,1,-1,-1,-1,0.010060,0.003908,0.015644,0.039608
28,912,169.928993,132.381994,16.401839,8.612743,1,-1,-1,-1,0.276081,0.065355,1.028279,0.413087
28,911,63.611922,187.918206,7.830708,15.760866,1,-1,-1,-1,0.088999,0.066508,0.815753,0.312274
28,909,123.750302,130.720444,16.069401,7.489077,1,-1,-1,-1,0.006628,0.004190,0.258640,0.066882
29,960,-98.949473,132.131207,19.269381,8.207775,1,-1,-1,-1,0.115137,0.089601,1.659567,0.281036
29,958,-80.946054,118.407163,15.382158,7.484810,1,-1,-1,-1,0.114939,0.097354,1.549471,0.561754
29,954,-123.878414,132.023248,15.016227,7.643913,1,-1,-1,-1,0.090905,0.065818,0.877569,0.334279
29,952,-7.303835,-97.122999,17.769509,8.625676,1,-1,-1,-1,0.089991,0.037528,1.298764,0.310477
29,947,-165.880352,49.313551,7.630429,15.011910,1,-1,-1,-1,0.003141,0.002675,0.140858,0.049380
29,946,-32.731616,-85.179180,8.948171,6.099061,1,-1,-1,-1,0.013013,0.004722,0.017605,0.045297
29,912,169.892570,132.411576,16.515699,8.643549,1,-1,-1,-1,0.304610,0.074549,1.119334,0.445456
29,911,63.604378,187.451810,7.813928,15.524222,1,-1,-1,-1,0.082815,0.061744,0.777337,0.291849
29,909,123.731367,130.719933,16.097327,7.480176,1,-1,-1,-1,0.006307,0.004107,0.256635,0.065033
30,962,8.509294,-82.951155,16.233189,7.867043,1,-1,-1,-1,0.302060,0.063270,1.764954,0.343736
30,960,-99.071523,132.396511,18.063409,8.268619,1,-1,-1,-1,0.109252,0.077479,1.794076,0.463454
30,958,-77.554532,118.923524,16.023006,7.895000,1,-1,-1,-1,0.094683,0.056611,1.143636,0.388342
30,954,-123.558034,132.481314,15.076320,7.832269,1,-1,-1,-1,0.112230,0.087155,1.035652,0.405608
30,952,-6.979723,-97.573593,17.609402,8.503055,1,-1,-1,-1,0.142265,0.032424,1.628976,0.426055
30,947,-166.068016,55.070934,7.655620,15.099329,1,-1,-1,-1,0.003402,0.002784,0.149715,0.053286
30,946,-41.902198,-85.359047,8.948362,6.098899,1,-1,-1,-1,0.018743,0.006117,0.020601,0.051779
30,912,169.933353,132.177990,16.631143,8.495824,1,-1,-1,-1,0.320907,0.071170,1.144115,0.430275
30,911,63.748237,187.646118,7.797240,15.517943,1,-1,-1,-1,0.068628,0.051512,0.676562,0.250251
30,909,123.738893,130.709764,16.082212,7.480548,1,-1,-1,-1,0.006307,0.004107,0.256471,0.065026
31,963,-65.216095,148.441472,18.985512,9.303088,1,-1,-1,-1,0.418544,0.235362,4.463700,0.672754
31,962,-0.080476,-83.040562,17.583015,8.444997,1,-1,-1,-1,0.124151,0.033976,1.262428,0.211910
31,960,-99.030222,132.506015,19.101019,8.336651,1,-1,-1,-1,0.070163,0.059476,1.099691,0.245675
31,958,-74.017384,118.619955,15.846161,7.858294,1,-1,-1,-1,0.140990,0.119241,1.416756,0.605087
31,954,-123.910786,132.090465,15.148656,8.006374,1,-1,-1,-1,0.086555,0.062639,0.891998,0.308083
31,952,-6.628217,-97.020947,17.924356,8.662054,1,-1,-1,-1,0.255213,0.066572,1.745937,0.477973
31,947,-166.210778,60.025113,7.651068,15.072967,1,-1,-1,-1,0.003048,0.002596,0.140697,0.049863
31,946,-51.336097,-85.558387,8.967100,6.108274,1,-1,-1,-1,0.040896,0.010456,0.030749,0.072014
31,912,169.875009,132.166739,16.499957,8.533890,1,-1,-1,-1,0.366759,0.088193,1.217750,0.500986
31,911,63.625153,187.603785,7.798293,15.429769,1,-1,-1,-1,0.076034,0.050513,0.703294,0.258758
31,909,123.730540,130.720066,16.088979,7.479787,1,-1,-1,-1,0.006563,0.004232,0.260539,0.066882
32,960,-98.744031,132.458341,19.024823,8.439084,1,-1,-1,-1,0.066545,0.055417,0.998080,0.246483
32,958,-70.554635,118.163826,15.845990,7.808920,1,-1,-1,-1,0.121085,0.076601,1.181734,0.486308
32,954,-124.141374,132.245697,15.284414,8.000852,1,-1,-1,-1,0.100104,0.068717,0.917211,0.331969
32,952,-7.897990,-97.205855,18.023377,8.640778,1,-1,-1,-1,0.145691,0.053587,1.533741,0.417961
32,947,-166.340468,64.277380,7.650366,15.061261,1,-1,-1,-1,0.003368,0.002784,0.145503,0.052284
32,946,-60.797739,-85.749082,8.948931,6.099092,1,-1,-1,-1,0.023501,0.007243,0.023401,0.057005
32,912,169.919582,131.920739,16.578506,8.515617,1,-1,-1,-1,0.314150,0.084296,1.268119,0.476299
32,911,63.627337,187.691152,7.786039,15.425793,1,-1,-1,-1,0.088295,0.066534,0.763663,0.293594
32,909,123.730744,130.720206,16.098443,7.479590,1,-1,-1,-1,0.006897,0.004360,0.264843,0.068154
33,967,11.317945,118.505730,16.957576,8.251837,1,-1,-1,-1,0.267003,0.082886,3.127372,0.699944
33,960,-98.727315,132.345645,18.180655,8.280485,1,-1,-1,-1,0.176559,0.120248,1.616048,0.539519
33,958,-67.441612,119.127781,15.957501,7.827872,1,-1,-1,-1,0.164966,0.115751,1.471246,0.587117
33,954,-124.221188,132.491480,15.898888,8.413659,1,-1,-1,-1,0.087924,0.058458,0.979547,0.405395
33,952,-7.336456,-97.384424,17.908588,8.354432,1,-1,-1,-1,0.161622,0.063540,1.608277,0.538943
33,947,-166.449972,67.839627,7.649399,15.096991,1,-1,-1,-1,0.002929,0.002571,0.140404,0.048455
33,946,-70.296456,-85.929231,8.939036,6.099006,1,-1,-1,-1,0.018378,0.006178,0.020799,0.050831
33,912,170.048192,132.021249,16.279388,8.304451,1,-1,-1,-1,0.311443,0.067932,1.055949,0.417827
33,911,63.684811,187.634965,7.737108,15.549368,1,-1,-1,-1,0.057331,0.043345,0.635285,0.215966
33,909,123.729632,130.720374,16.080852,7.489217,1,-1,-1,-1,0.006563,0.004190,0.258665,0.066270
34,967,11.070610,118.242122,17.185910,8.228951,1,-1,-1,-1,0.236192,0.069596,2.649880,0.575209
34,960,-98.431605,132.272027,17.488221,8.305585,1,-1,-1,-1,0.103792,0.078045,1.368301,0.416635
34,958,-64.763381,118.351857,15.555718,7.821581,1,-1,-1,-1,0.089987,0.071543,0.940556,0.404783
34,954,-124.188306,132.334107,15.819166,8.082886,1,-1,-1,-1,0.073484,0.054110,0.839472,0.291566
34,952,-7.322744,-97.541957,17.655825,8.269227,1,-1,-1,-1,0.374055,0.124789,2.017003,0.551998
34,947,-166.530876,70.646831,7.641218,15.072756,1,-1,-1,-1,0.002522,0.002327,0.130597,0.044030
34,946,-79.788677,-86.119437,8.938576,6.089505,1,-1,-1,-1,0.018376,0.005996,0.020392,0.051792
34,912,170.037179,132.198101,16.331033,8.243453,1,-1,-1,-1,0.303993,0.065354,1.035431,0.392821
34,911,63.723955,187.639221,7.719473,15.493135,1,-1,-1,-1,0.054065,0.041670,0.556276,0.201637
34,909,123.729059,130.708508,16.101759,7.463174,1,-1,-1,-1,0.006307,0.004107,0.258347,0.066262
35,973,-85.403288,-99.333529,16.466123,8.013233,1,-1,-1,-1,0.259000,0.065831,2.302332,0.585217
35,970,-174.682394,-179.341220,10.923318,20.831100,1,-1,-1,-1,0.069239,0.046261,1.393841,0.138409
35,967,10.858336,118.254874,17.351821,8.035885,1,-1,-1,-1,0.233710,0.060555,2.279953,0.542283
35,960,-98.550317,132.253710,17.552986,8.110114,1,-1,-1,-1,0.117171,0.085383,1.459227,0.445808
35,958,-62.453559,118.764163,15.343769,7.913152,1,-1,-1,-1,0.305126,0.276850,1.599889,0.877765
35,954,-123.836629,132.466144,16.116451,8.355797,1,-1,-1,-1,0.087647,0.067923,1.008696,0.401571
35,952,-8.188841,-97.424409,17.689818,8.378285,1,-1,-1,-1,0.093345,0.040609,1.369515,0.367734
35,947,-166.599256,72.752866,7.657706,15.105465,1,-1,-1,-1,0.003436,0.002812,0.148919,0.052769
35,946,-89.186690,-86.309134,8.948497,6.098826,1,-1,-1,-1,0.024424,0.007242,0.023851,0.058034
35,912,169.920190,132.069749,16.377950,8.225770,1,-1,-1,-1,0.330960,0.067858,1.056340,0.405089
35,911,63.667816,187.695708,7.778520,15.512479,1,-1,-1,-1,0.070472,0.047671,0.668285,0.244709
35,909,123.704634,130.731805,16.140787,7.476100,1,-1,-1,-1,0.006183,0.005113,0.268795,0.070748
36,974,-160.847296,-133.976473,8.801091,18.405446,1,-1,-1,-1,0.109481,0.079299,2.158594,0.364605
36,970,-174.680056,-178.941317,10.907608,20.863231,1,-1,-1,-1,0.126032,0.089766,1.696486,0.207742
36,967,11.358323,118.499111,16.843677,8.142343,1,-1,-1,-1,0.320047,0.093202,2.407094,0.696865
36,960,-98.408764,132.042911,16.391393,8.278919,1,-1,-1,-1,0.067007,0.052165,0.937251,0.288619
36,958,-59.916419,118.215526,15.260717,7.715014,1,-1,-1,-1,0.146412,0.103005,1.237828,0.562242
36,954,-124.157972,132.109493,16.473963,8.252884,1,-1,-1,-1,0.115522,0.086693,1.195812,0.438259
36,952,-7.988964,-97.619974,16.916843,8.194371,1,-1,-1,-1,0.289656,0.092205,1.521917,0.611265
36,947,-166.631097,74.141300,7.641494,15.111044,1,-1,-1,-1,0.002843,0.002927,0.141459,0.050821
36,946,-98.003374,-86.489425,8.948874,6.099225,1,-1,-1,-1,0.019686,0.006239,0.021415,0.052804
36,912,170.139341,132.178083,16.278666,8.285185,1,-1,-1,-1,0.290641,0.064738,1.012567,0.400370
36,911,63.613917,187.569332,7.817546,15.524888,1,-1,-1,-1,0.080426,0.061097,0.750610,0.286159
36,909,123.737023,130.719959,16.085893,7.490127,1,-1,-1,-1,0.006370,0.004148,0.256578,0.066280
37,975,-52.955126,-84.261119,17.259403,8.194040,1,-1,-1,-1,0.199564,0.063959,1.846281,0.289225
37,974,-160.439501,-134.311297,8.526859,17.997482,1,-1,-1,-1,0.100400,0.068392,1.847939,0.380337
37,970,-174.984220,-178.764490,11.243578,20.980283,1,-1,-1,-1,0.146666,0.091191,1.786650,0.224181
37,967,11.145853,118.133424,16.985181,7.982574,1,-1,-1,-1,0.615464,0.149702,3.147236,0.920900
37,960,-98.332918,132.644635,17.942423,8.329373,1,-1,-1,-1,0.130953,0.095961,1.197359,0.338130
37,958,-57.757151,118.170843,15.221947,7.674274,1,-1,-1,-1,0.296427,0.353324,1.719221,0.895089
37,954,-123.944288,132.244071,16.679257,8.192400,1,-1,-1,-1,0.105668,0.081303,1.277036,0.488971
37,952,-7.326560,-97.000985,17.656764,8.562802,1,-1,-1,-1,0.362585,0.090871,1.747464,0.542888
37,947,-166.650605,74.800901,7.640393,15.101171,1,-1,-1,-1,0.003172,0.002675,0.143801,0.051302
37,946,-106.057754,-86.639683,8.958573,6.099370,1,-1,-1,-1,0.020675,0.006239,0.021624,0.052791
37,912,169.917937,132.603388,16.339648,8.436116,1,-1,-1,-1,0.298146,0.073157,1.085803,0.438141
37,911,63.561662,187.588291,7.843307,15.539262,1,-1,-1,-1,0.095095,0.064714,0.828938,0.323225
37,909,123.728918,130.719257,16.082287,7.481531,1,-1,-1,-1,0.006761,0.004274,0.262258,0.067516
38,980,-221.050482,-101.771848,17.140304,8.292969,1,-1,-1,-1,0.270755,0.082895,3.110885,0.591362
38,975,-59.727309,-84.647872,15.923557,8.098854,1,-1,-1,-1,0.476445,0.102692,1.471488,0.458595
38,974,-160.699526,-134.285625,8.694976,18.053043,1,-1,-1,-1,0.054659,0.036644,1.124728,0.221955
38,970,-174.416824,-179.604451,10.625113,20.803320,1,-1,-1,-1,0.066781,0.042338,1.068073,0.119689
38,967,11.291942,118.803227,16.867714,8.403464,1,-1,-1,-1,0.303753,0.090827,2.680707,0.760397
38,960,-98.007652,132.831236,17.963671,8.558109,1,-1,-1,-1,0.170246,0.116646,1.604077,0.507954
38,958,-55.261158,118.160410,15.239730,7.676369,1,-1,-1,-1,0.416113,0.472175,2.193083,1.197676
38,954,-123.961413,132.178970,16.982046,8.075721,1,-1,-1,-1,0.111494,0.084341,1.346210,0.468636
38,952,-7.250828,-97.436732,17.734835,8.549602,1,-1,-1,-1,0.364758,0.093406,1.915878,0.621543
38,947,-166.641220,74.849433,7.631604,15.064133,1,-1,-1,-1,0.003018,0.002596,0.140018,0.049386
38,946,-113.439296,-86.799491,8.939685,6.099099,1,-1,-1,-1,0.020273,0.006492,0.021623,0.054316
38,912,169.832745,131.830666,16.335907,8.297483,1,-1,-1,-1,0.296157,0.075284,1.121764,0.441771
38,911,63.690410,187.507975,7.730625,15.434985,1,-1,-1,-1,0.064274,0.049109,0.659012,0.237459
38,909,123.747818,130.719419,16.054297,7.481164,1,-1,-1,-1,0.006370,0.004148,0.254160,0.066267
39,981,-36.117293,-97.605834,18.187237,8.533776,1,-1,-1,-1,0.377045,0.118054,3.475731,0.577713
39,980,-220.277980,-101.780916,16.722087,8.151045,1,-1,-1,-1,0.202372,0.071748,2.562130,0.602838
39,975,-66.286600,-85.228982,14.914515,7.634424,1,-1,-1,-1,0.179787,0.053039,0.695399,0.249649
39,974,-160.601088,-134.421749,8.554006,18.328673,1,-1,-1,-1,0.114370,0.070920,1.411820,0.343142
39,973,-93.862921,-99.469312,17.943334,8.276202,1,-1,-1,-1,0.610950,0.146712,3.028232,0.830210
39,970,-174.016541,-178.863116,10.926923,20.344466,1,-1,-1,-1,0.185818,0.143594,1.914011,0.453919
39,967,10.877382,118.236426,17.511401,7.995024,1,-1,-1,-1,0.270174,0.075634,2.200292,0.617552
39,960,-98.492393,132.473280,18.788976,8.580813,1,-1,-1,-1,0.107146,0.072799,1.206963,0.298123
39,958,-53.985140,118.160295,15.790705,7.543884,1,-1,-1,-1,0.110737,0.082814,1.389049,0.592181
39,954,-124.163522,132.376840,17.062039,8.225300,1,-1,-1,-1,0.126589,0.089176,1.427217,0.492434
39,952,-6.568093,-97.010661,17.921890,8.582115,1,-1,-1,-1,0.607815,0.118468,2.193886,0.728618
39,947,-166.650246,74.861023,7.629813,15.078734,1,-1,-1,-1,0.003048,0.002596,0.141153,0.049382
39,946,-120.108397,-86.929814,8.948523,6.099344,1,-1,-1,-1,0.025647,0.007611,0.024555,0.060275
39,912,169.849911,132.411605,16.477204,8.467005,1,-1,-1,-1,0.303199,0.071170,1.125528,0.436006
39,911,63.586501,187.742525,7.842085,15.505408,1,-1,-1,-1,0.056184,0.038209,0.604083,0.205626
39,909,123.714376,130.730474,16.121244,7.469007,1,-1,-1,-1,0.006183,0.005164,0.266264,0.070748
40,981,-35.913437,-97.973263,18.925560,8.673412,1,-1,-1,-1,0.111197,0.050778,1.743687,0.310610
40,980,-220.333392,-101.731332,16.540907,8.046758,1,-1,-1,-1,0.156477,0.055592,1.993934,0.510129
40,975,-72.048892,-85.450463,15.444319,7.694785,1,-1,-1,-1,0.065005,0.028645,0.542328,0.167919
40,974,-160.807376,-133.986167,8.780677,18.566537,1,-1,-1,-1,0.182515,0.091384,1.806831,0.432377
40,973,-74.098425,-99.124183,17.299811,8.192811,1,-1,-1,-1,0.534963,0.157020,2.982126,0.999781
40,970,-174.791980,-177.788464,11.781582,20.663103,1,-1,-1,-1,0.200012,0.139777,2.328023,0.471456
40,967,10.958688,118.609355,17.389272,8.184824,1,-1,-1,-1,0.224907,0.078394,2.041152,0.641043
40,960,-98.819756,132.409096,18.800861,8.537486,1,-1,-1,-1,0.137249,0.101424,1.436515,0.424741
40,958,-51.982831,118.474229,15.807205,7.585958,1,-1,-1,-1,0.147287,0.115260,1.423006,0.644678
40,954,-124.126890,132.172997,16.786016,8.221684,1,-1,-1,-1,0.156876,0.119544,1.461645,0.580959
40,952,-7.587324,-96.927188,17.617285,8.656130,1,-1,-1,-1,0.272388,0.090175,1.997448,0.617558
40,947,-166.650314,74.859687,7.629941,15.079841,1,-1,-1,-1,0.003141,0.002649,0.143636,0.050331
40,946,-126.039435,-87.040026,8.939110,6.089589,1,-1,-1,-1,0.024666,0.007611,0.023613,0.058611
40,912,169.769663,132.374650,16.529859,8.534397,1,-1,-1,-1,0.330898,0.076697,1.159177,0.457004
40,911,63.645610,187.653132,7.841030,15.502295,1,-1,-1,-1,0.070480,0.047208,0.671191,0.242928
40,909,123.746909,130.719774,16.066125,7.480493,1,-1,-1,-1,0.006121,0.004026,0.252191,0.063836
41,975,-78.277057,-84.864338,15.796669,7.889116,1,-1,-1,-1,0.278512,0.072068,1.040263,0.383604
41,974,-160.785298,-134.140847,8.633607,18.541027,1,-1,-1,-1,0.071976,0.045222,1.202034,0.270107
41,973,-64.743971,-99.010370,17.853711,8.112217,1,-1,-1,-1,0.371489,0.120846,2.687640,0.801090
41,967,10.937063,118.033366,17.372215,7.950482,1,-1,-1,-1,0.221285,0.062481,1.897684,0.590797
41,960,-98.627887,132.565262,19.009557,8.709479,1,-1,-1,-1,0.133981,0.091827,1.298605,0.341604
41,958,-50.412691,118.881601,15.899642,7.786340,1,-1,-1,-1,0.089627,0.060758,0.946990,0.414600
41,954,-124.000537,132.218345,17.048572,8.139010,1,-1,-1,-1,0.108869,0.082182,1.372392,0.454380
41,947,-166.650383,74.848230,7.630152,15.070778,1,-1,-1,-1,0.003110,0.002622,0.142371,0.050334
41,946,-131.364239,-86.900184,8.979613,6.167354,1,-1,-1,-1,0.014505,0.005165,0.018661,0.047552
41,912,169.808654,132.254293,16.537151,8.480664,1,-1,-1,-1,0.300116,0.064769,1.061241,0.404476
41,911,63.648327,187.365800,7.814646,15.296279,1,-1,-1,-1,0.052069,0.040098,0.562616,0.194036
41,909,123.731576,130.720369,16.086904,7.479263,1,-1,-1,-1,0.006061,0.004026,0.253628,0.064413
42,975,-85.003383,-83.938447,16.266420,8.019034,1,-1,-1,-1,0.680706,0.203353,1.966795,0.704023
42,974,-161.095016,-133.658049,9.231188,18.311903,1,-1,-1,-1,0.269919,0.224754,2.145361,0.644872
42,967,11.209539,118.170010,16.957527,7.860464,1,-1,-1,-1,0.244188,0.076074,1.864891,0.648288
42,960,-98.661842,132.764731,19.342172,8.737083,1,-1,-1,-1,0.135097,0.096968,1.333653,0.354559
42,958,-49.444229,118.728938,15.909810,7.845587,1,-1,-1,-1,0.140510,0.098485,1.106355,0.545143
42,954,-124.147843,132.099992,16.778755,8.058301,1,-1,-1,-1,0.107444,0.081973,1.205268,0.446380
42,947,-166.650282,74.847815,7.629998,15.070019,1,-1,-1,-1,0.003172,0.002649,0.143572,0.050815
42,946,-136.820891,-86.184870,9.500697,6.956745,1,-1,-1,-1,0.017838,0.005878,0.020184,0.051294
42,912,169.889345,132.218557,16.623295,8.412038,1,-1,-1,-1,0.308230,0.067855,1.096246,0.408961
42,911,63.746048,187.357057,7.694280,15.274555,1,-1,-1,-1,0.057229,0.041665,0.553496,0.199359
42,909,123.730906,130.720270,16.098129,7.479460,1,-1,-1,-1,0.006307,0.004148,0.257752,0.065637
43,975,-91.932342,-83.775392,17.179063,8.487105,1,-1,-1,-1,0.566724,0.139085,2.287224,0.602654
43,974,-161.609742,-133.785723,9.456186,18.394186,1,-1,-1,-1,0.405428,0.329828,3.161641,0.973813
43,967,11.368128,118.240611,16.761862,7.818771,1,-1,-1,-1,0.203270,0.066713,1.712763,0.599341
43,960,-98.658800,132.503128,19.354604,8.684930,1,-1,-1,-1,0.100077,0.073345,1.093963,0.280317
43,958,-48.349200,119.195381,15.806380,8.151765,1,-1,-1,-1,0.111741,0.077587,1.057058,0.487305
43,954,-124.632617,132.414108,16.628262,8.286350,1,-1,-1,-1,0.079898,0.058381,1.017512,0.380789
43,947,-166.650244,74.847166,7.629971,15.069944,1,-1,-1,-1,0.003204,0.002675,0.143555,0.051792
43,946,-142.096315,-85.442447,9.600101,7.124659,1,-1,-1,-1,0.022803,0.006891,0.022925,0.055878
43,912,169.820858,132.353193,16.624391,8.408652,1,-1,-1,-1,0.282677,0.062333,1.050728,0.386502
43,911,63.648838,187.663169,7.725421,15.316990,1,-1,-1,-1,0.081861,0.055544,0.708854,0.273006
43,909,123.720140,130.729544,16.109773,7.470869,1,-1,-1,-1,0.005653,0.004865,0.257887,0.069436
44,975,-97.659150,-85.450827,17.322224,8.376854,1,-1,-1,-1,0.292776,0.156348,2.652997,0.900329
44,974,-162.021857,-133.947761,9.629829,18.695059,1,-1,-1,-1,0.356575,0.254526,4.015176,1.060815
44,967,11.507622,118.027641,16.851967,7.712789,1,-1,-1,-1,0.346355,0.089099,2.006177,0.716184
44,960,-99.033674,131.778610,18.119154,8.348008,1,-1,-1,-1,0.109358,0.084253,1.177187,0.434220
44,958,-47.203821,119.078331,15.923525,8.217539,1,-1,-1,-1,0.275264,0.264658,1.567005,0.774519
44,954,-125.241401,132.522317,16.665239,8.342278,1,-1,-1,-1,0.100514,0.074531,1.079518,0.398372
44,947,-166.640625,74.846745,7.620801,15.070620,1,-1,-1,-1,0.002900,0.002927,0.141014,0.051304
44,912,170.001902,132.331274,16.536450,8.551934,1,-1,-1,-1,0.327090,0.078098,1.134884,0.457983
44,911,63.606342,187.852291,7.807170,15.514240,1,-1,-1,-1,0.086707,0.059974,0.799549,0.301206
44,909,123.711495,130.741204,16.107112,7.487419,1,-1,-1,-1,0.005824,0.004914,0.262014,0.069452
45,985,-51.651796,132.034477,18.298060,8.332939,1,-1,-1,-1,0.286894,0.204462,3.736523,0.802544
45,975,-103.185041,-85.770930,16.439669,8.120960,1,-1,-1,-1,0.427134,0.389407,2.983149,1.489494
45,974,-201.011223,-109.696429,12.603108,14.049368,1,-1,-1,-1,0.532905,0.302954,5.256942,1.402767
45,973,-95.072032,-98.887781,18.987716,9.120554,1,-1,-1,-1,0.776680,0.684344,4.803345,1.676960
45,967,10.984168,118.689441,17.108060,7.961664,1,-1,-1,-1,0.294707,0.094318,2.006829,0.676361
45,960,-99.274535,131.967378,17.429494,8.244534,1,-1,-1,-1,0.137089,0.101416,1.304987,0.508011
45,954,-126.159467,132.335788,16.589296,8.326247,1,-1,-1,-1,0.133301,0.102237,1.217321,0.536089
45,947,-166.649875,74.845539,7.629383,15.060147,1,-1,-1,-1,0.003018,0.002571,0.139708,0.049859
45,912,169.978931,132.370970,16.555059,8.649274,1,-1,-1,-1,0.285803,0.067269,1.075810,0.425328
45,911,63.616561,187.740412,7.871873,15.635895,1,-1,-1,-1,0.063640,0.049099,0.701208,0.246578
45,909,123.726978,130.729434,16.066096,7.491233,1,-1,-1,-1,0.007542,0.004583,0.270629,0.070104
46,975,-108.042216,-85.236531,15.884491,8.157134,1,-1,-1,-1,0.319245,0.346327,2.711718,1.606187
46,974,-220.342172,-102.052518,18.072757,9.923562,1,-1,-1,-1,0.266804,0.199297,4.190168,0.633717
46,967,11.954698,118.313643,16.499413,7.907685,1,-1,-1,-1,0.228081,0.072654,1.659223,0.606879
46,960,-99.826475,132.687456,18.378149,8.544454,1,-1,-1,-1,0.084665,0.063053,0.994421,0.253157
46,954,-128.231988,132.105425,17.027046,8.218939,1,-1,-1,-1,0.132551,0.106289,1.417168,0.580220
46,947,-166.650138,74.845166,7.629913,15.059893,1,-1,-1,-1,0.003048,0.002596,0.140899,0.049855
46,912,170.203785,132.078438,16.414011,8.701019,1,-1,-1,-1,0.245099,0.073168,1.065961,0.446666
46,911,63.576067,187.809830,7.873672,15.691969,1,-1,-1,-1,0.077441,0.058826,0.758271,0.281871
46,909,123.675752,130.731330,16.138672,7.487351,1,-1,-1,-1,0.007248,0.004448,0.273139,0.069455
47,975,-112.252784,-85.466788,15.671014,8.031942,1,-1,-1,-1,0.260032,0.229820,2.266350,1.440795
47,974,-223.767515,-101.447543,18.919697,9.305589,1,-1,-1,-1,0.351137,0.274121,4.325576,0.914079
47,967,11.502917,118.085636,16.696791,7.794349,1,-1,-1,-1,0.197277,0.053567,1.646681,0.553220
47,960,-101.470393,132.628532,18.632496,8.602137,1,-1,-1,-1,0.110169,0.086545,1.116386,0.330746
47,954,-129.975254,131.675507,16.631999,7.993879,1,-1,-1,-1,0.143599,0.109272,1.314308,0.535771
47,947,-166.640072,74.845708,7.629777,15.069082,1,-1,-1,-1,0.002929,0.002956,0.140892,0.050333
47,912,170.025358,132.224307,16.601477,8.607660,1,-1,-1,-1,0.310011,0.073195,1.132610,0.445650
47,911,63.592807,187.544703,7.834486,15.554269,1,-1,-1,-1,0.078240,0.052498,0.738030,0.270606
47,909,123.696614,130.718875,16.106661,7.482386,1,-1,-1,-1,0.008005,0.004722,0.277571,0.071426
48,990,-160.042889,-67.665184,8.820963,10.388437,1,-1,-1,-1,0.010611,0.004073,0.015738,0.040376
48,975,-116.141778,-85.388908,15.309773,8.033483,1,-1,-1,-1,0.297905,0.249936,2.106424,1.418590
48,974,-224.988488,-99.517121,19.378999,9.886759,1,-1,-1,-1,0.498065,0.345808,4.354319,1.236182
48,967,11.707748,118.279255,16.354813,7.765254,1,-1,-1,-1,0.213849,0.067203,1.482426,0.568158
48,960,-102.081755,132.575600,18.294996,8.654929,1,-1,-1,-1,0.098013,0.071232,1.109104,0.321073
48,954,-132.079511,131.386341,16.318003,8.070407,1,-1,-1,-1,0.137502,0.100653,1.220766,0.483052
48,947,-166.640109,74.844784,7.629940,15.069859,1,-1,-1,-1,0.002900,0.002926,0.140868,0.050815
48,912,169.849565,132.566938,16.799532,8.797168,1,-1,-1,-1,0.311212,0.075992,1.200955,0.451742
48,911,63.632176,187.477457,7.821593,15.483328,1,-1,-1,-1,0.065443,0.048615,0.653434,0.237633
48,909,123.780020,130.718054,15.979579,7.493841,1,-1,-1,-1,0.009571,0.005268,0.279942,0.074841
49,990,-161.014465,-63.071636,7.388220,9.703477,1,-1,-1,-1,0.014696,0.005171,0.018757,0.047514
49,975,-119.354939,-85.552071,15.460201,8.307225,1,-1,-1,-1,0.084666,0.067881,0.974149,0.473406
49,967,11.654693,118.227061,16.541439,7.722193,1,-1,-1,-1,0.183722,0.061763,1.537334,0.570145
49,960,-103.156976,132.850415,18.485982,8.792601,1,-1,-1,-1,0.108295,0.079633,1.150661,0.330316
49,954,-134.286373,131.332190,15.985530,8.040231,1,-1,-1,-1,0.085437,0.069293,0.858433,0.324136
49,947,-166.650185,74.843520,7.630151,15.060776,1,-1,-1,-1,0.003204,0.002675,0.142092,0.050335
49,912,169.701665,132.442099,16.854180,8.731945,1,-1,-1,-1,0.311264,0.072523,1.175803,0.436914
49,911,63.606677,188.138581,7.876475,15.737126,1,-1,-1,-1,0.110930,0.078025,0.939463,0.380219
49,909,123.790440,130.729904,15.988820,7.490089,1,-1,-1,-1,0.010995,0.005705,0.291204,0.079146
50,990,-161.795168,-58.006100,7.185548,9.603986,1,-1,-1,-1,0.024274,0.007396,0.023260,0.058571
50,975,-121.788307,-85.149939,15.609136,8.544693,1,-1,-1,-1,0.068035,0.052047,0.666719,0.292036
50,967,12.206219,118.233102,16.238184,7.692506,1,-1,-1,-1,0.178333,0.056681,1.385927,0.524081
50,960,-105.473718,132.608040,18.799282,8.776442,1,-1,-1,-1,0.098895,0.079675,1.160325,0.358984
50,954,-137.080380,131.261753,15.999405,8.162132,1,-1,-1,-1,0.115253,0.095820,0.975250,0.404666
50,947,-166.620026,74.854238,7.629632,15.078337,1,-1,-1,-1,0.003141,0.002622,0.142090,0.050334
50,912,169.680192,132.057137,16.998176,8.651248,1,-1,-1,-1,0.235877,0.057239,1.100768,0.369053
50,911,63.645743,187.495328,8.323989,15.444425,1,-1,-1,-1,0.097091,0.063559,0.868491,0.357200
50,909,123.711638,130.722373,16.136825,7.475402,1,-1,-1,-1,0.009018,0.005113,0.289473,0.074185
51,990,-161.812364,-52.886022,6.762851,9.346207,1,-1,-1,-1,0.022201,0.006966,0.022562,0.055898
51,975,-123.359756,-86.459860,15.957493,8.040072,1,-1,-1,-1,0.090791,0.078827,0.998155,0.501167
51,967,11.986576,118.424242,16.368577,7.713813,1,-1,-1,-1,0.241340,0.069129,1.587727,0.607475
51,960,-107.086051,132.448067,18.533889,8.871783,1,-1,-1,-1,0.098818,0.076032,1.172772,0.347939
51,954,-139.816253,131.182219,15.665670,8.315623,1,-1,-1,-1,0.204030,0.177564,1.237778,0.615074
51,947,-166.271118,74.842813,7.630108,15.070638,1,-1,-1,-1,0.003048,0.002596,0.140825,0.049384
51,912,169.453762,132.344073,17.030377,8.757645,1,-1,-1,-1,0.283823,0.068467,1.189732,0.423243
51,911,63.457771,187.938820,8.647697,15.789657,1,-1,-1,-1,0.138021,0.088138,1.094102,0.520268
51,909,123.673607,130.730135,16.202839,7.459727,1,-1,-1,-1,0.005067,0.004583,0.261030,0.066293
52,993,-83.514982,-97.375718,15.665042,9.530968,1,-1,-1,-1,0.420807,0.165373,4.965126,0.833443
52,990,-161.250217,-47.526105,6.197583,8.985059,1,-1,-1,-1,0.023302,0.007175,0.023219,0.058597
52,975,-124.413511,-85.935206,15.847538,8.022414,1,-1,-1,-1,0.237780,0.194615,1.361374,0.688347
52,974,-221.815212,-88.127025,15.651225,8.087045,1,-1,-1,-1,0.201779,0.154942,1.347936,0.681415
52,967,12.805041,118.136337,16.140382,7.706806,1,-1,-1,-1,0.247763,0.075280,1.498758,0.597608
52,960,-108.362988,132.723479,18.727759,8.798772,1,-1,-1,-1,0.117509,0.082678,1.133971,0.307588
52,954,-142.536287,131.648391,15.923028,8.944243,1,-1,-1,-1,0.193073,0.137838,1.312419,0.687561
52,947,-165.521837,74.843518,7.629822,15.079185,1,-1,-1,-1,0.002843,0.002897,0.140788,0.050813
52,912,170.768217,131.674135,16.825985,8.360216,1,-1,-1,-1,0.169446,0.044191,0.985453,0.331243
52,911,63.779700,188.280745,8.746249,15.564322,1,-1,-1,-1,0.241425,0.197936,1.334353,0.802331
52,909,123.628381,130.742941,16.283293,7.473934,1,-1,-1,-1,0.005710,0.004963,0.276845,0.070091
53,995,-243.567286,-91.069071,16.123348,8.405328,1,-1,-1,-1,0.212019,0.139856,2.237384,0.530958
53,993,-83.860164,-101.284823,15.337982,7.856868,1,-1,-1,-1,0.063544,0.052382,1.172617,0.349439
53,990,-158.774948,-44.156959,6.250276,9.037224,1,-1,-1,-1,0.018948,0.006180,0.021037,0.053309
53,967,13.361595,117.234150,16.861515,7.613516,1,-1,-1,-1,0.182743,0.068550,1.553756,0.573992
53,960,-110.262975,130.476831,19.253758,8.667056,1,-1,-1,-1,0.079927,0.058930,0.914991,0.240855
53,954,-144.859649,128.921690,16.087759,9.140360,1,-1,-1,-1,0.184688,0.162355,1.371484,0.716810
53,947,-163.898644,72.324649,7.748403,15.107522,1,-1,-1,-1,0.003048,0.002596,0.140771,0.049858
53,912,170.887316,132.124634,17.694317,7.981483,1,-1,-1,-1,0.093950,0.033033,0.792679,0.196067
53,911,65.003821,187.409117,8.139005,15.741035,1,-1,-1,-1,0.092626,0.067675,0.863771,0.337191
53,909,123.642225,130.751725,16.285396,7.496385,1,-1,-1,-1,0.005653,0.004914,0.273215,0.069455
54,995,-233.533060,-104.988441,16.143174,8.775149,1,-1,-1,-1,0.225333,0.170451,2.227964,0.638124
54,993,-75.642512,-108.033430,14.666719,7.819034,1,-1,-1,-1,0.198929,0.156387,1.554226,0.624323
54,967,14.962621,113.470277,16.683834,7.781328,1,-1,-1,-1,0.259701,0.082638,1.709541,0.622763
54,960,-112.123517,121.848556,19.200613,9.254068,1,-1,-1,-1,0.064226,0.054544,0.828567,0.232767
54,954,-147.979414,118.149233,16.532420,10.125924,1,-1,-1,-1,0.089771,0.072192,0.986687,0.464955
54,912,171.631552,136.401527,17.659529,8.818549,1,-1,-1,-1,0.386056,0.121971,1.417999,0.532805
54,911,64.264001,184.754052,8.229259,15.708704,1,-1,-1,-1,0.105292,0.082620,0.900113,0.394660
54,909,123.660996,130.716163,16.218191,7.468178,1,-1,-1,-1,0.006307,0.005268,0.277370,0.072770
55,997,-192.011329,-122.847359,16.162532,9.386657,1,-1,-1,-1,0.146556,0.101637,1.626377,0.458961
55,993,-60.797019,-118.103313,15.193055,8.478553,1,-1,-1,-1,0.255420,0.251143,2.031972,0.785749
55,967,16.330562,108.271640,16.798020,8.092786,1,-1,-1,-1,0.458214,0.158479,2.162717,0.858346
55,960,-114.070043,107.193689,17.417689,9.492535,1,-1,-1,-1,0.060053,0.047242,0.774445,0.276841
55,954,-150.003069,101.656750,16.869286,11.659717,1,-1,-1,-1,0.101489,0.069831,0.884243,0.485506
55,912,171.582864,138.709996,18.633636,9.379196,1,-1,-1,-1,0.349110,0.078394,1.417597,0.347478
55,911,61.584251,182.008869,8.841686,15.860251,1,-1,-1,-1,0.164642,0.141393,1.221314,0.661579
55,909,123.717778,130.704955,16.104441,7.430320,1,-1,-1,-1,0.004967,0.004492,0.250167,0.066287
56,1001,49.522758,174.114531,5.989960,8.725016,1,-1,-1,-1,2.132200,1.764466,2.470683,1.179078
56,1000,-98.353360,-109.735522,15.869726,8.963833,1,-1,-1,-1,0.081796,0.068472,0.965994,0.302760
56,993,-60.294084,-119.000727,15.354629,8.770401,1,-1,-1,-1,0.247154,0.206026,2.023753,0.777533
56,967,16.742859,107.772106,16.636837,8.275167,1,-1,-1,-1,0.288786,0.098265,1.896569,0.732573
56,960,-117.027068,108.511173,17.924775,9.618996,1,-1,-1,-1,0.071837,0.058823,0.949467,0.327480
56,954,-153.937019,100.910905,16.601461,12.315675,1,-1,-1,-1,0.193574,0.132706,1.035910,0.688728
56,912,171.466386,138.025378,18.620350,9.446123,1,-1,-1,-1,0.491458,0.129324,1.618920,0.462715
56,911,61.463777,181.027521,9.276468,15.766115,1,-1,-1,-1,0.122547,0.100885,1.087175,0.555857
56,909,123.719159,130.709376,16.101681,7.421221,1,-1,-1,-1,0.003505,0.003608,0.225895,0.057531
57,1001,25.766048,137.009888,6.035755,8.413487,1,-1,-1,-1,4.880948,3.065351,6.917553,2.115890
57,1000,-107.739137,-100.755520,16.129676,9.054660,1,-1,-1,-1,0.289621,0.210608,1.820978,0.659698
57,967,16.097923,111.661046,16.825634,8.306651,1,-1,-1,-1,0.452189,0.162975,2.257495,0.918382
57,960,-121.588212,118.147272,18.259081,8.830037,1,-1,-1,-1,0.095912,0.076637,1.203760,0.457331
57,954,-158.555937,109.624792,16.443445,12.700597,1,-1,-1,-1,0.405770,0.314385,1.473653,1.181667
57,912,170.633268,135.628848,19.115941,9.953695,1,-1,-1,-1,0.322423,0.091053,1.601047,0.431791
57,911,64.283253,183.827097,8.478251,16.229472,1,-1,-1,-1,0.093649,0.071950,0.915773,0.373598
57,909,123.694974,130.721099,16.159991,7.417667,1,-1,-1,-1,0.006498,0.005374,0.277160,0.073395
58,1001,15.579674,116.253174,14.682001,8.857298,1,-1,-1,-1,0.351233,0.116633,4.113030,0.961685
58,1000,-117.838049,-90.904282,15.537113,8.233932,1,-1,-1,-1,0.147616,0.095509,1.454465,0.505149
58,960,-125.973096,127.117022,18.238890,8.417330,1,-1,-1,-1,0.116407,0.092402,1.331229,0.478218
58,954,-163.846279,119.891338,16.426039,13.364150,1,-1,-1,-1,0.222834,0.145885,1.326858,1.036302
58,911,66.292702,185.496077,8.201374,16.001969,1,-1,-1,-1,0.118498,0.094954,0.955272,0.412048
58,909,123.768467,130.706557,16.023017,7.407039,1,-1,-1,-1,0.005767,0.004914,0.254176,0.068822
59,1011,-57.981224,131.664785,19.304826,8.682191,1,-1,-1,-1,0.187321,0.136250,3.397125,0.596023
59,1009,-218.510382,-88.551370,15.909030,8.381079,1,-1,-1,-1,0.301940,0.209878,2.955690,0.628041
59,1008,68.029700,205.989737,7.352117,10.117003,1,-1,-1,-1,0.617651,0.675951,1.134552,1.095585
59,1000,-121.553502,-87.582273,15.920494,7.876561,1,-1,-1,-1,0.140967,0.115720,1.632771,0.575749
59,960,-129.802897,131.190896,18.287941,8.488000,1,-1,-1,-1,0.090207,0.066690,1.122711,0.328992
59,954,-167.710524,121.348969,16.371502,14.181087,1,-1,-1,-1,0.294567,0.201386,1.521904,1.223455
59,911,67.553476,186.305769,7.793040,15.753374,1,-1,-1,-1,0.066835,0.052080,0.711765,0.260764
59,909,123.788464,130.720657,15.973127,7.428437,1,-1,-1,-1,0.005379,0.004722,0.243231,0.067526
60,1011,-59.530184,131.637765,18.106739,8.466176,1,-1,-1,-1,0.233007,0.180011,3.477141,0.767108
60,1010,-242.841581,-115.221225,12.947146,8.149879,1,-1,-1,-1,0.376697,0.246158,2.344539,1.017180
60,1009,-218.077930,-87.561787,15.581712,8.334114,1,-1,-1,-1,0.417930,0.333957,2.954821,0.936270
60,1000,-121.532065,-87.031166,16.419994,7.974786,1,-1,-1,-1,0.230655,0.162694,2.145214,0.699725
60,993,-58.364052,-99.161642,15.555072,7.808264,1,-1,-1,-1,0.322609,0.251650,2.283821,0.854687
60,960,-133.454058,131.226839,18.119049,8.460222,1,-1,-1,-1,0.111188,0.084167,1.256232,0.427994
60,954,-171.070506,120.117294,16.342476,15.045651,1,-1,-1,-1,0.378615,0.300136,2.057912,1.590300
60,911,68.290668,186.674645,7.745988,15.751864,1,-1,-1,-1,0.117127,0.092219,0.902216,0.385043
60,909,123.769956,130.708810,16.000134,7.402566,1,-1,-1,-1,0.004918,0.004448,0.242804,0.065648
61,1017,172.495932,131.072169,18.897761,8.385358,1,-1,-1,-1,0.095051,0.023461,0.885505,0.134253
61,1015,-160.520445,73.690771,7.629546,15.029159,1,-1,-1,-1,0.002846,0.002472,0.143562,0.047080
61,1011,-60.947674,131.377249,18.638698,8.151687,1,-1,-1,-1,0.147112,0.111883,2.249419,0.489515
61,1010,-241.673018,-93.872611,14.367822,8.519149,1,-1,-1,-1,0.391018,0.289749,3.182532,1.128210
61,1009,-216.157375,-88.323696,15.704564,7.965537,1,-1,-1,-1,0.340369,0.271916,3.000849,0.982299
61,1000,-119.677397,-86.887360,16.367980,8.022153,1,-1,-1,-1,0.132377,0.100752,1.597544,0.563823
61,960,-137.352384,131.013703,18.471303,8.238168,1,-1,-1,-1,0.107406,0.089097,1.257938,0.360320
61,954,-172.759189,114.897349,15.682558,15.829001,1,-1,-1,-1,0.367919,0.266541,2.187209,1.641551
61,911,69.444537,186.636900,7.805400,15.618463,1,-1,-1,-1,0.175168,0.140304,1.140608,0.537404
61,909,123.788291,130.709527,15.973379,7.400921,1,-1,-1,-1,0.004070,0.003947,0.223736,0.060311
62,1020,19.284307,117.099864,16.699037,7.713653,1,-1,-1,-1,0.278216,0.085583,3.295780,0.672394
62,1019,-156.482482,12.031076,6.179972,8.989935,1,-1,-1,-1,0.012691,0.004730,0.017552,0.044444
62,1017,173.649174,131.131785,18.795662,8.443944,1,-1,-1,-1,0.132660,0.042466,1.066619,0.181828
62,1015,-158.980897,73.691727,7.619397,15.046935,1,-1,-1,-1,0.003050,0.002598,0.145628,0.049377
62,1011,-60.844046,131.618483,17.215382,7.955859,1,-1,-1,-1,0.317667,0.261714,2.750661,0.837948
62,1010,-240.423317,-89.965671,15.709883,7.924532,1,-1,-1,-1,0.116488,0.086334,1.481765,0.446807
62,1009,-213.895656,-89.065003,15.788295,8.090823,1,-1,-1,-1,0.164332,0.121745,1.722157,0.543225
62,1000,-117.997458,-87.463224,15.972901,7.656477,1,-1,-1,-1,0.099542,0.077862,1.077858,0.418395
62,960,-141.543440,131.176473,18.480840,8.275994,1,-1,-1,-1,0.103514,0.071902,1.174739,0.355853
62,954,-172.965483,111.803069,13.831371,18.176408,1,-1,-1,-1,0.521018,0.242243,2.648916,1.129727
62,911,70.953084,186.392050,7.637915,15.603653,1,-1,-1,-1,0.287357,0.255344,1.647267,0.879363
62,909,123.727405,130.711781,16.075265,7.396412,1,-1,-1,-1,0.004070,0.004026,0.234315,0.062023
63,1020,19.468774,116.973452,18.166398,7.731452,1,-1,-1,-1,0.204149,0.069052,2.394399,0.340422
63,1019,-154.754949,16.422252,6.180086,8.999681,1,-1,-1,-1,0.013712,0.004919,0.018031,0.046181
63,1017,174.997871,131.189330,19.024805,8.294825,1,-1,-1,-1,0.149687,0.031624,0.943530,0.160990
63,1015,-157.120881,73.682512,7.627980,15.075374,1,-1,-1,-1,0.003507,0.003333,0.154782,0.054824
63,1011,-62.571427,131.826981,18.064992,8.246961,1,-1,-1,-1,0.178720,0.128175,2.181850,0.516791
63,1010,-238.437969,-89.109378,15.761836,8.457856,1,-1,-1,-1,0.290673,0.229588,2.241436,0.845445
63,1009,-212.373842,-89.005046,15.668708,8.147398,1,-1,-1,-1,0.218252,0.153022,1.583195,0.599460
63,1000,-116.913254,-87.228009,16.153756,7.860292,1,-1,-1,-1,0.111762,0.091038,1.226879,0.442931
63,960,-144.914498,130.963023,18.690527,8.115493,1,-1,-1,-1,0.068058,0.048191,0.921133,0.244442
63,954,-172.075830,100.941360,11.500983,17.767948,1,-1,-1,-1,0.379594,0.132505,1.946144,0.872156
63,911,72.532423,187.915451,7.724292,16.176285,1,-1,-1,-1,0.245168,0.194109,1.812280,0.840954
63,909,123.774389,130.698453,15.981219,7.393148,1,-1,-1,-1,0.002787,0.002495,0.197178,0.051328
64,1020,2.770551,117.792616,18.985292,8.469892,1,-1,-1,-1,0.439342,0.129554,2.912371,0.625721
64,1019,-152.746616,20.422968,6.189715,9.000202,1,-1,-1,-1,0.014111,0.005016,0.018364,0.045744
64,1017,176.541317,131.111054,19.263599,8.264916,1,-1,-1,-1,0.157164,0.033798,0.863217,0.156491
64,1015,-154.982238,73.659454,7.620532,15.051505,1,-1,-1,-1,0.003080,0.002623,0.144375,0.049867
64,1011,-63.549734,131.593001,19.023177,8.308383,1,-1,-1,-1,0.098188,0.071041,1.241039,0.275218
64,1009,-210.959688,-88.921529,16.053061,8.401840,1,-1,-1,-1,0.304735,0.205980,2.055959,0.672994
64,1000,-114.760886,-87.332919,15.772045,7.873881,1,-1,-1,-1,0.185304,0.153903,1.304437,0.566407
64,960,-149.342220,131.059222,18.173570,7.970023,1,-1,-1,-1,0.053068,0.043734,0.838977,0.271012
64,911,75.149216,187.049525,7.928376,16.163875,1,-1,-1,-1,0.097970,0.073683,1.102448,0.429334
64,909,123.754784,130.722595,16.010458,7.424586,1,-1,-1,-1,0.003368,0.002812,0.209742,0.054829
65,1020,-1.006804,117.026334,18.937162,8.415647,1,-1,-1,-1,0.320718,0.097321,2.653573,0.588799
65,1019,-150.360073,24.004353,6.180302,8.999812,1,-1,-1,-1,0.014816,0.005219,0.018713,0.047074
65,1017,178.503463,131.078386,19.192341,8.256756,1,-1,-1,-1,0.207181,0.044297,0.963588,0.188620
65,1015,-152.510260,73.725735,7.645515,15.158207,1,-1,-1,-1,0.003080,0.002597,0.148781,0.050333
65,1011,-64.847436,131.499852,18.751310,8.396098,1,-1,-1,-1,0.179368,0.134823,1.665147,0.486524
65,1009,-207.203504,-89.243577,15.510892,7.983420,1,-1,-1,-1,0.113603,0.084462,1.075385,0.391862
65,1000,-112.046441,-87.586867,16.859809,7.756641,1,-1,-1,-1,0.193480,0.169113,1.796748,0.697877
65,911,77.445623,186.447270,7.896765,15.987533,1,-1,-1,-1,0.139261,0.100345,1.132152,0.462562
65,909,123.705860,130.700518,16.118235,7.399212,1,-1,-1,-1,0.004030,0.003947,0.237578,0.061423
66,1023,80.417630,206.528778,7.107430,9.623715,1,-1,-1,-1,0.067898,0.077673,0.147564,0.242757
66,1020,23.317306,116.817235,18.382074,8.039086,1,-1,-1,-1,0.191990,0.071018,2.256992,0.572851
66,1019,-147.672179,27.254824,6.189598,8.990509,1,-1,-1,-1,0.015407,0.005377,0.019074,0.047984
66,1017,180.841248,131.356316,19.464066,8.402391,1,-1,-1,-1,0.250215,0.043430,1.014564,0.202545
66,1015,-149.723129,73.646502,7.651423,15.057720,1,-1,-1,-1,0.002573,0.002304,0.131993,0.044457
66,1011,-66.295999,131.337488,18.100841,8.393159,1,-1,-1,-1,0.233624,0.163332,2.080627,0.677870
66,1009,-204.744448,-89.276077,15.453230,7.897298,1,-1,-1,-1,0.147957,0.103651,1.166278,0.496189
66,1000,-108.616965,-87.223274,16.235683,7.684365,1,-1,-1,-1,0.116573,0.092310,1.209233,0.453514
66,911,80.411734,186.295031,7.717931,15.753126,1,-1,-1,-1,0.089510,0.068635,0.864536,0.330762
66,909,123.725978,130.699086,16.058120,7.401805,1,-1,-1,-1,0.004408,0.004190,0.238613,0.063802
67,1023,83.377311,206.465925,7.168047,9.481339,1,-1,-1,-1,0.071733,0.078147,0.137746,0.246369
67,1020,29.381182,117.071235,18.028592,8.166467,1,-1,-1,-1,0.376204,0.113761,2.521283,0.726434
67,1019,-144.681588,30.185060,6.190077,8.999744,1,-1,-1,-1,0.012515,0.004676,0.017449,0.043194
67,1015,-146.651514,73.662109,7.677317,15.085775,1,-1,-1,-1,0.002705,0.002397,0.135065,0.045741
67,1011,-67.103142,130.929466,17.854494,8.395787,1,-1,-1,-1,0.233124,0.149804,2.219200,0.642360
67,1009,-202.055346,-89.156007,15.468102,7.871285,1,-1,-1,-1,0.348801,0.253493,1.687552,0.803020
67,1000,-106.576882,-87.005314,16.245615,7.846500,1,-1,-1,-1,0.356844,0.290003,1.892026,0.950392
67,954,-161.701369,69.891913,8.253823,16.023218,1,-1,-1,-1,0.277289,0.076031,1.342460,0.584007
67,911,83.414008,186.385415,7.758473,15.758127,1,-1,-1,-1,0.076848,0.057228,0.817677,0.292754
67,909,123.723512,130.711658,16.082874,7.416498,1,-1,-1,-1,0.004918,0.004492,0.248471,0.065634
68,1023,87.501966,206.241967,6.590393,9.207671,1,-1,-1,-1,0.051011,0.043665,0.079234,0.134743
68,1020,34.328561,116.878901,17.263786,8.033318,1,-1,-1,-1,0.489382,0.118253,2.533771,0.787435
68,1019,-141.330341,32.744662,6.180174,8.990076,1,-1,-1,-1,0.009387,0.003831,0.014750,0.037748
68,1015,-143.214635,73.627527,7.652861,15.045283,1,-1,-1,-1,0.002651,0.002350,0.133654,0.045308
68,1011,-67.872574,131.762143,18.286435,8.923654,1,-1,-1,-1,0.217582,0.135468,2.118502,0.621560
68,1009,-197.527719,-89.428381,15.143320,7.868522,1,-1,-1,-1,0.180521,0.115991,1.312642,0.536321
68,960,-164.070180,131.283799,18.745480,8.531951,1,-1,-1,-1,0.067568,0.059540,1.024754,0.289053
68,911,86.790457,186.347435,7.771579,15.768256,1,-1,-1,-1,0.088297,0.064091,0.831545,0.316416
68,909,123.718930,130.699524,16.072212,7.411052,1,-1,-1,-1,0.004152,0.003986,0.235130,0.061459
69,1023,91.048467,206.001121,6.313145,9.043326,1,-1,-1,-1,0.055973,0.047020,0.082440,0.130990
69,1020,38.033027,117.213095,17.204565,8.192596,1,-1,-1,-1,0.200206,0.063243,1.962147,0.520061
69,1019,-137.651957,35.044973,6.179997,8.989988,1,-1,-1,-1,0.009670,0.003869,0.015190,0.038847
69,1015,-139.464393,73.629936,7.640799,15.050182,1,-1,-1,-1,0.002988,0.002545,0.138296,0.048440
69,1011,-68.516467,131.799351,19.540306,9.099443,1,-1,-1,-1,0.111550,0.083127,1.348280,0.338263
69,1009,-195.326586,-89.318907,15.279699,7.887399,1,-1,-1,-1,0.679618,0.486093,2.074867,1.089284
69,960,-168.164451,131.352973,18.761364,8.373915,1,-1,-1,-1,0.075317,0.055065,0.995671,0.320991
69,911,90.649143,187.034676,7.751604,16.088337,1,-1,-1,-1,0.102407,0.078840,0.927743,0.381895
69,909,123.711187,130.700260,16.087616,7.409463,1,-1,-1,-1,0.004496,0.004232,0.242380,0.064405
70,1023,95.584201,205.835079,6.252136,9.016995,1,-1,-1,-1,0.047018,0.033781,0.057921,0.101842
70,1020,41.649306,116.933774,17.485254,8.042250,1,-1,-1,-1,0.350638,0.107223,2.223453,0.726336
70,1019,-133.648080,37.046575,6.189700,8.990186,1,-1,-1,-1,0.013274,0.004817,0.017607,0.044437
70,1017,189.353667,131.183307,19.302950,8.747299,1,-1,-1,-1,0.343282,0.077418,1.399987,0.316888
70,1015,-135.374137,73.651707,7.639252,15.086454,1,-1,-1,-1,0.003048,0.003046,0.144470,0.052281
70,1011,-69.469674,131.709803,19.660709,9.340783,1,-1,-1,-1,0.068162,0.055174,0.940342,0.245865
70,960,-171.699726,131.336460,18.681777,8.524283,1,-1,-1,-1,0.102295,0.081783,1.158762,0.387735
70,911,94.635395,186.340129,7.704302,15.768964,1,-1,-1,-1,0.102527,0.078183,0.877590,0.365317
70,909,123.746823,130.709656,16.026312,7.420571,1,-1,-1,-1,0.003911,0.003830,0.227335,0.059741
71,1030,-27.624594,131.118255,16.869305,8.236048,1,-1,-1,-1,0.237169,0.175513,3.252496,0.706014
71,1023,99.402819,206.243325,6.781615,9.386542,1,-1,-1,-1,0.048798,0.042173,0.079670,0.136404
71,1019,-129.283621,38.837537,6.189989,8.990013,1,-1,-1,-1,0.015545,0.005375,0.019235,0.047979
71,1017,191.422276,131.111117,19.845316,8.525032,1,-1,-1,-1,0.271979,0.046875,1.051815,0.199109
71,1015,-130.964146,73.650208,7.649207,15.079686,1,-1,-1,-1,0.002843,0.002495,0.139374,0.047539
71,1011,-70.253526,130.760404,19.063245,8.661930,1,-1,-1,-1,0.079007,0.063533,1.031026,0.320619
71,960,-175.602449,131.478995,18.909548,8.627024,1,-1,-1,-1,0.129752,0.088258,1.221087,0.352417
71,911,99.059416,186.411377,7.698765,15.626421,1,-1,-1,-1,0.041390,0.032114,0.503178,0.171345
71,909,123.714163,130.711018,16.081709,7.417962,1,-1,-1,-1,0.004408,0.004148,0.242059,0.063199
72,1030,-24.746366,130.480940,15.858094,7.663076,1,-1,-1,-1,0.108275,0.087400,1.412900,0.450768
72,1023,103.974599,206.294317,7.701433,10.127498,1,-1,-1,-1,0.234388,0.145500,0.270322,0.495352
72,1019,-124.629494,40.378919,6.190108,8.999659,1,-1,-1,-1,0.018379,0.005996,0.020804,0.052280
72,1017,194.164818,131.534044,20.059364,8.912453,1,-1,-1,-1,0.068012,0.028008,0.664341,0.108124
72,1015,-126.255713,73.639405,7.640883,15.071335,1,-1,-1,-1,0.003141,0.002649,0.142930,0.050327
72,1011,-70.616619,131.526474,19.063811,8.868982,1,-1,-1,-1,0.059001,0.049605,0.829639,0.197509
72,960,-178.805884,131.357517,18.228130,8.732262,1,-1,-1,-1,0.087805,0.066674,1.182235,0.376661
72,911,103.659564,186.577804,7.971670,15.745694,1,-1,-1,-1,0.081767,0.064605,0.721073,0.329475
72,909,123.720127,130.710154,16.079697,7.419689,1,-1,-1,-1,0.004633,0.004274,0.242613,0.064411
73,1030,-24.090445,131.266665,16.024688,7.819211,1,-1,-1,-1,0.116735,0.087133,1.412261,0.458489
73,1019,-119.628831,41.726170,6.189924,8.990268,1,-1,-1,-1,0.010998,0.004274,0.016268,0.041975
73,1017,196.599436,131.744261,20.011485,9.024788,1,-1,-1,-1,0.320091,0.075836,1.042701,0.244363
73,1015,-121.215367,73.640101,7.630649,15.079835,1,-1,-1,-1,0.002815,0.002869,0.139125,0.050334
73,1011,-71.504940,131.204835,19.608256,8.670619,1,-1,-1,-1,0.080417,0.056661,0.803695,0.209630
73,960,-183.196918,131.747722,18.583229,8.814404,1,-1,-1,-1,0.135454,0.094914,1.288802,0.412323
73,911,108.905476,185.999567,7.736106,15.929554,1,-1,-1,-1,0.098667,0.076664,0.828076,0.358923
73,909,123.729545,130.709926,16.070876,7.420146,1,-1,-1,-1,0.003575,0.003608,0.225457,0.057525
74,1030,-23.237977,131.028968,15.906548,7.785310,1,-1,-1,-1,0.166773,0.120036,1.718148,0.628751
74,1019,-114.325643,42.877595,6.190093,8.999704,1,-1,-1,-1,0.014081,0.005013,0.018126,0.046619
74,1017,199.550818,131.954046,19.704057,9.186815,1,-1,-1,-1,0.454598,0.100468,1.365987,0.349894
74,1015,-115.885638,73.639722,7.630120,15.070631,1,-1,-1,-1,0.002988,0.002571,0.140217,0.048451
74,1011,-72.434860,131.376507,19.636868,8.669497,1,-1,-1,-1,0.083583,0.058873,0.820806,0.213492
74,960,-186.870284,131.304888,18.634550,8.587567,1,-1,-1,-1,0.158218,0.105231,1.347101,0.424316
74,911,114.084896,186.046812,7.759330,15.604641,1,-1,-1,-1,0.071325,0.060612,0.715231,0.284981
74,909,123.728088,130.698755,16.063859,7.402623,1,-1,-1,-1,0.003758,0.003755,0.228593,0.059158
75,1030,-23.730378,130.776204,15.399322,7.893514,1,-1,-1,-1,0.140759,0.099754,1.170692,0.448430
75,1019,-108.734655,43.867044,6.190010,8.999996,1,-1,-1,-1,0.013140,0.004769,0.017772,0.044451
75,1015,-110.265627,73.640442,7.639081,15.069163,1,-1,-1,-1,0.003141,0.002649,0.142655,0.050811
75,1011,-72.923494,130.961879,19.721216,8.525639,1,-1,-1,-1,0.076853,0.065344,0.865928,0.247159
75,960,-190.294526,130.908211,18.295766,8.631131,1,-1,-1,-1,0.128136,0.092597,1.419602,0.523201
75,911,119.246427,186.409231,8.138037,15.668171,1,-1,-1,-1,0.130482,0.102083,1.048040,0.497050
75,909,123.747765,130.709334,16.034423,7.401236,1,-1,-1,-1,0.004918,0.004448,0.244029,0.065616
76,1030,-23.430264,131.107625,15.467809,7.965414,1,-1,-1,-1,0.076036,0.058644,0.843301,0.358901
76,1019,-102.818114,44.687470,6.190005,9.000006,1,-1,-1,-1,0.014220,0.005063,0.018483,0.047071
76,1015,-104.316328,73.629861,7.630660,15.070378,1,-1,-1,-1,0.002958,0.002986,0.142620,0.051792
76,1011,-73.352524,130.921536,19.553824,8.764834,1,-1,-1,-1,0.091664,0.081113,1.040242,0.299736
76,960,-194.440241,130.827595,18.595742,8.287000,1,-1,-1,-1,0.074886,0.060086,1.034648,0.257837
76,911,125.614650,186.141570,8.138042,15.704316,1,-1,-1,-1,0.096339,0.064856,0.916127,0.370107
76,909,123.751174,130.721070,16.027652,7.417710,1,-1,-1,-1,0.004152,0.003947,0.232991,0.061459
77,1030,-23.188327,131.167061,15.181226,7.924327,1,-1,-1,-1,0.039869,0.031530,0.471730,0.186778
77,1019,-96.610115,45.387400,6.190004,9.000006,1,-1,-1,-1,0.014793,0.005165,0.019035,0.047077
77,1015,-98.075638,73.640382,7.639135,15.069219,1,-1,-1,-1,0.002900,0.002956,0.141300,0.051794
77,1011,-74.516297,129.696350,17.861480,8.773188,1,-1,-1,-1,0.100614,0.085859,1.108857,0.416378
77,960,-198.244830,130.999079,18.726202,8.316497,1,-1,-1,-1,0.204335,0.147338,1.397331,0.520160
77,911,132.245617,185.234292,7.793572,14.977019,1,-1,-1,-1,0.068031,0.043761,0.576100,0.223554
77,909,123.741783,130.720995,16.036475,7.427979,1,-1,-1,-1,0.004452,0.004148,0.236410,0.062614
78,1039,29.151146,116.790194,19.681891,8.356143,1,-1,-1,-1,0.107928,0.043696,1.470623,0.245903
78,1030,-22.403453,131.063264,15.167872,8.249309,1,-1,-1,-1,0.072634,0.052543,0.677755,0.298343
78,1019,-90.064329,45.986011,6.190004,9.000005,1,-1,-1,-1,0.011440,0.004360,0.017083,0.042780
78,1017,211.039741,131.847261,20.264398,8.670183,1,-1,-1,-1,0.173859,0.042116,0.893573,0.151210
78,1015,-91.526820,73.640560,7.639664,15.078890,1,-1,-1,-1,0.003236,0.002702,0.145011,0.051794
78,1011,-75.129215,130.252256,19.133512,9.508095,1,-1,-1,-1,0.073392,0.057834,1.034213,0.222867
78,960,-202.332142,131.210268,18.762126,8.442666,1,-1,-1,-1,0.094162,0.070119,1.042204,0.301004
78,911,138.650798,185.432505,7.816156,14.929301,1,-1,-1,-1,0.142505,0.093008,0.869329,0.410960
78,909,123.748581,130.709392,16.022836,7.421334,1,-1,-1,-1,0.004278,0.004026,0.230817,0.061449
79,1039,35.993924,116.949895,19.574253,8.278420,1,-1,-1,-1,0.158367,0.062597,1.666695,0.335115
79,1038,23.311378,131.675361,18.099243,8.561235,1,-1,-1,-1,0.231792,0.173927,3.714481,0.660535
79,1030,-21.974377,131.000155,15.576134,7.876601,1,-1,-1,-1,0.078414,0.057837,0.821293,0.321564
79,1019,-83.223756,46.475498,6.189922,8.990277,1,-1,-1,-1,0.010887,0.004190,0.016422,0.040768
79,1017,213.957771,132.035892,19.694259,9.666084,1,-1,-1,-1,0.133082,0.045884,0.896552,0.203097
79,1015,-84.676932,73.639722,7.640081,15.070612,1,-1,-1,-1,0.003110,0.002596,0.142481,0.049860
79,1011,-74.771589,130.743541,19.424188,10.908756,1,-1,-1,-1,0.107080,0.089764,1.490191,0.614132
79,911,145.680879,186.400257,7.879611,15.434651,1,-1,-1,-1,0.055312,0.041743,0.633661,0.228418
79,909,123.775733,130.708491,15.978475,7.413063,1,-1,-1,-1,0.006121,0.005063,0.254060,0.070070
80,1038,25.093077,130.543119,17.038152,7.893623,1,-1,-1,-1,0.223503,0.161695,2.632985,0.740488
80,1030,-21.127732,130.836491,14.953633,7.682454,1,-1,-1,-1,0.076228,0.059505,0.683379,0.281083
80,1019,-76.104374,46.896962,6.190092,8.999691,1,-1,-1,-1,0.015387,0.005374,0.019219,0.047971
80,1017,217.290515,130.909748,19.846386,9.394508,1,-1,-1,-1,0.222439,0.053999,1.053441,0.231404
80,1015,-77.526945,73.650424,7.639778,15.079108,1,-1,-1,-1,0.003110,0.002622,0.143656,0.049855
80,1011,-75.014230,128.726762,19.537055,12.118440,1,-1,-1,-1,0.167613,0.126085,1.892640,0.966837
80,911,152.334332,186.873051,8.225474,15.581268,1,-1,-1,-1,0.116991,0.092141,0.923442,0.442135
80,909,123.754732,130.711484,16.030487,7.416984,1,-1,-1,-1,0.005597,0.004817,0.255021,0.068808
81,1038,27.297673,131.577164,16.703800,8.369466,1,-1,-1,-1,0.100308,0.079543,1.629076,0.516011
81,1030,-20.601962,130.856676,15.065908,7.528164,1,-1,-1,-1,0.083654,0.067928,0.769394,0.308630
81,1019,-68.670619,47.395203,6.180218,8.990100,1,-1,-1,-1,0.013401,0.004865,0.017942,0.045748
81,1017,220.270513,129.072976,19.994907,8.509341,1,-1,-1,-1,0.183816,0.038965,0.872751,0.185729
81,1015,-70.067937,73.808642,7.621740,15.072030,1,-1,-1,-1,0.003048,0.002571,0.141120,0.049383
81,1011,-73.761770,127.211338,19.634701,13.494801,1,-1,-1,-1,0.252816,0.192563,2.412908,1.225939
81,911,160.224377,186.815708,8.113671,15.847323,1,-1,-1,-1,0.068753,0.055148,0.784595,0.279352
81,909,123.776489,130.719654,15.957123,7.430594,1,-1,-1,-1,0.003611,0.003608,0.216655,0.057538
82,1040,168.630777,206.792029,6.802067,9.707469,1,-1,-1,-1,0.453337,0.406561,0.841169,0.933998
82,1038,29.273398,131.720002,16.417165,8.389811,1,-1,-1,-1,0.102785,0.079632,1.302297,0.504357
82,1030,-19.725039,131.703259,15.609954,8.252392,1,-1,-1,-1,0.044714,0.037888,0.630971,0.259085
82,1020,117.606691,116.724589,14.014854,7.327410,1,-1,-1,-1,0.113903,0.042521,0.823024,0.355043
82,1019,-60.920588,47.934467,6.170213,8.980104,1,-1,-1,-1,0.013009,0.004817,0.018118,0.045308
82,1017,223.309520,128.655466,19.944328,8.265586,1,-1,-1,-1,0.123894,0.030857,0.752502,0.142550
82,1015,-62.287639,74.059005,7.620259,15.060920,1,-1,-1,-1,0.003141,0.002649,0.142293,0.049854
82,1011,-70.976927,123.649677,19.309230,15.739462,1,-1,-1,-1,0.171963,0.096684,2.410874,1.146263
82,911,168.009999,186.887457,8.196355,15.911141,1,-1,-1,-1,0.067926,0.055053,0.738650,0.268366
82,909,123.782884,130.742313,15.954190,7.465101,1,-1,-1,-1,0.004111,0.003908,0.222696,0.060285
83,1040,176.669439,207.030537,7.003946,9.858318,1,-1,-1,-1,0.287246,0.228072,0.601160,0.712270
83,1038,31.892867,131.266713,16.422120,8.300589,1,-1,-1,-1,0.186973,0.131948,1.696956,0.629791
83,1030,-18.502988,131.223069,15.475279,7.963768,1,-1,-1,-1,0.062951,0.046786,0.682681,0.278147
83,1020,125.696213,116.721215,14.464558,7.258073,1,-1,-1,-1,0.149773,0.051471,0.887425,0.407507
83,1019,-52.570356,47.796437,6.179800,8.989885,1,-1,-1,-1,0.011440,0.004404,0.016746,0.042368
83,1017,226.737073,128.603394,18.973968,8.791881,1,-1,-1,-1,0.384480,0.109494,1.308944,0.414516
83,1015,-53.976763,73.680139,7.639067,15.021632,1,-1,-1,-1,0.002732,0.002397,0.131371,0.045751
83,1011,-67.684937,118.583683,18.450989,17.289933,1,-1,-1,-1,0.291759,0.168675,2.800957,1.354186
83,911,176.189109,186.692214,8.036266,15.959313,1,-1,-1,-1,0.097654,0.077334,0.880001,0.354314
83,909,123.743122,130.708854,16.043704,7.422801,1,-1,-1,-1,0.005433,0.004722,0.251668,0.068127
84,1040,184.515629,206.436143,6.962609,9.746580,1,-1,-1,-1,0.363115,0.507693,0.809532,0.963527
84,1038,34.602502,132.166914,16.286812,8.971853,1,-1,-1,-1,0.200153,0.056510,1.080366,0.335945
84,1030,-16.298496,131.389527,15.273687,7.845338,1,-1,-1,-1,0.048238,0.035030,0.506826,0.194875
84,1020,134.268701,116.950060,15.510306,7.275433,1,-1,-1,-1,0.136367,0.050516,1.195606,0.485366
84,1019,-44.296717,48.004455,6.179992,8.989996,1,-1,-1,-1,0.011439,0.004448,0.016746,0.042772
84,1017,229.846323,129.551244,18.434312,9.069888,1,-1,-1,-1,0.226233,0.061880,1.180359,0.320740
84,1015,-45.687593,73.710526,7.620960,15.048743,1,-1,-1,-1,0.003018,0.002596,0.139592,0.049846
84,1011,-59.266560,111.555519,13.744503,22.654428,1,-1,-1,-1,0.223738,0.111845,1.957712,0.118637
84,911,184.374123,186.770731,7.967425,15.860683,1,-1,-1,-1,0.100624,0.076727,0.890322,0.358068
84,909,123.742480,130.731773,16.045043,7.446159,1,-1,-1,-1,0.005433,0.004629,0.250837,0.067524
85,1039,86.963056,116.873785,16.023405,7.661685,1,-1,-1,-1,0.247987,0.069912,1.515005,0.547254
85,1038,36.232799,131.108447,16.478877,8.642074,1,-1,-1,-1,0.160624,0.123030,1.480835,0.608145
85,1030,-15.516987,133.071980,15.651287,8.768064,1,-1,-1,-1,0.099379,0.073750,0.874092,0.482962
85,1020,142.023664,116.917182,15.326092,7.402395,1,-1,-1,-1,0.137398,0.048151,1.012369,0.412565
85,1019,-36.123718,48.144252,6.189712,8.990178,1,-1,-1,-1,0.011784,0.004492,0.016911,0.042773
85,1017,231.445259,132.256291,17.997108,10.368195,1,-1,-1,-1,0.472230,0.226634,1.952536,0.856313
85,1015,-37.516336,73.691429,7.628686,15.067228,1,-1,-1,-1,0.003436,0.003299,0.148553,0.054825
85,1011,-53.476516,102.507665,12.500676,22.558251,1,-1,-1,-1,0.364626,0.125212,1.998533,0.432343
85,911,192.731555,186.764056,7.748829,15.981174,1,-1,-1,-1,0.051639,0.040529,0.657281,0.219525
85,909,123.741188,130.730057,16.067534,7.439947,1,-1,-1,-1,0.005067,0.004448,0.248789,0.065648
86,1039,95.799120,116.840527,14.452142,7.577521,1,-1,-1,-1,0.152538,0.062461,0.997789,0.408122
86,1038,38.063270,131.051387,16.497976,8.237963,1,-1,-1,-1,0.101507,0.080884,1.264392,0.469789
86,1030,-13.518932,135.066748,16.010664,9.630031,1,-1,-1,-1,0.130999,0.093295,1.022508,0.651461
86,1020,150.330915,117.021409,15.597208,7.531106,1,-1,-1,-1,0.151482,0.051976,1.164548,0.460791
86,1019,-28.017457,48.283525,6.180252,8.989846,1,-1,-1,-1,0.009860,0.003947,0.015629,0.038854
86,1015,-29.414434,73.753390,7.637596,15.132776,1,-1,-1,-1,0.003172,0.002675,0.147374,0.051311
86,1011,-45.976997,94.261255,11.027343,22.153148,1,-1,-1,-1,0.316580,0.117691,1.837811,0.441223
86,911,200.672049,186.864550,7.839512,16.046121,1,-1,-1,-1,0.112805,0.088797,0.942841,0.407786
86,909,123.832769,130.693608,15.864544,7.393221,1,-1,-1,-1,0.004111,0.003908,0.218244,0.060883
87,1039,103.689475,116.655544,14.933836,7.302667,1,-1,-1,-1,0.176763,0.058394,1.103641,0.466536
87,1038,39.892688,131.532465,16.641996,8.350738,1,-1,-1,-1,0.068843,0.058467,1.088813,0.388078
87,1030,-12.510347,138.058944,16.301169,10.268951,1,-1,-1,-1,0.336808,0.284837,1.721119,1.210025
87,1020,158.157012,116.912146,15.739652,7.577332,1,-1,-1,-1,0.200044,0.064684,1.318417,0.541605
87,1019,-20.056459,48.353724,6.180006,8.989987,1,-1,-1,-1,0.011215,0.004360,0.016418,0.041156
87,1015,-21.464092,73.709569,7.658729,15.101206,1,-1,-1,-1,0.003204,0.002675,0.144763,0.050817
87,1011,-36.855716,85.954340,9.583086,21.334914,1,-1,-1,-1,0.123975,0.039422,1.598993,0.383238
87,911,208.618734,186.626573,7.839225,15.881421,1,-1,-1,-1,0.140735,0.110079,1.067148,0.475903
87,909,123.778925,130.712861,15.962197,7.404043,1,-1,-1,-1,0.005118,0.004537,0.241578,0.066241
88,1039,111.588004,116.732625,15.038575,7.277986,1,-1,-1,-1,0.162305,0.053566,1.069811,0.447518
88,1038,41.672835,131.216176,17.027100,8.164786,1,-1,-1,-1,0.096114,0.078227,1.232104,0.427999
88,1030,-10.026911,143.501948,16.683147,11.418543,1,-1,-1,-1,0.405951,0.364417,2.361681,1.644325
88,1020,166.215962,117.321431,16.085751,7.788011,1,-1,-1,-1,0.197988,0.064729,1.465914,0.527783
88,1019,-12.172242,48.462933,6.179998,8.989996,1,-1,-1,-1,0.009763,0.003986,0.015475,0.039227
88,1015,-13.601552,73.761179,7.678278,15.117449,1,-1,-1,-1,0.001926,0.001944,0.118974,0.038123
88,1011,-30.512523,78.045788,9.170643,20.176540,1,-1,-1,-1,0.453905,0.110568,1.714816,0.460694
88,911,216.741096,186.867662,7.842399,16.074703,1,-1,-1,-1,0.155563,0.121845,1.212736,0.533408
88,909,123.798617,130.700479,15.922762,7.419069,1,-1,-1,-1,0.006498,0.004190,0.246413,0.066262
89,1043,145.489288,116.784250,17.978581,7.616874,1,-1,-1,-1,0.348818,0.099832,2.800875,0.422517
89,1039,119.423761,116.713133,14.912777,7.259247,1,-1,-1,-1,0.110033,0.039364,0.868148,0.350810
89,1038,43.523566,130.985911,16.246242,7.892136,1,-1,-1,-1,0.072775,0.062443,0.902765,0.334053
89,1030,-6.812445,147.822757,16.450993,14.876339,1,-1,-1,-1,0.117996,0.070787,1.299881,0.513758
89,1020,173.003737,117.263116,16.221831,7.885243,1,-1,-1,-1,0.311990,0.100275,1.704347,0.667474
89,1019,-4.358235,48.512444,6.179998,8.989997,1,-1,-1,-1,0.007694,0.003399,0.013748,0.034269
89,1017,243.530529,150.514910,16.118957,19.900681,1,-1,-1,-1,0.073641,0.054098,1.888931,0.394876
89,1015,-5.774213,73.707321,7.653072,15.075705,1,-1,-1,-1,0.002472,0.002258,0.128617,0.043592
89,911,224.614385,186.534085,7.765268,15.892343,1,-1,-1,-1,0.112830,0.086876,0.995953,0.410150
89,909,123.825744,130.708603,15.868509,7.412741,1,-1,-1,-1,0.005118,0.004537,0.232988,0.065030
90,1043,153.262817,117.014766,17.994849,7.830406,1,-1,-1,-1,0.153886,0.047350,2.019475,0.419294
90,1039,127.497466,116.834092,14.618642,7.312337,1,-1,-1,-1,0.204372,0.069100,0.989902,0.448012
90,1038,44.764398,131.637948,16.371946,8.054392,1,-1,-1,-1,0.111205,0.079670,1.073811,0.394386
90,1030,-2.223486,154.692101,15.661935,16.451453,1,-1,-1,-1,0.145947,0.076711,1.348624,0.721117
90,1019,3.476937,48.563165,6.179997,8.989996,1,-1,-1,-1,0.013137,0.004865,0.017414,0.044855
90,1015,2.076310,73.719290,7.641183,15.071384,1,-1,-1,-1,0.003079,0.002596,0.139406,0.049369
90,911,232.286988,186.780186,7.939578,15.557723,1,-1,-1,-1,0.166234,0.153097,1.127988,0.578262
90,909,123.777085,130.711248,15.985758,7.397531,1,-1,-1,-1,0.003834,0.003793,0.225031,0.059743
91,1043,160.927631,116.436197,17.533400,7.667921,1,-1,-1,-1,0.379365,0.141239,2.735506,0.663537
91,1039,135.631283,116.900268,15.063377,7.323908,1,-1,-1,-1,0.196793,0.066023,1.227146,0.529720
91,1038,45.512143,131.072264,17.000272,8.031092,1,-1,-1,-1,0.060236,0.021513,0.769676,0.168805
91,1030,3.159810,160.890586,14.175233,17.858036,1,-1,-1,-1,0.249862,0.106057,1.541437,0.706082
91,1019,11.377192,48.642747,6.189695,8.990186,1,-1,-1,-1,0.013534,0.005063,0.018114,0.045307
91,1015,9.987500,73.689967,7.649464,15.060234,1,-1,-1,-1,0.002843,0.002470,0.135899,0.047081
91,911,240.299440,186.150631,7.981489,15.067149,1,-1,-1,-1,0.098384,0.080778,0.795262,0.352491
91,909,123.726808,130.701807,16.066489,7.396461,1,-1,-1,-1,0.005487,0.004769,0.255753,0.069411
92,1039,143.456348,116.888520,15.021717,7.355265,1,-1,-1,-1,0.267170,0.082668,1.282433,0.586524
92,1038,46.493528,130.877337,16.211985,8.423323,1,-1,-1,-1,0.118255,0.088741,0.959529,0.401954
92,1030,10.638525,165.540464,11.795190,18.200214,1,-1,-1,-1,0.258417,0.067381,1.192312,0.437631
92,1019,19.369005,48.702378,6.189990,8.990011,1,-1,-1,-1,0.011668,0.004537,0.016909,0.042777
92,1015,17.996803,73.720432,7.640410,15.078942,1,-1,-1,-1,0.003110,0.002649,0.141957,0.050807
92,911,247.757360,186.543001,7.981938,15.066698,1,-1,-1,-1,0.866474,0.757889,1.825022,1.223308
92,909,123.723357,130.701477,16.093181,7.406984,1,-1,-1,-1,0.005597,0.004817,0.261183,0.069452
93,1039,151.490176,117.009769,15.224980,7.456800,1,-1,-1,-1,0.283640,0.088317,1.451112,0.628506
93,1038,47.384225,131.082728,16.398889,9.424641,1,-1,-1,-1,0.086989,0.066085,0.989211,0.441314
93,1030,18.094945,171.752453,10.805999,18.066226,1,-1,-1,-1,0.250371,0.069818,1.164739,0.432597
93,1019,27.507677,48.742378,6.180295,8.989810,1,-1,-1,-1,0.012381,0.004629,0.017244,0.044444
93,1015,26.136379,73.728580,7.621924,15.062853,1,-1,-1,-1,0.002704,0.002421,0.134704,0.046637
93,909,123.726912,130.698955,16.056312,7.402117,1,-1,-1,-1,0.004869,0.004404,0.247142,0.065656
94,1050,21.167511,42.721323,8.049737,18.013787,1,-1,-1,-1,0.456823,0.301485,5.541200,0.836781
94,1039,160.187291,116.827785,15.378435,7.444019,1,-1,-1,-1,0.210794,0.067332,1.332285,0.552106
94,1038,48.831622,129.823397,16.972067,9.782291,1,-1,-1,-1,0.139225,0.107951,1.324006,0.653997
94,1030,26.387395,179.786936,9.886026,18.476335,1,-1,-1,-1,0.245961,0.052527,1.190325,0.326676
94,1019,35.888004,48.732038,6.189730,8.990167,1,-1,-1,-1,0.010887,0.004317,0.016096,0.041962
94,1015,34.477789,73.731827,7.637918,15.086289,1,-1,-1,-1,0.002988,0.002545,0.140662,0.048907
94,909,123.696979,130.701131,16.155824,7.387767,1,-1,-1,-1,0.005824,0.005012,0.269182,0.070745
95,1050,29.446517,31.057038,8.308631,18.334789,1,-1,-1,-1,0.257116,0.067013,3.016434,0.494713
95,1043,195.365356,117.220975,16.131282,7.927487,1,-1,-1,-1,0.411571,0.125016,2.239291,0.790331
95,1039,167.933570,117.222937,15.712264,7.551591,1,-1,-1,-1,0.405453,0.123595,1.809723,0.787853
95,1038,49.301240,128.909716,17.268611,11.150764,1,-1,-1,-1,0.175853,0.117575,1.366640,0.833958
95,1030,22.558508,184.149563,9.361447,19.158837,1,-1,-1,-1,0.216847,0.157827,1.554737,0.563717
95,1019,43.756118,48.721420,6.189993,8.990007,1,-1,-1,-1,0.007177,0.003201,0.013085,0.031717
95,1015,42.338646,73.700728,7.639557,15.098676,1,-1,-1,-1,0.002900,0.002520,0.139503,0.048912
95,909,123.682878,130.712156,16.154399,7.415455,1,-1,-1,-1,0.005379,0.004769,0.263830,0.069457
96,1050,36.620162,25.958545,8.492023,18.917244,1,-1,-1,-1,0.149976,0.052450,1.801002,0.302398
96,1038,49.617390,127.569680,17.653979,12.432052,1,-1,-1,-1,0.194157,0.142042,1.603720,1.014518
96,1030,27.718855,183.432598,9.079612,19.332648,1,-1,-1,-1,0.267556,0.205212,1.829328,0.662762
96,1019,50.861594,48.761367,6.180244,8.989844,1,-1,-1,-1,0.008497,0.003608,0.014300,0.036305
96,1015,49.450404,73.729208,7.640293,15.081497,1,-1,-1,-1,0.002958,0.002571,0.139472,0.049381
96,909,123.715261,130.708648,16.099421,7.412753,1,-1,-1,-1,0.005824,0.004963,0.261505,0.070104
97,1050,43.261222,21.750973,8.501391,19.195323,1,-1,-1,-1,0.204599,0.070305,1.787168,0.300505
97,1038,50.689298,124.110022,17.544479,14.244008,1,-1,-1,-1,0.194593,0.127903,1.592632,1.032257
97,1019,57.268405,48.771357,6.189732,8.990162,1,-1,-1,-1,0.010258,0.004107,0.016095,0.040758
97,1015,55.862338,73.699623,7.640211,15.070930,1,-1,-1,-1,0.003048,0.002571,0.139459,0.049382
97,909,123.717896,130.698964,16.084255,7.402196,1,-1,-1,-1,0.005118,0.004583,0.253174,0.066902
98,1050,49.142991,16.331566,8.341718,18.570979,1,-1,-1,-1,0.201386,0.063269,1.838365,0.508616
98,1038,51.467469,120.629444,17.335838,15.539295,1,-1,-1,-1,0.262421,0.187813,2.115060,1.344744
98,1019,62.951108,48.781168,6.180228,8.989861,1,-1,-1,-1,0.008085,0.003467,0.014021,0.034940
98,1015,61.543837,73.689224,7.640361,15.051640,1,-1,-1,-1,0.002900,0.002495,0.135801,0.047533
98,909,123.718377,130.699092,16.073283,7.391843,1,-1,-1,-1,0.004364,0.004107,0.238948,0.063225
99,1051,45.581762,181.050197,8.716903,17.648931,1,-1,-1,-1,0.255458,0.198489,3.620006,0.812161
99,1050,54.052759,13.354167,9.162894,17.192046,1,-1,-1,-1,0.151235,0.120036,1.595893,0.641572
99,1038,53.457436,113.709372,15.841344,16.900137,1,-1,-1,-1,0.246469,0.141758,2.104335,1.223835
99,1019,67.919234,48.820975,6.189734,8.990162,1,-1,-1,-1,0.010057,0.004066,0.015937,0.040366
99,1015,66.513968,73.687772,7.622267,15.014532,1,-1,-1,-1,0.002678,0.002373,0.131012,0.045747
99,909,123.702965,130.701082,16.104063,7.397786,1,-1,-1,-1,0.004193,0.004026,0.238424,0.062620
100,1051,49.772754,181.195134,9.105653,17.709544,1,-1,-1,-1,0.231293,0.193790,3.375830,0.926693
100,1038,56.426443,106.198804,14.179344,17.435309,1,-1,-1,-1,0.218741,0.162467,1.892429,1.162360
100,1030,46.603492,208.058353,9.511771,17.069089,1,-1,-1,-1,0.122484,0.092763,1.164522,0.570404
100,1019,72.182452,48.801208,6.180254,8.989842,1,-1,-1,-1,0.009571,0.003908,0.015321,0.039226
100,1015,70.758438,73.712920,7.637407,15.063906,1,-1,-1,-1,0.003018,0.002596,0.139297,0.049846
100,909,123.691925,130.700996,16.116180,7.407966,1,-1,-1,-1,0.003834,0.003793,0.234560,0.060302
