1,1796,11.180000,116.040000,19.120000,7.920000,1,-1,-1,-1,10.000000,10.000000,10.000000,10.000000
1,1795,73.820000,54.510000,8.400000,18.620000,1,-1,-1,-1,10.000000,10.000000,10.000000,10.000000
1,1794,76.970000,217.350000,8.850000,17.760000,1,-1,-1,-1,10.000000,10.000000,10.000000,10.000000
1,1793,77.580000,246.570000,8.450000,18.180000,1,-1,-1,-1,10.000000,10.000000,10.000000,10.000000
1,1792,62.370000,187.740000,8.520000,19.600000,1,-1,-1,-1,10.000000,10.000000,10.000000,10.000000
1,1791,73.290000,25.040000,7.990000,19.020000,1,-1,-1,-1,10.000000,10.000000,10.000000,10.000000
1,1790,150.560000,130.880000,18.500000,7.740000,1,-1,-1,-1,10.000000,10.000000,10.000000,10.000000
1,1789,123.340000,130.640000,16.830000,7.300000,1,-1,-1,-1,10.000000,10.000000,10.000000,10.000000
2,1796,14.236912,116.434873,17.616075,8.240234,1,-1,-1,-1,0.220808,0.173544,4.288090,0.933635
2,1795,74.058763,54.552686,8.122472,18.284629,1,-1,-1,-1,0.114126,0.052796,2.005853,0.407496
2,1794,77.784925,216.540312,7.720144,16.239398,1,-1,-1,-1,0.121183,0.068473,1.851664,0.558722
2,1793,77.778260,246.853762,8.233479,18.092474,1,-1,-1,-1,0.109651,0.060126,2.151263,0.415417
2,1792,62.370000,187.610000,8.520000,19.600000,1,-1,-1,-1,0.003118,0.002905,0.182000,0.026453
2,1791,73.300002,25.029994,7.989995,19.010012,1,-1,-1,-1,0.003696,0.003179,0.191331,0.026191
2,1790,150.560008,130.879997,18.509984,7.740007,1,-1,-1,-1,0.003150,0.003806,0.217893,0.034627
2,1789,123.339986,130.640006,16.820028,7.299988,1,-1,-1,-1,0.003964,0.004248,0.318618,0.061082
3,1797,180.220000,129.540000,16.250000,7.620000,1,-1,-1,-1,10.000000,10.000000,10.000000,10.000000
3,1796,15.442147,116.293918,17.707357,8.173892,1,-1,-1,-1,0.131246,0.101335,2.738755,0.543402
3,1795,73.781722,54.498650,8.380832,18.699817,1,-1,-1,-1,0.106562,0.062884,1.996001,0.335467
3,1794,77.512250,217.607591,8.143327,17.060289,1,-1,-1,-1,0.155214,0.089047,2.874260,0.526283
3,1793,77.809103,246.160661,8.312482,17.956596,1,-1,-1,-1,0.214839,0.108585,3.699348,0.568909
3,1792,62.370000,187.609969,8.520000,19.600000,1,-1,-1,-1,0.002995,0.002875,0.177674,0.025849
3,1791,73.290012,25.050147,7.989991,19.019674,1,-1,-1,-1,0.004380,0.004600,0.220649,0.031397
3,1790,150.559836,130.879999,18.500333,7.740003,1,-1,-1,-1,0.003181,0.003804,0.218522,0.033934
3,1789,123.330647,130.639923,16.848699,7.300153,1,-1,-1,-1,0.004084,0.004332,0.314205,0.058613
4,1796,17.441857,115.792610,16.913869,8.157798,1,-1,-1,-1,0.164097,0.092500,2.182279,0.487132
4,1795,73.646365,54.372286,8.464416,18.766636,1,-1,-1,-1,0.108922,0.054133,1.676267,0.316492
4,1794,77.416919,217.457724,8.285693,17.315202,1,-1,-1,-1,0.096451,0.055805,1.830152,0.394828
4,1793,77.708436,246.647764,8.210320,18.021962,1,-1,-1,-1,0.158919,0.079229,2.548772,0.469666
4,1792,62.370000,187.609984,8.520000,19.600000,1,-1,-1,-1,0.003022,0.002901,0.168810,0.025350
4,1791,73.289925,25.049920,7.990113,19.020259,1,-1,-1,-1,0.004328,0.004500,0.208034,0.030798
4,1790,150.560119,130.880055,18.499749,7.739890,1,-1,-1,-1,0.003082,0.003723,0.204243,0.033607
4,1789,123.338783,130.639687,16.832450,7.300626,1,-1,-1,-1,0.003956,0.004239,0.289963,0.058054
5,1796,18.622974,115.789829,17.917112,8.338945,1,-1,-1,-1,0.122797,0.066503,1.857380,0.424733
5,1795,73.730669,54.572093,8.470232,18.868191,1,-1,-1,-1,0.118775,0.059676,1.576520,0.325108
5,1794,77.609358,216.883952,8.001723,16.959832,1,-1,-1,-1,0.100239,0.056876,1.419767,0.379878
5,1793,77.201768,246.824954,8.792962,18.326051,1,-1,-1,-1,0.129699,0.065788,2.000013,0.346769
5,1792,62.370000,187.609989,8.520000,19.600000,1,-1,-1,-1,0.003081,0.002899,0.166011,0.025848
5,1791,73.299854,25.029687,7.990222,19.010782,1,-1,-1,-1,0.003687,0.003236,0.176063,0.026105
5,1790,150.560111,130.880048,18.499769,7.739903,1,-1,-1,-1,0.003143,0.003796,0.196256,0.033283
5,1789,123.340172,130.639973,16.839641,7.300054,1,-1,-1,-1,0.003915,0.004194,0.278137,0.056965
6,1796,20.548364,115.757287,18.524749,8.375568,1,-1,-1,-1,0.146872,0.087791,1.737906,0.422452
6,1795,73.797808,54.361070,8.419608,18.674122,1,-1,-1,-1,0.125636,0.078328,1.575465,0.358604
6,1794,77.582848,217.080871,7.956098,16.858338,1,-1,-1,-1,0.166049,0.101842,1.784852,0.536624
6,1793,77.442840,246.827409,8.804365,18.454034,1,-1,-1,-1,0.086570,0.053472,1.478210,0.284443
6,1792,62.370219,187.610119,8.529540,19.589767,1,-1,-1,-1,0.002989,0.002842,0.162298,0.025598
6,1791,73.290382,25.050425,7.999271,19.009009,1,-1,-1,-1,0.004367,0.004586,0.197683,0.031703
6,1790,150.560088,130.880038,18.499818,7.739924,1,-1,-1,-1,0.003142,0.003795,0.193036,0.033283
6,1789,123.339842,130.639921,16.840335,7.300157,1,-1,-1,-1,0.004238,0.004407,0.281190,0.060283
7,1796,22.551404,116.020570,19.086656,8.705183,1,-1,-1,-1,0.102210,0.064682,1.348527,0.316200
7,1795,73.945465,54.458734,8.351150,18.631089,1,-1,-1,-1,0.138158,0.089971,1.610883,0.399318
7,1794,77.286567,217.518974,8.481363,17.163915,1,-1,-1,-1,0.153222,0.087626,1.995851,0.558791
7,1793,77.704378,246.070461,8.629034,18.081521,1,-1,-1,-1,0.113633,0.078018,1.663035,0.440464
7,1792,62.369674,187.609481,8.520682,19.591019,1,-1,-1,-1,0.002901,0.002813,0.158096,0.025349
7,1791,73.299624,25.029496,7.990718,19.011132,1,-1,-1,-1,0.003649,0.003202,0.171993,0.025852
7,1790,150.560071,130.880031,18.499852,7.739938,1,-1,-1,-1,0.003270,0.003871,0.194530,0.034263
7,1789,123.348266,130.639591,16.813512,7.300819,1,-1,-1,-1,0.003835,0.004150,0.266127,0.057513
8,1798,63.538466,221.230819,7.613424,15.038738,1,-1,-1,-1,0.151458,0.107390,1.336466,0.423879
8,1796,25.861787,115.897227,19.164085,8.964154,1,-1,-1,-1,0.090826,0.049796,1.230888,0.327544
8,1795,73.643925,54.307131,8.875362,18.935955,1,-1,-1,-1,0.047164,0.014522,0.649972,0.103631
8,1794,77.185542,216.809137,8.411793,16.919237,1,-1,-1,-1,0.074757,0.058672,1.321493,0.396969
8,1793,77.526042,247.054673,8.680357,18.521934,1,-1,-1,-1,0.113521,0.060350,1.476884,0.358410
8,1792,62.369985,187.609966,8.520029,19.590053,1,-1,-1,-1,0.002872,0.002757,0.157207,0.025103
8,1791,73.299963,25.029916,7.990075,19.010165,1,-1,-1,-1,0.003612,0.003170,0.169036,0.025598
8,1790,150.560060,130.880026,18.499875,7.739948,1,-1,-1,-1,0.003335,0.003909,0.196723,0.034597
8,1789,123.341504,130.640317,16.836964,7.299366,1,-1,-1,-1,0.003991,0.004233,0.267687,0.058602
9,1798,63.598808,220.127114,7.567960,15.187419,1,-1,-1,-1,0.110304,0.082758,1.217746,0.379212
9,1796,29.293674,116.246821,19.241701,9.543368,1,-1,-1,-1,0.144255,0.084530,1.747453,0.557397
9,1795,73.686845,54.281531,8.724508,18.887106,1,-1,-1,-1,0.144746,0.095953,1.263880,0.388901
9,1794,77.319596,216.407352,8.212792,16.624282,1,-1,-1,-1,0.066970,0.050209,1.024839,0.342562
9,1793,77.387444,246.954794,8.880387,18.471952,1,-1,-1,-1,0.094159,0.060799,1.407682,0.342751
9,1792,62.370019,187.610038,8.519961,19.589911,1,-1,-1,-1,0.002989,0.002869,0.159413,0.025848
9,1791,73.300000,25.039972,7.990001,19.010001,1,-1,-1,-1,0.003576,0.003139,0.168311,0.025349
9,1790,150.560049,130.880021,18.499898,7.739957,1,-1,-1,-1,0.003049,0.003719,0.187573,0.033284
9,1789,123.340151,130.640044,16.839709,7.299912,1,-1,-1,-1,0.004071,0.004318,0.266098,0.059162
10,1798,63.524130,218.870351,7.609996,15.096877,1,-1,-1,-1,0.086372,0.060018,0.875357,0.292721
10,1796,35.006221,113.973082,17.178014,9.814905,1,-1,-1,-1,0.112338,0.073519,1.175339,0.465359
10,1795,73.745101,54.365306,8.581415,18.812639,1,-1,-1,-1,0.137198,0.087099,1.402881,0.382201
10,1794,77.378951,216.482205,8.032498,16.683088,1,-1,-1,-1,0.066875,0.048729,0.983615,0.341733
10,1793,77.558252,246.600351,8.642355,18.408123,1,-1,-1,-1,0.108821,0.052640,1.283450,0.341745
10,1792,62.370121,187.610387,8.519757,19.599190,1,-1,-1,-1,0.003018,0.002898,0.159007,0.025849
10,1791,73.300108,25.040369,7.989785,19.019241,1,-1,-1,-1,0.003648,0.003170,0.167801,0.025349
10,1790,150.560044,130.880019,18.499909,7.739962,1,-1,-1,-1,0.003205,0.003831,0.191648,0.033606
10,1789,123.339371,130.639837,16.831301,7.300326,1,-1,-1,-1,0.004030,0.004275,0.266996,0.058607
11,1798,63.385829,217.712948,7.587228,14.899883,1,-1,-1,-1,0.083539,0.065785,0.827471,0.302297
11,1796,36.401754,116.226442,18.150138,11.056792,1,-1,-1,-1,0.252640,0.181294,2.022234,0.907962
11,1795,73.891834,54.260040,8.447290,18.730647,1,-1,-1,-1,0.132053,0.080702,1.374666,0.376191
11,1794,77.180551,217.377949,8.322111,17.100148,1,-1,-1,-1,0.072750,0.053597,1.177892,0.365101
11,1793,77.592919,246.178388,8.591659,18.269716,1,-1,-1,-1,0.150521,0.111189,1.713566,0.533969
11,1792,62.370019,187.610045,8.519961,19.599905,1,-1,-1,-1,0.003018,0.002869,0.158656,0.025598
11,1791,73.299899,25.029681,7.990203,19.010731,1,-1,-1,-1,0.003759,0.003202,0.170359,0.026102
11,1790,150.560039,130.880017,18.499920,7.739967,1,-1,-1,-1,0.003110,0.003755,0.189611,0.033283
11,1789,123.349276,130.639814,16.821418,7.300371,1,-1,-1,-1,0.003759,0.004067,0.259605,0.056430
12,1798,63.339137,217.152773,7.602863,15.166477,1,-1,-1,-1,0.102267,0.072215,0.864139,0.321806
12,1796,39.419313,115.423425,18.726436,11.919614,1,-1,-1,-1,0.371106,0.311235,2.919297,1.436452
12,1795,73.859485,54.470377,8.318440,18.705537,1,-1,-1,-1,0.104048,0.066154,1.190374,0.323651
12,1794,77.542385,216.819500,8.063786,17.024435,1,-1,-1,-1,0.090172,0.051082,1.062357,0.350940
12,1793,77.681711,246.174592,8.523111,18.036734,1,-1,-1,-1,0.149708,0.075634,1.670365,0.476281
12,1792,62.369899,187.609654,8.520202,19.590711,1,-1,-1,-1,0.002988,0.002840,0.156988,0.025349
12,1791,73.299987,25.039935,7.990028,19.010072,1,-1,-1,-1,0.003648,0.003202,0.167154,0.025104
12,1790,150.550062,130.880015,18.499928,7.739970,1,-1,-1,-1,0.003173,0.003793,0.189171,0.033283
12,1789,123.349188,130.639397,16.821631,7.291242,1,-1,-1,-1,0.003834,0.004108,0.258586,0.058048
13,1798,63.330020,216.302455,7.671871,15.326600,1,-1,-1,-1,0.085678,0.063786,0.879325,0.320550
13,1796,44.129974,114.871287,17.045157,14.273307,1,-1,-1,-1,0.586116,0.344346,3.957672,0.863053
13,1795,73.767638,54.428592,8.412253,18.634423,1,-1,-1,-1,0.117890,0.073987,1.253732,0.350709
13,1794,77.567216,215.814313,7.948931,16.079163,1,-1,-1,-1,0.057966,0.041324,0.745461,0.289148
13,1793,77.570860,246.260267,8.670308,17.999462,1,-1,-1,-1,0.156317,0.079054,1.710694,0.483486
13,1792,62.379936,187.620457,8.510103,19.618956,1,-1,-1,-1,0.002871,0.002784,0.155367,0.024859
13,1791,73.290159,25.050383,7.989757,19.019122,1,-1,-1,-1,0.004278,0.004493,0.188292,0.030793
13,1790,150.560001,130.880014,18.499934,7.739973,1,-1,-1,-1,0.003173,0.003831,0.190469,0.033606
13,1789,123.350664,130.640524,16.818677,7.298911,1,-1,-1,-1,0.003834,0.004149,0.257958,0.057506
14,1798,62.967974,215.541063,7.711313,15.329982,1,-1,-1,-1,0.105760,0.082151,0.904269,0.350491
14,1796,47.437058,111.459385,17.369668,15.614706,1,-1,-1,-1,0.367747,0.274061,3.859532,1.323697
14,1795,73.678397,54.375473,8.965805,18.915950,1,-1,-1,-1,0.053237,0.021726,0.747106,0.123013
14,1794,77.503318,218.323288,8.082236,17.176360,1,-1,-1,-1,0.124918,0.073842,1.129044,0.384944
14,1793,77.392854,247.005818,8.773036,18.464585,1,-1,-1,-1,0.089766,0.058425,1.302986,0.324157
14,1792,62.370552,187.610499,8.528898,19.599114,1,-1,-1,-1,0.003172,0.002956,0.160695,0.026101
14,1791,73.299867,25.029725,7.990195,19.010704,1,-1,-1,-1,0.003684,0.003202,0.168512,0.025601
14,1790,150.550058,130.880013,18.499940,7.739975,1,-1,-1,-1,0.003236,0.003869,0.190234,0.033933
14,1789,123.340832,130.640245,16.828377,7.299510,1,-1,-1,-1,0.003990,0.004275,0.261676,0.059158
15,1798,62.939705,215.143418,7.770743,15.427805,1,-1,-1,-1,0.083939,0.061932,0.819978,0.302995
15,1796,51.326873,106.850735,15.085388,18.002784,1,-1,-1,-1,0.156491,0.110806,2.458699,0.512224
15,1795,73.715005,54.249189,8.872567,19.083522,1,-1,-1,-1,0.071213,0.019867,0.657718,0.125163
15,1794,77.468214,217.823649,8.162186,17.455025,1,-1,-1,-1,0.124580,0.071244,1.267759,0.404420
15,1793,77.507529,245.913376,8.662849,18.195643,1,-1,-1,-1,0.164735,0.083447,1.544196,0.465955
15,1792,62.369570,187.609129,8.520888,19.591764,1,-1,-1,-1,0.002843,0.002784,0.155102,0.025104
15,1791,73.299986,25.029962,7.990028,19.010073,1,-1,-1,-1,0.003648,0.003201,0.167943,0.025598
15,1790,150.559995,130.880012,18.499944,7.739977,1,-1,-1,-1,0.003302,0.003908,0.191632,0.034263
15,1789,123.348771,130.639335,16.822425,7.291367,1,-1,-1,-1,0.003796,0.004067,0.255097,0.056968
16,1798,63.035840,215.125226,7.819919,15.653847,1,-1,-1,-1,0.091075,0.076823,0.902111,0.339112
16,1796,53.785275,102.895242,14.457189,19.079108,1,-1,-1,-1,0.185826,0.138365,2.587873,0.874757
16,1795,73.706184,54.375856,8.672062,18.913346,1,-1,-1,-1,0.114216,0.073696,1.045333,0.328033
16,1794,77.748062,216.062553,7.827583,16.482730,1,-1,-1,-1,0.085450,0.066041,0.989060,0.383366
16,1793,77.398982,246.715383,8.668644,18.475816,1,-1,-1,-1,0.100336,0.047781,1.163300,0.294086
16,1792,62.370062,187.620230,8.519876,19.599457,1,-1,-1,-1,0.002958,0.002840,0.156238,0.025597
16,1791,73.300001,25.029999,7.989999,19.009998,1,-1,-1,-1,0.003721,0.003234,0.167780,0.025349
16,1790,150.550054,130.880011,18.499949,7.739979,1,-1,-1,-1,0.003204,0.003831,0.189844,0.033934
16,1789,123.343276,130.641577,16.843414,7.306762,1,-1,-1,-1,0.004364,0.004538,0.267171,0.060283
17,1798,63.075344,215.325720,7.851806,16.018854,1,-1,-1,-1,0.107490,0.087592,1.055119,0.400418
17,1796,56.771707,95.947494,12.662612,19.151388,1,-1,-1,-1,0.228451,0.177375,2.383416,0.975577
17,1795,73.546323,54.329861,8.597535,18.811208,1,-1,-1,-1,0.118875,0.058936,1.153733,0.335742
17,1794,77.595410,217.072909,7.980947,16.591510,1,-1,-1,-1,0.135609,0.078181,1.214267,0.448500
17,1793,77.394426,246.420697,8.770521,18.336599,1,-1,-1,-1,0.178109,0.131374,1.677469,0.580063
17,1792,62.369902,187.609694,8.520195,19.590689,1,-1,-1,-1,0.002929,0.002812,0.156145,0.025349
17,1791,73.300003,25.039975,7.989995,19.009989,1,-1,-1,-1,0.003758,0.003233,0.169106,0.025848
17,1790,150.550021,130.880010,18.499952,7.739980,1,-1,-1,-1,0.003236,0.003869,0.189633,0.033934
17,1789,123.338584,130.639364,16.832911,7.301315,1,-1,-1,-1,0.003990,0.004232,0.260962,0.058611
18,1798,62.976972,214.441332,7.845956,15.724319,1,-1,-1,-1,0.078505,0.060139,0.813000,0.291351
18,1796,58.756584,88.451557,10.155336,20.557056,1,-1,-1,-1,0.138729,0.117251,1.998553,0.366077
18,1795,73.600972,54.230550,8.744321,18.949661,1,-1,-1,-1,0.054236,0.015692,0.621950,0.114248
18,1794,77.430232,218.295496,8.247994,17.296970,1,-1,-1,-1,0.142508,0.087485,1.393036,0.455135
18,1793,77.634248,245.650280,8.585445,17.929685,1,-1,-1,-1,0.138096,0.086994,1.578883,0.460807
18,1792,62.370468,187.620902,8.529037,19.598114,1,-1,-1,-1,0.002958,0.002840,0.157414,0.025349
18,1791,73.290149,25.040389,7.989769,19.019197,1,-1,-1,-1,0.003684,0.003201,0.167559,0.025849
18,1790,150.559990,130.880009,18.499955,7.739981,1,-1,-1,-1,0.003269,0.003869,0.189482,0.034263
18,1789,123.357946,130.639102,16.814047,7.291821,1,-1,-1,-1,0.003402,0.002927,0.226474,0.050834
19,1798,63.039723,214.338036,7.889893,15.597655,1,-1,-1,-1,0.096988,0.076730,0.860565,0.348400
19,1796,59.959407,81.469596,8.856500,19.146884,1,-1,-1,-1,0.148980,0.127650,1.654049,0.499191
19,1795,73.663666,54.288753,8.891887,19.049601,1,-1,-1,-1,0.042138,0.014349,0.535884,0.098965
19,1794,77.389186,217.489344,8.249499,17.299981,1,-1,-1,-1,0.118049,0.069269,1.338817,0.428100
19,1793,77.612369,246.259051,8.518123,17.954829,1,-1,-1,-1,0.119079,0.082777,1.448325,0.416577
19,1792,62.369682,187.609538,8.520664,19.600977,1,-1,-1,-1,0.002871,0.002784,0.154621,0.024859
19,1791,73.290566,25.051142,7.998825,19.027606,1,-1,-1,-1,0.004152,0.004404,0.187197,0.030496
19,1790,150.550484,130.880128,18.509061,7.739743,1,-1,-1,-1,0.003204,0.003831,0.187743,0.033607
19,1789,123.343217,130.641539,16.833610,7.306840,1,-1,-1,-1,0.004070,0.004317,0.258731,0.058581
20,1798,63.159705,214.212427,7.853707,15.649123,1,-1,-1,-1,0.079151,0.060657,0.861989,0.317213
20,1796,60.296893,76.427015,8.785193,19.602888,1,-1,-1,-1,0.119176,0.105577,1.393029,0.232573
20,1795,73.752768,54.298278,8.535830,19.034025,1,-1,-1,-1,0.117965,0.060428,0.955300,0.332687
20,1794,77.317024,217.727047,8.340859,17.492615,1,-1,-1,-1,0.130052,0.073897,1.350966,0.416820
20,1793,77.613577,246.359952,8.566638,18.037007,1,-1,-1,-1,0.140940,0.072582,1.485277,0.448863
20,1792,62.369962,187.609917,8.520076,19.600162,1,-1,-1,-1,0.002988,0.002869,0.157218,0.025349
20,1791,73.289630,25.049423,7.990775,19.031173,1,-1,-1,-1,0.004111,0.004360,0.184399,0.029625
20,1790,150.559591,130.879902,18.500787,7.740196,1,-1,-1,-1,0.003204,0.003831,0.187589,0.033933
20,1789,123.347718,130.638746,16.824567,7.292590,1,-1,-1,-1,0.004070,0.004317,0.264115,0.059161
21,1798,63.302279,213.961365,7.858511,15.650232,1,-1,-1,-1,0.097839,0.077422,0.961240,0.368546
21,1796,59.938206,69.063198,8.758442,19.565067,1,-1,-1,-1,0.146005,0.116476,1.494893,0.393001
21,1795,73.663032,54.343185,8.560328,18.859333,1,-1,-1,-1,0.125447,0.065344,1.191673,0.388737
21,1794,77.443177,216.680714,8.045462,16.876996,1,-1,-1,-1,0.076342,0.042949,0.912187,0.311039
21,1793,77.499694,246.831571,8.629518,18.360129,1,-1,-1,-1,0.063226,0.041321,1.011760,0.259854
21,1792,62.369882,187.609615,8.520235,19.590792,1,-1,-1,-1,0.003048,0.002869,0.158572,0.025848
21,1791,73.289666,25.048968,7.990662,19.012170,1,-1,-1,-1,0.004726,0.004817,0.195526,0.031706
21,1790,150.559964,130.879987,18.500074,7.740026,1,-1,-1,-1,0.003334,0.003908,0.190703,0.034263
21,1789,123.357872,130.639043,16.804258,7.281938,1,-1,-1,-1,0.003301,0.002898,0.224213,0.050835
22,1798,63.287469,214.633571,7.777718,16.196634,1,-1,-1,-1,0.113404,0.088292,1.122641,0.432015
22,1796,59.295137,61.893721,9.634073,19.783645,1,-1,-1,-1,0.071528,0.059598,1.095745,0.243607
22,1795,73.750384,54.597226,8.486667,18.915976,1,-1,-1,-1,0.116765,0.059450,1.130459,0.326833
22,1794,77.358009,216.636605,8.203533,16.587247,1,-1,-1,-1,0.094224,0.073762,1.065544,0.400647
22,1793,77.353797,246.978056,8.681108,18.501885,1,-1,-1,-1,0.131593,0.069065,1.219257,0.353647
22,1792,62.370100,187.610337,8.519799,19.599295,1,-1,-1,-1,0.003048,0.002869,0.157157,0.025598
22,1791,73.289938,25.049854,7.990119,19.010301,1,-1,-1,-1,0.004587,0.004722,0.194074,0.032328
22,1790,150.550036,130.880004,18.499982,7.739992,1,-1,-1,-1,0.002988,0.003718,0.184301,0.033284
22,1789,123.351191,130.640641,16.807654,7.288674,1,-1,-1,-1,0.003834,0.004148,0.253951,0.058031
23,1798,63.093485,213.714704,7.834068,15.965367,1,-1,-1,-1,0.106520,0.083557,1.015637,0.391053
23,1796,59.835126,52.883406,9.326213,18.816104,1,-1,-1,-1,0.216479,0.185890,1.514312,0.718028
23,1795,73.672359,54.331906,8.711450,18.894657,1,-1,-1,-1,0.057964,0.016162,0.629497,0.118426
23,1794,77.441813,218.634110,8.289790,17.726825,1,-1,-1,-1,0.109257,0.061775,1.101214,0.355892
23,1793,77.601704,246.706743,8.551064,18.489864,1,-1,-1,-1,0.103745,0.071830,1.201324,0.337356
23,1792,62.369906,187.609679,8.520188,19.590665,1,-1,-1,-1,0.002814,0.002757,0.153012,0.024618
23,1791,73.299383,25.028701,7.981200,18.992766,1,-1,-1,-1,0.003301,0.003015,0.160508,0.024622
23,1790,150.559985,130.880006,18.499969,7.739987,1,-1,-1,-1,0.003079,0.003718,0.185648,0.033283
23,1789,123.350953,130.640310,16.818057,7.289377,1,-1,-1,-1,0.003911,0.004190,0.255033,0.057506
24,1798,63.097542,213.746970,7.840801,15.826644,1,-1,-1,-1,0.100749,0.081980,0.940838,0.371373
24,1796,59.775631,44.735782,9.072768,18.723707,1,-1,-1,-1,0.217887,0.172108,1.880854,0.755937
24,1795,73.556433,54.212825,8.452646,18.754073,1,-1,-1,-1,0.120257,0.082322,1.056541,0.375610
24,1794,77.315327,217.894479,8.375895,17.781806,1,-1,-1,-1,0.106437,0.061734,1.148350,0.360820
24,1793,77.498460,246.818917,8.634648,18.463895,1,-1,-1,-1,0.101627,0.065377,1.217818,0.343943
24,1792,62.370103,187.610344,8.519793,19.599282,1,-1,-1,-1,0.002958,0.002840,0.155585,0.025349
24,1791,73.300531,25.041196,7.988910,19.007493,1,-1,-1,-1,0.003079,0.002897,0.155719,0.023675
24,1790,150.560017,130.880007,18.499968,7.739987,1,-1,-1,-1,0.003301,0.003908,0.190402,0.033933
24,1789,123.343129,130.641629,16.833744,7.306662,1,-1,-1,-1,0.004070,0.004317,0.261181,0.059158
25,1798,63.265218,213.514213,7.773320,15.613741,1,-1,-1,-1,0.100693,0.078225,0.866595,0.356605
25,1796,59.811828,36.880407,9.183759,18.069662,1,-1,-1,-1,0.318252,0.229248,2.122271,1.050001
25,1795,73.733946,54.414984,8.411614,18.797669,1,-1,-1,-1,0.125434,0.075338,1.210534,0.386723
25,1794,77.329025,216.991982,8.440602,17.417128,1,-1,-1,-1,0.217771,0.127977,1.536835,0.569792
25,1793,77.233919,246.666741,8.823728,18.525283,1,-1,-1,-1,0.106364,0.067229,1.256161,0.331728
25,1792,62.370017,187.620015,8.519967,19.599917,1,-1,-1,-1,0.002988,0.002869,0.155585,0.025103
25,1791,73.290263,25.050613,7.989557,19.018648,1,-1,-1,-1,0.004408,0.004629,0.189555,0.030792
25,1790,150.560016,130.880007,18.499969,7.739987,1,-1,-1,-1,0.003334,0.003947,0.192074,0.034263
25,1789,123.346590,130.638489,16.806890,7.293099,1,-1,-1,-1,0.003796,0.004067,0.255069,0.057510
26,1798,63.220328,213.784425,7.787172,15.699551,1,-1,-1,-1,0.112350,0.088262,0.955374,0.401968
26,1796,59.210560,28.180146,8.518344,18.677714,1,-1,-1,-1,0.098392,0.043996,1.312958,0.399759
26,1795,73.655612,54.325634,8.855942,18.919619,1,-1,-1,-1,0.051201,0.016006,0.624964,0.109460
26,1794,77.463696,217.349969,8.278303,17.465300,1,-1,-1,-1,0.163977,0.098053,1.561275,0.531047
26,1793,77.364494,246.247265,8.855700,18.421712,1,-1,-1,-1,0.176467,0.116012,1.644506,0.603967
26,1792,62.379727,187.619787,8.510521,19.610406,1,-1,-1,-1,0.002759,0.002702,0.151519,0.024618
26,1791,73.298419,25.026588,7.973155,18.987245,1,-1,-1,-1,0.006121,0.005648,0.215860,0.034929
26,1790,150.551202,130.880575,18.507626,7.748815,1,-1,-1,-1,0.003301,0.003908,0.190432,0.033934
26,1789,123.333485,130.641544,16.833024,7.306833,1,-1,-1,-1,0.004030,0.004274,0.256774,0.058051
27,1798,63.294696,213.629285,7.759240,15.728162,1,-1,-1,-1,0.102639,0.078984,0.917889,0.372147
27,1796,59.223415,18.688233,8.379222,18.487057,1,-1,-1,-1,0.140532,0.057708,1.330275,0.453269
27,1795,73.692292,54.453213,8.699696,18.937272,1,-1,-1,-1,0.149904,0.099843,1.117788,0.387098
27,1794,77.443730,217.110935,8.332302,17.155491,1,-1,-1,-1,0.130553,0.089195,1.465669,0.536951
27,1793,77.504327,246.009629,8.793567,18.313660,1,-1,-1,-1,0.305935,0.169119,2.086076,0.792980
27,1792,62.370152,187.609858,8.519725,19.590390,1,-1,-1,-1,0.002900,0.002812,0.154082,0.024859
27,1791,73.301062,25.062858,7.977822,19.033707,1,-1,-1,-1,0.005379,0.005164,0.204322,0.031102
27,1790,150.549439,130.879619,18.511119,7.740802,1,-1,-1,-1,0.003436,0.004026,0.193582,0.035271
27,1789,123.339199,130.639533,16.831562,7.300975,1,-1,-1,-1,0.003834,0.004107,0.254678,0.056965
28,1798,63.156395,214.485327,7.764065,16.071852,1,-1,-1,-1,0.108337,0.095028,1.062403,0.420616
28,1796,59.065154,9.586335,8.333929,18.200610,1,-1,-1,-1,0.226320,0.074514,1.557161,0.574928
28,1795,73.835126,54.307348,8.516788,18.672850,1,-1,-1,-1,0.150361,0.074011,1.291630,0.416161
28,1794,77.551893,216.189605,7.992425,16.347617,1,-1,-1,-1,0.055288,0.042966,0.798430,0.299240
28,1793,77.483095,246.542948,8.649388,18.410048,1,-1,-1,-1,0.105923,0.072220,1.407461,0.376845
28,1792,62.370124,187.610384,8.519751,19.599202,1,-1,-1,-1,0.002958,0.002840,0.155441,0.025597
28,1791,73.290122,25.039577,7.989789,19.001096,1,-1,-1,-1,0.003721,0.003233,0.170527,0.026361
28,1790,150.559392,130.879818,18.501184,7.740364,1,-1,-1,-1,0.003436,0.004026,0.193609,0.035273
28,1789,123.347733,130.638991,16.814534,7.292056,1,-1,-1,-1,0.003911,0.004190,0.258631,0.058600
29,1809,71.619311,-2.976163,10.459324,20.775077,1,-1,-1,-1,0.668076,0.174107,3.201076,0.309503
29,1798,63.321057,214.279713,7.770843,16.253409,1,-1,-1,-1,0.116561,0.090010,1.129090,0.440104
29,1796,58.684059,0.568016,8.323162,18.668705,1,-1,-1,-1,0.210862,0.073896,1.494772,0.473509
29,1795,73.695541,54.385752,8.468598,18.639507,1,-1,-1,-1,0.133939,0.067257,1.301198,0.389861
29,1794,77.637421,217.552013,7.967982,16.778906,1,-1,-1,-1,0.122376,0.078000,1.163796,0.436376
29,1793,77.497353,246.751759,8.624496,18.420022,1,-1,-1,-1,0.111349,0.071833,1.323382,0.359624
29,1792,62.370019,187.610046,8.519962,19.599906,1,-1,-1,-1,0.002929,0.002840,0.154083,0.025103
29,1791,73.299700,25.029734,7.980565,19.010557,1,-1,-1,-1,0.003611,0.003170,0.166898,0.025104
29,1790,150.559929,130.879972,18.500143,7.740056,1,-1,-1,-1,0.003204,0.003830,0.187107,0.033608
29,1789,123.333738,130.641653,16.842522,7.306614,1,-1,-1,-1,0.004111,0.004317,0.258706,0.058605
30,1809,71.808367,-3.904856,10.143389,20.249860,1,-1,-1,-1,0.359501,0.113858,2.277913,0.269669
30,1798,63.311757,213.833898,7.796985,16.034884,1,-1,-1,-1,0.089385,0.071239,0.932131,0.332148
30,1796,58.371351,-9.379627,8.493025,19.035111,1,-1,-1,-1,0.258788,0.071840,1.472340,0.451290
30,1795,73.861579,54.311399,8.348300,18.592335,1,-1,-1,-1,0.139819,0.090649,1.320807,0.401975
30,1794,77.627102,217.669060,7.894971,17.144176,1,-1,-1,-1,0.098990,0.058915,1.121898,0.380092
30,1793,77.414303,246.778601,8.661626,18.432168,1,-1,-1,-1,0.093581,0.060599,1.198564,0.327675
30,1792,62.370002,187.610005,8.519995,19.599988,1,-1,-1,-1,0.003018,0.002897,0.156736,0.025349
30,1791,73.299984,25.029969,7.980032,19.010056,1,-1,-1,-1,0.003402,0.003046,0.161115,0.024859
30,1790,150.550485,130.880127,18.509062,7.739746,1,-1,-1,-1,0.003301,0.003908,0.191716,0.034263
30,1789,123.347983,130.639240,16.823999,7.301562,1,-1,-1,-1,0.003911,0.004190,0.256554,0.058054
31,1809,71.694493,-4.182747,10.342691,20.435881,1,-1,-1,-1,0.446340,0.143933,2.270039,0.278660
31,1798,63.259825,214.436574,7.801391,16.397293,1,-1,-1,-1,0.108199,0.085780,1.097744,0.422529
31,1796,58.206394,-17.537535,8.384537,19.532397,1,-1,-1,-1,0.273800,0.088198,1.476025,0.325109
31,1795,73.925922,54.327998,8.236691,18.664563,1,-1,-1,-1,0.124515,0.078981,1.233475,0.369420
31,1794,77.563616,216.798960,8.022927,16.823799,1,-1,-1,-1,0.083644,0.067198,1.076228,0.398314
31,1793,77.269224,246.990000,8.673193,18.543778,1,-1,-1,-1,0.092597,0.061141,1.158848,0.340760
31,1792,62.370369,187.620567,8.529237,19.598814,1,-1,-1,-1,0.002871,0.002812,0.154048,0.025349
31,1791,73.290936,25.041452,7.998128,19.007008,1,-1,-1,-1,0.004235,0.004492,0.186214,0.031396
31,1790,150.550777,130.880470,18.508444,7.749025,1,-1,-1,-1,0.003269,0.003869,0.190175,0.033934
31,1789,123.340907,130.640151,16.838188,7.299699,1,-1,-1,-1,0.004321,0.004448,0.266862,0.060287
32,1798,63.257244,213.409227,7.870206,15.936275,1,-1,-1,-1,0.098885,0.073948,0.929796,0.346694
32,1796,58.011639,-27.006489,8.365744,19.606633,1,-1,-1,-1,0.181606,0.068591,1.319157,0.335555
32,1795,73.947356,54.468018,8.259147,18.561226,1,-1,-1,-1,0.115657,0.073914,1.166889,0.353842
32,1794,77.671138,217.596893,8.011566,17.175620,1,-1,-1,-1,0.139048,0.086548,1.312962,0.484268
32,1793,77.642716,246.668307,8.588637,18.285536,1,-1,-1,-1,0.104341,0.058308,1.147069,0.324104
32,1792,62.369548,187.609122,8.520933,19.591835,1,-1,-1,-1,0.002929,0.002812,0.155322,0.025598
32,1791,73.289671,25.039514,7.990700,19.010972,1,-1,-1,-1,0.004541,0.004722,0.193234,0.032016
32,1790,150.548933,130.879474,18.502162,7.741090,1,-1,-1,-1,0.003334,0.003947,0.191712,0.034932
32,1789,123.357742,130.639102,16.814487,7.291824,1,-1,-1,-1,0.003470,0.002956,0.225247,0.051324
33,1798,63.349710,213.542964,7.818478,15.872897,1,-1,-1,-1,0.108284,0.080384,0.946340,0.368136
33,1796,58.137925,-32.870803,8.354311,19.738529,1,-1,-1,-1,0.276637,0.113934,1.478387,0.255960
33,1795,74.044762,54.448917,8.234461,18.471915,1,-1,-1,-1,0.113486,0.084211,1.244972,0.410252
33,1794,77.502714,217.944423,8.201473,17.312377,1,-1,-1,-1,0.228094,0.143983,1.691652,0.637128
33,1793,77.746613,245.753734,8.496551,17.934909,1,-1,-1,-1,0.226720,0.175072,1.613871,0.665127
33,1792,62.370432,187.610851,8.529109,19.598270,1,-1,-1,-1,0.002958,0.002840,0.155320,0.025598
33,1791,73.290082,25.050297,7.989832,19.019284,1,-1,-1,-1,0.004278,0.004492,0.188532,0.030502
33,1790,150.559793,130.879923,18.500351,7.740153,1,-1,-1,-1,0.003269,0.003869,0.190099,0.034597
33,1789,123.341775,130.640772,16.826529,7.298414,1,-1,-1,-1,0.004030,0.004274,0.256988,0.058583
34,1798,63.314049,213.534061,7.800849,15.818631,1,-1,-1,-1,0.093559,0.071867,0.873119,0.351140
34,1795,73.788156,54.530703,8.372011,18.336282,1,-1,-1,-1,0.133435,0.067293,1.303469,0.395075
34,1794,77.659860,217.335696,7.927475,17.336707,1,-1,-1,-1,0.104434,0.060807,1.266572,0.411032
34,1793,77.486535,246.881666,8.622798,18.210066,1,-1,-1,-1,0.106371,0.066967,1.332295,0.359457
34,1792,62.369675,187.609495,8.520680,19.601008,1,-1,-1,-1,0.002988,0.002869,0.155297,0.025103
34,1791,73.290012,25.050043,7.989973,19.019926,1,-1,-1,-1,0.004408,0.004583,0.191597,0.031098
34,1790,150.550010,130.879992,18.500036,7.740015,1,-1,-1,-1,0.003048,0.003718,0.183680,0.032964
34,1789,123.340347,130.640153,16.829304,7.299694,1,-1,-1,-1,0.003834,0.004148,0.254155,0.058054
35,1798,63.216419,214.114921,7.806085,16.188637,1,-1,-1,-1,0.105308,0.086578,1.044777,0.421516
35,1795,73.709893,54.484246,8.428380,18.582329,1,-1,-1,-1,0.107603,0.064127,1.188137,0.337307
35,1794,77.394150,217.977566,8.228331,17.521384,1,-1,-1,-1,0.122979,0.072456,1.273823,0.403727
35,1793,77.248302,246.985625,8.663984,18.449070,1,-1,-1,-1,0.106385,0.056682,1.195559,0.340260
35,1792,62.369961,187.619892,8.520077,19.600164,1,-1,-1,-1,0.002900,0.002784,0.153928,0.025103
35,1791,73.299846,25.029671,7.990238,19.010814,1,-1,-1,-1,0.003796,0.003266,0.168587,0.025601
35,1790,150.559976,130.880002,18.499988,7.739995,1,-1,-1,-1,0.003141,0.003793,0.185064,0.033606
35,1789,123.340065,130.640029,16.829869,7.299943,1,-1,-1,-1,0.004193,0.004404,0.262263,0.059721
36,1798,63.257273,213.894920,7.752435,16.137690,1,-1,-1,-1,0.092676,0.073257,0.932381,0.362601
36,1795,73.873385,54.342183,8.402233,18.290790,1,-1,-1,-1,0.169025,0.084936,1.399753,0.458492
36,1794,77.416162,216.951622,8.310964,17.099724,1,-1,-1,-1,0.133564,0.115009,1.357724,0.504132
36,1793,77.605437,246.787773,8.642982,18.471143,1,-1,-1,-1,0.128652,0.085680,1.330483,0.394926
36,1792,62.369880,187.609643,8.520239,19.590794,1,-1,-1,-1,0.002900,0.002812,0.155230,0.025103
36,1791,73.299983,25.029948,7.990038,19.010097,1,-1,-1,-1,0.003721,0.003233,0.168100,0.026102
36,1790,150.560011,130.880004,18.499980,7.739992,1,-1,-1,-1,0.003236,0.003869,0.188234,0.033933
36,1789,123.349327,130.639844,16.821305,7.300312,1,-1,-1,-1,0.004452,0.004583,0.268910,0.062021
37,1798,63.341536,213.250757,7.708175,15.883847,1,-1,-1,-1,0.076866,0.057242,0.789934,0.298907
37,1795,73.733170,54.338285,8.789415,18.756362,1,-1,-1,-1,0.054843,0.016652,0.649317,0.116140
37,1794,77.364903,217.687722,8.348864,17.349666,1,-1,-1,-1,0.150066,0.086838,1.427554,0.476615
37,1793,77.525750,247.200124,8.758496,18.596467,1,-1,-1,-1,0.162288,0.090771,1.494529,0.493385
37,1792,62.370100,187.610338,8.519798,19.599295,1,-1,-1,-1,0.002958,0.002840,0.156590,0.025349
37,1791,73.300119,25.040355,7.989766,19.019197,1,-1,-1,-1,0.003721,0.003233,0.166626,0.025350
37,1790,150.550490,130.880130,18.509050,7.739740,1,-1,-1,-1,0.003172,0.003793,0.188285,0.033934
37,1789,123.340532,130.640114,16.828972,7.299773,1,-1,-1,-1,0.003796,0.004107,0.252425,0.056976
38,1798,63.259574,213.974590,7.726715,16.100917,1,-1,-1,-1,0.113085,0.090574,1.007252,0.424825
38,1795,73.682677,54.504916,8.508286,18.909725,1,-1,-1,-1,0.090628,0.045389,0.857228,0.266416
38,1794,77.483224,216.588443,8.122435,16.908935,1,-1,-1,-1,0.081591,0.061221,1.078179,0.377209
38,1793,77.414671,246.361243,8.781340,18.450718,1,-1,-1,-1,0.205458,0.109103,1.715792,0.591788
38,1792,62.370016,187.610040,8.519967,19.599919,1,-1,-1,-1,0.002929,0.002812,0.155240,0.025349
38,1791,73.290058,25.050008,7.989964,19.019907,1,-1,-1,-1,0.004193,0.004448,0.186133,0.030793
38,1790,150.550061,130.880023,18.509878,7.739953,1,-1,-1,-1,0.003172,0.003830,0.186671,0.033607
38,1789,123.332192,130.640963,16.845614,7.308036,1,-1,-1,-1,0.004030,0.004274,0.259943,0.058600
39,1798,63.220238,213.191319,7.818362,15.732392,1,-1,-1,-1,0.066189,0.049635,0.723079,0.252772
39,1795,73.636642,54.279948,8.424690,18.766742,1,-1,-1,-1,0.125038,0.062849,1.082093,0.354162
39,1794,77.603544,215.335395,8.056999,15.812270,1,-1,-1,-1,0.097764,0.071781,0.898166,0.389637
39,1793,77.702761,243.664269,8.463308,17.495112,1,-1,-1,-1,0.256433,0.196938,1.799054,0.758184
39,1792,62.370002,187.610005,8.519995,19.599989,1,-1,-1,-1,0.002988,0.002840,0.156554,0.025598
39,1791,73.299733,25.029290,7.990466,19.001598,1,-1,-1,-1,0.003611,0.003170,0.165507,0.025353
39,1790,150.550006,130.880002,18.509987,7.739995,1,-1,-1,-1,0.003301,0.003908,0.188195,0.033933
39,1789,123.338281,130.639241,16.833437,7.301561,1,-1,-1,-1,0.004111,0.004317,0.260214,0.059162
40,1798,63.225056,214.974764,7.800186,16.456271,1,-1,-1,-1,0.112968,0.091357,1.086013,0.439527
40,1795,73.854094,54.187896,8.409855,18.260761,1,-1,-1,-1,0.128890,0.060569,1.211191,0.387770
40,1794,77.415579,217.895863,8.206852,16.685347,1,-1,-1,-1,0.128537,0.074575,1.191303,0.431115
40,1793,77.357461,246.937287,8.565304,18.345070,1,-1,-1,-1,0.126871,0.069626,1.385959,0.399439
40,1792,62.370000,187.610000,8.519999,19.599999,1,-1,-1,-1,0.002929,0.002812,0.155206,0.025103
40,1791,73.290123,25.030308,7.989828,19.009346,1,-1,-1,-1,0.003872,0.003332,0.169405,0.026357
40,1790,150.550270,130.880327,18.499488,7.749310,1,-1,-1,-1,0.003334,0.003908,0.191419,0.034596
40,1789,123.357728,130.639373,16.804508,7.301255,1,-1,-1,-1,0.003872,0.004148,0.258105,0.057510
41,1798,63.176838,213.394201,7.773475,16.004563,1,-1,-1,-1,0.071383,0.054103,0.791579,0.286068
41,1795,73.996743,54.621945,8.255854,18.516246,1,-1,-1,-1,0.100871,0.064712,1.073237,0.314453
41,1794,77.554629,217.596948,8.114741,16.992338,1,-1,-1,-1,0.147358,0.095852,1.395909,0.514191
41,1793,77.565718,246.920703,8.646419,18.377282,1,-1,-1,-1,0.131241,0.088178,1.421424,0.435046
41,1792,62.370000,187.610000,8.520000,19.600000,1,-1,-1,-1,0.003079,0.002897,0.157886,0.025848
41,1791,73.290015,25.030038,7.989968,19.009918,1,-1,-1,-1,0.003647,0.003201,0.166576,0.025849
41,1790,150.549789,130.879718,18.510392,7.740600,1,-1,-1,-1,0.003079,0.003755,0.185100,0.032963
41,1789,123.343069,130.641124,16.833865,7.307713,1,-1,-1,-1,0.004193,0.004404,0.264237,0.059719
42,1798,63.155547,213.970774,7.816983,16.144826,1,-1,-1,-1,0.115086,0.093089,1.023566,0.429142
42,1795,73.852100,54.478649,8.383441,18.644069,1,-1,-1,-1,0.108293,0.065341,1.094088,0.320115
42,1794,77.439243,217.181230,8.157051,16.997385,1,-1,-1,-1,0.093813,0.051094,1.094608,0.351885
42,1793,77.379266,247.151985,8.646505,18.589553,1,-1,-1,-1,0.104665,0.053071,1.155963,0.311909
42,1792,62.369886,187.609625,8.520229,19.590775,1,-1,-1,-1,0.002958,0.002840,0.155201,0.025598
42,1791,73.299969,25.030005,7.989994,19.009985,1,-1,-1,-1,0.003611,0.003138,0.163654,0.025350
42,1790,150.549481,130.879838,18.501066,7.740323,1,-1,-1,-1,0.003172,0.003792,0.188089,0.033933
42,1789,123.347064,130.628596,16.815909,7.292961,1,-1,-1,-1,0.003834,0.004148,0.254074,0.057511
43,1798,63.169752,213.811472,7.825638,16.031326,1,-1,-1,-1,0.105493,0.084322,0.992252,0.393684
43,1795,73.774231,54.441818,8.443087,18.596545,1,-1,-1,-1,0.128674,0.081083,1.196930,0.363481
43,1794,77.324327,218.030077,8.327784,17.381301,1,-1,-1,-1,0.141684,0.082523,1.282609,0.421588
43,1793,77.199860,247.038766,8.817791,18.516396,1,-1,-1,-1,0.117555,0.058839,1.177252,0.322390
43,1792,62.370102,187.610343,8.519796,19.599285,1,-1,-1,-1,0.003048,0.002869,0.157857,0.025849
43,1791,73.300003,25.039972,7.989998,19.009994,1,-1,-1,-1,0.003611,0.003138,0.166427,0.025598
43,1790,150.559902,130.879974,18.500135,7.740052,1,-1,-1,-1,0.003204,0.003792,0.188144,0.033934
43,1789,123.340065,130.639850,16.819904,7.290216,1,-1,-1,-1,0.003872,0.004148,0.253630,0.057505
44,1798,63.192040,213.310175,7.858274,15.830681,1,-1,-1,-1,0.098854,0.075336,0.912238,0.368842
44,1795,73.818946,54.486097,8.305879,18.574990,1,-1,-1,-1,0.104644,0.051554,1.068531,0.320485
44,1794,77.228834,217.076523,8.415398,17.122906,1,-1,-1,-1,0.163965,0.134075,1.501773,0.556302
44,1793,77.355136,246.157677,8.917227,18.311878,1,-1,-1,-1,0.250383,0.138530,1.715916,0.687822
44,1792,62.370017,187.610042,8.519966,19.599917,1,-1,-1,-1,0.003079,0.002897,0.157893,0.025849
44,1791,73.300120,25.040391,7.989764,19.019191,1,-1,-1,-1,0.003540,0.003138,0.163621,0.025349
44,1790,150.550028,130.879999,18.500006,7.740002,1,-1,-1,-1,0.003269,0.003908,0.189724,0.034596
44,1789,123.350821,130.640625,16.818281,7.298708,1,-1,-1,-1,0.004070,0.004317,0.259748,0.059158
45,1798,63.213257,213.687657,7.876022,15.870105,1,-1,-1,-1,0.130870,0.100360,1.058987,0.437979
45,1795,73.866961,54.508040,8.269719,18.742459,1,-1,-1,-1,0.102545,0.062870,1.085959,0.337765
45,1794,77.199348,218.225446,8.451288,17.607419,1,-1,-1,-1,0.240556,0.130064,1.762755,0.605117
45,1793,77.575115,242.272679,9.016876,16.810740,1,-1,-1,-1,0.207922,0.180125,1.588183,0.850910
45,1792,62.369887,187.609631,8.520225,19.590764,1,-1,-1,-1,0.002958,0.002812,0.155162,0.025350
45,1791,73.290390,25.050321,7.999265,19.009320,1,-1,-1,-1,0.004633,0.004769,0.193899,0.032637
45,1790,150.550005,130.880003,18.499987,7.739994,1,-1,-1,-1,0.003110,0.003792,0.184984,0.033608
45,1789,123.349419,130.639510,16.821164,7.291017,1,-1,-1,-1,0.003796,0.004107,0.251756,0.057510
46,1798,63.160127,213.598450,7.833287,15.837913,1,-1,-1,-1,0.102759,0.078291,0.951175,0.380205
46,1795,73.818354,54.423954,8.389463,18.486735,1,-1,-1,-1,0.157587,0.105897,1.339668,0.440638
46,1794,77.343209,217.183534,8.338027,17.335370,1,-1,-1,-1,0.101651,0.056844,1.245049,0.393933
46,1793,77.347396,246.999794,8.908467,18.115171,1,-1,-1,-1,0.143363,0.083994,1.437768,0.420052
46,1792,62.370101,187.610337,8.519798,19.599297,1,-1,-1,-1,0.002900,0.002812,0.155101,0.025103
46,1791,73.289731,25.049784,7.990575,19.020401,1,-1,-1,-1,0.004070,0.004404,0.183501,0.030502
46,1790,150.550460,130.880130,18.509049,7.739739,1,-1,-1,-1,0.003269,0.003869,0.188012,0.033933
46,1789,123.359324,130.639804,16.811324,7.290390,1,-1,-1,-1,0.003402,0.002927,0.222432,0.050832
47,1818,76.352624,271.993658,8.032400,16.737943,1,-1,-1,-1,0.433630,0.109741,3.786161,0.892465
47,1798,63.156190,213.288161,7.827841,15.833560,1,-1,-1,-1,0.093515,0.070516,0.897611,0.354558
47,1795,73.960546,54.506706,8.396275,18.486539,1,-1,-1,-1,0.093011,0.065486,1.171576,0.342510
47,1794,77.166054,216.976340,8.420064,17.075082,1,-1,-1,-1,0.200172,0.122288,1.504977,0.568770
47,1793,77.393426,246.682599,8.997866,18.139227,1,-1,-1,-1,0.204873,0.108046,1.718776,0.600613
47,1792,62.369901,187.609664,8.520197,19.590697,1,-1,-1,-1,0.002958,0.002840,0.155089,0.025597
47,1791,73.299816,25.029608,7.990298,19.010936,1,-1,-1,-1,0.003647,0.003170,0.166769,0.025852
47,1790,150.550063,130.880024,18.509874,7.739952,1,-1,-1,-1,0.003301,0.003947,0.189668,0.034596
47,1789,123.342097,130.640914,16.825883,7.298131,1,-1,-1,-1,0.003990,0.004232,0.254218,0.058031
48,1798,63.309977,213.788497,7.714604,16.047877,1,-1,-1,-1,0.085180,0.067877,0.871448,0.342505
48,1795,73.742146,54.429522,8.827688,18.827878,1,-1,-1,-1,0.071301,0.019489,0.690730,0.125197
48,1794,77.319363,216.863132,8.369197,16.977604,1,-1,-1,-1,0.135762,0.107418,1.449854,0.516972
48,1793,77.346254,246.700204,8.661610,18.484096,1,-1,-1,-1,0.121845,0.059561,1.291361,0.364736
48,1792,62.369987,187.609967,8.520025,19.590064,1,-1,-1,-1,0.002900,0.002812,0.153735,0.025349
48,1791,73.299978,25.029939,7.990046,19.010116,1,-1,-1,-1,0.003684,0.003233,0.166423,0.025598
48,1790,150.559526,130.879876,18.500919,7.740247,1,-1,-1,-1,0.003236,0.003869,0.188097,0.033934
48,1789,123.347749,130.639119,16.804534,7.291801,1,-1,-1,-1,0.003721,0.004066,0.251451,0.056965
49,1798,63.198673,213.114589,7.804713,15.838325,1,-1,-1,-1,0.095129,0.072487,0.889757,0.357238
49,1795,73.541185,54.040983,8.646164,18.622373,1,-1,-1,-1,0.151583,0.077863,1.166708,0.430658
49,1794,77.539294,216.355988,8.165521,16.497533,1,-1,-1,-1,0.165275,0.096987,1.279474,0.501102
49,1793,77.502660,246.007793,8.809743,18.131912,1,-1,-1,-1,0.166426,0.108790,1.518240,0.489555
49,1792,62.370118,187.610381,8.519764,19.599209,1,-1,-1,-1,0.002988,0.002840,0.156396,0.025349
49,1791,73.290044,25.049899,7.990006,19.010015,1,-1,-1,-1,0.005017,0.004963,0.200497,0.033275
49,1790,150.549975,130.879978,18.500113,7.740043,1,-1,-1,-1,0.003334,0.003908,0.191246,0.034596
49,1789,123.349607,130.639834,16.800781,7.290330,1,-1,-1,-1,0.003950,0.004232,0.255383,0.058600
50,1798,63.223839,213.987510,7.832973,16.052401,1,-1,-1,-1,0.122865,0.102189,1.088701,0.454744
50,1795,73.575973,54.333337,8.493014,18.695816,1,-1,-1,-1,0.116980,0.058354,1.120909,0.341943
50,1794,77.560383,217.482785,8.033122,16.997787,1,-1,-1,-1,0.146633,0.082786,1.349178,0.466609
50,1793,77.517384,246.402851,8.631721,18.255880,1,-1,-1,-1,0.117124,0.057885,1.283901,0.375234
50,1792,62.370019,187.610046,8.519963,19.599908,1,-1,-1,-1,0.002958,0.002840,0.155081,0.025103
50,1791,73.290125,25.050434,7.989746,19.019100,1,-1,-1,-1,0.004070,0.004360,0.185165,0.030503
50,1790,150.559968,130.879999,18.500004,7.740002,1,-1,-1,-1,0.003172,0.003830,0.186521,0.033608
50,1789,123.344210,130.641879,16.831499,7.306160,1,-1,-1,-1,0.004235,0.004404,0.261722,0.059723
51,1798,63.292162,213.863119,7.811717,16.066986,1,-1,-1,-1,0.138407,0.109211,1.155227,0.468361
51,1795,73.822352,54.384041,8.395272,18.582419,1,-1,-1,-1,0.128785,0.084114,1.212287,0.384014
51,1794,77.258343,218.251021,8.451872,17.351088,1,-1,-1,-1,0.164059,0.100422,1.524362,0.518702
51,1793,77.855732,243.003917,8.549354,17.065990,1,-1,-1,-1,0.301806,0.245240,1.546173,0.840230
51,1792,62.370003,187.619980,8.519995,19.599988,1,-1,-1,-1,0.003079,0.002897,0.159136,0.025848
51,1791,73.299469,25.029034,7.981024,19.012090,1,-1,-1,-1,0.003796,0.003299,0.169654,0.025601
51,1790,150.550037,130.880002,18.499988,7.739995,1,-1,-1,-1,0.003236,0.003869,0.187976,0.033933
51,1789,123.348135,130.639290,16.813768,7.301463,1,-1,-1,-1,0.003911,0.004190,0.255754,0.058058
52,1798,63.177180,213.571505,7.788436,15.951214,1,-1,-1,-1,0.100018,0.075449,0.952142,0.373874
52,1795,73.797681,54.521765,8.353050,18.675415,1,-1,-1,-1,0.103689,0.064184,1.086241,0.307033
52,1794,77.227026,218.379542,8.377180,17.908815,1,-1,-1,-1,0.104927,0.063633,1.199845,0.346748
52,1793,77.630368,246.572157,8.564816,17.643887,1,-1,-1,-1,0.123851,0.060477,1.342846,0.416269
52,1792,62.370000,187.610028,8.519999,19.599999,1,-1,-1,-1,0.002814,0.002756,0.152435,0.024618
52,1791,73.290485,25.040901,7.989063,19.018104,1,-1,-1,-1,0.003684,0.003233,0.166437,0.025598
52,1790,150.559976,130.880003,18.499986,7.739994,1,-1,-1,-1,0.003269,0.003869,0.187999,0.034263
52,1789,123.349505,130.639466,16.820959,7.291095,1,-1,-1,-1,0.003402,0.002927,0.224282,0.050833
53,1798,63.350597,213.283235,7.798162,15.814274,1,-1,-1,-1,0.121822,0.089037,1.026835,0.417865
53,1795,73.847349,54.617643,8.281513,18.741966,1,-1,-1,-1,0.121865,0.062320,1.114626,0.344434
53,1794,77.405498,216.564045,8.363795,17.103002,1,-1,-1,-1,0.135705,0.075237,1.168228,0.432750
53,1793,77.542967,246.982177,8.617744,18.129290,1,-1,-1,-1,0.115642,0.075928,1.321259,0.395546
53,1792,62.370000,187.619974,8.520000,19.600000,1,-1,-1,-1,0.003079,0.002926,0.156335,0.025597
53,1791,73.289939,25.029775,7.990118,19.010540,1,-1,-1,-1,0.003647,0.003201,0.164936,0.025598
53,1790,150.550492,130.880130,18.509048,7.739741,1,-1,-1,-1,0.003236,0.003869,0.187987,0.034264
53,1789,123.349248,130.639765,16.811541,7.290468,1,-1,-1,-1,0.003872,0.004148,0.254146,0.057485
54,1798,63.261711,213.998775,7.706937,15.980160,1,-1,-1,-1,0.117740,0.091636,1.051569,0.430790
54,1795,73.700316,54.366411,8.808450,18.833466,1,-1,-1,-1,0.055265,0.015846,0.611359,0.111212
54,1794,77.269445,218.045893,8.449063,17.553567,1,-1,-1,-1,0.155473,0.105052,1.466639,0.541066
54,1793,77.524948,246.898685,8.527870,18.398093,1,-1,-1,-1,0.153753,0.087406,1.373250,0.431682
54,1792,62.370000,187.610029,8.520000,19.600000,1,-1,-1,-1,0.003079,0.002926,0.156398,0.025598
54,1791,73.299557,25.029278,7.980849,19.011439,1,-1,-1,-1,0.003796,0.003266,0.167759,0.025349
54,1790,150.559571,130.879895,18.500827,7.740209,1,-1,-1,-1,0.003334,0.003947,0.191176,0.034933
54,1789,123.343459,130.641671,16.833045,7.306579,1,-1,-1,-1,0.004030,0.004317,0.257429,0.059158
55,1798,63.311586,213.792701,7.790029,16.039377,1,-1,-1,-1,0.102652,0.075370,1.036494,0.393809
55,1795,73.572142,54.419894,8.874684,19.055877,1,-1,-1,-1,0.048197,0.014926,0.535836,0.102606
55,1794,77.251882,217.562169,8.458183,17.567817,1,-1,-1,-1,0.112830,0.064254,1.268765,0.389956
55,1793,77.709883,246.561463,8.511150,18.398562,1,-1,-1,-1,0.205196,0.153108,1.702349,0.630765
55,1792,62.369883,187.609620,8.520234,19.590784,1,-1,-1,-1,0.002958,0.002840,0.156391,0.025349
55,1791,73.300346,25.040543,7.989276,19.008852,1,-1,-1,-1,0.003647,0.003170,0.164944,0.025349
55,1790,150.550428,130.880108,18.509174,7.739783,1,-1,-1,-1,0.003110,0.003755,0.186457,0.032964
55,1789,123.356212,130.638103,16.807577,7.283876,1,-1,-1,-1,0.003368,0.002927,0.224285,0.051322
56,1798,63.069170,215.322419,7.857353,16.667694,1,-1,-1,-1,0.140576,0.107964,1.281271,0.486890
56,1795,73.531582,54.227987,8.652061,18.991910,1,-1,-1,-1,0.121180,0.060984,0.960291,0.335349
56,1794,77.162184,217.165562,8.506010,17.349063,1,-1,-1,-1,0.175063,0.100265,1.455420,0.505557
56,1793,77.453467,246.475200,8.502952,18.434174,1,-1,-1,-1,0.153906,0.079277,1.521677,0.478434
56,1792,62.370100,187.610335,8.519800,19.599301,1,-1,-1,-1,0.002988,0.002869,0.155031,0.025103
56,1791,73.299647,25.029438,7.980745,19.011183,1,-1,-1,-1,0.003834,0.003299,0.169188,0.026102
56,1790,150.559561,130.879891,18.500847,7.740217,1,-1,-1,-1,0.003334,0.003947,0.191113,0.034931
56,1789,123.351368,130.640591,16.817267,7.288775,1,-1,-1,-1,0.003872,0.004148,0.252063,0.057486
57,1798,63.187390,213.501520,7.772002,16.099412,1,-1,-1,-1,0.087867,0.067378,0.900640,0.337177
57,1795,73.723347,54.395047,8.506817,18.809525,1,-1,-1,-1,0.112509,0.071779,1.072236,0.333698
57,1794,77.349585,217.671218,8.515656,17.485522,1,-1,-1,-1,0.329807,0.215510,1.960334,0.816933
57,1793,77.592462,246.722185,8.441582,18.489576,1,-1,-1,-1,0.112814,0.061197,1.223645,0.352597
57,1792,62.370016,187.610040,8.519967,19.599919,1,-1,-1,-1,0.002958,0.002812,0.156351,0.025597
57,1791,73.272058,25.053260,8.015963,19.013266,1,-1,-1,-1,0.004321,0.004583,0.190652,0.034587
57,1790,150.549979,130.879981,18.500101,7.740038,1,-1,-1,-1,0.003172,0.003830,0.186435,0.033608
57,1789,123.351151,130.640755,16.817701,7.298450,1,-1,-1,-1,0.003990,0.004232,0.257281,0.058051
58,1798,63.197522,213.534605,7.851948,16.023465,1,-1,-1,-1,0.127259,0.096680,1.021000,0.452470
58,1795,73.646004,54.346799,8.830669,18.866985,1,-1,-1,-1,0.050199,0.014937,0.594548,0.108120
58,1794,77.200201,218.284839,8.570605,17.908906,1,-1,-1,-1,0.158481,0.097716,1.635237,0.500482
58,1793,77.487662,246.690861,8.533985,18.402642,1,-1,-1,-1,0.095329,0.061723,1.156011,0.329752
58,1792,62.370002,187.610005,8.519996,19.599990,1,-1,-1,-1,0.002900,0.002784,0.155016,0.025349
58,1791,73.298843,25.038137,7.992209,19.013821,1,-1,-1,-1,0.003647,0.003201,0.166800,0.025355
58,1790,150.550451,130.880127,18.509066,7.739747,1,-1,-1,-1,0.003172,0.003792,0.187893,0.033933
58,1789,123.358945,130.639438,16.812081,7.291153,1,-1,-1,-1,0.003470,0.002985,0.226094,0.051810
59,1798,63.292865,213.907167,7.784079,16.192520,1,-1,-1,-1,0.096316,0.072612,0.970463,0.370071
59,1795,73.608429,54.342234,8.604735,18.997958,1,-1,-1,-1,0.106822,0.067015,0.973936,0.342920
59,1794,77.225000,217.512529,8.578539,17.719478,1,-1,-1,-1,0.198510,0.120607,1.734778,0.585742
59,1793,77.565988,246.679272,8.539924,18.445527,1,-1,-1,-1,0.112251,0.068485,1.231563,0.394009
59,1792,62.370000,187.610000,8.520000,19.599999,1,-1,-1,-1,0.002929,0.002840,0.154986,0.025349
59,1791,73.299864,25.029719,7.990275,19.010619,1,-1,-1,-1,0.003575,0.003107,0.164893,0.025598
59,1790,150.559577,130.869931,18.500816,7.740207,1,-1,-1,-1,0.003269,0.003869,0.187920,0.034263
59,1789,123.349838,130.639906,16.810399,7.290187,1,-1,-1,-1,0.003911,0.004190,0.254106,0.058034
60,1798,63.221016,213.575656,7.771725,15.992963,1,-1,-1,-1,0.092610,0.069832,0.878204,0.346069
60,1795,73.708358,54.309098,8.502103,18.622903,1,-1,-1,-1,0.109341,0.052517,1.080524,0.344310
60,1794,77.320872,217.694212,8.433521,17.778451,1,-1,-1,-1,0.124015,0.071354,1.374993,0.413802
60,1793,77.428124,246.215290,8.655064,18.143712,1,-1,-1,-1,0.144512,0.071812,1.378702,0.443543
60,1792,62.370383,187.620598,8.529207,19.598752,1,-1,-1,-1,0.003018,0.002897,0.157691,0.025598
60,1791,73.299862,25.029552,7.990280,19.000919,1,-1,-1,-1,0.003721,0.003233,0.167709,0.026102
60,1790,150.550439,130.880072,18.509153,7.739780,1,-1,-1,-1,0.003269,0.003869,0.189505,0.034264
60,1789,123.343563,130.641707,16.832835,7.306507,1,-1,-1,-1,0.004030,0.004274,0.257312,0.058053
61,1798,63.303124,213.499233,7.768682,15.884414,1,-1,-1,-1,0.101510,0.075975,0.893127,0.354870
61,1795,73.888332,54.484831,8.375432,18.448598,1,-1,-1,-1,0.128687,0.062873,1.164150,0.376029
61,1794,77.339585,216.908639,8.400806,17.393644,1,-1,-1,-1,0.160781,0.092360,1.412622,0.495726
61,1793,77.617042,246.427589,8.613426,18.196099,1,-1,-1,-1,0.219056,0.138742,1.732545,0.654455
61,1792,62.369662,187.609497,8.520705,19.601063,1,-1,-1,-1,0.002988,0.002840,0.156373,0.025598
61,1791,73.300101,25.030340,7.989801,19.009283,1,-1,-1,-1,0.003684,0.003170,0.164897,0.025598
61,1790,150.549604,130.879894,18.500821,7.740212,1,-1,-1,-1,0.003172,0.003792,0.186358,0.033607
61,1789,123.357472,130.638779,16.815026,7.292499,1,-1,-1,-1,0.003470,0.002956,0.226055,0.051319
62,1798,63.298742,213.448693,7.774030,15.855594,1,-1,-1,-1,0.114371,0.084221,1.008138,0.413212
62,1795,73.812527,54.505560,8.362001,18.559121,1,-1,-1,-1,0.108546,0.067210,1.094523,0.321174
62,1794,77.372622,216.744462,8.317526,16.995681,1,-1,-1,-1,0.146565,0.082761,1.302230,0.453352
62,1793,77.695751,246.819401,8.565855,18.367821,1,-1,-1,-1,0.271937,0.196150,2.020747,0.809260
62,1792,62.369845,187.609540,8.520310,19.590945,1,-1,-1,-1,0.002871,0.002784,0.153650,0.025349
62,1791,73.300019,25.030044,7.989964,19.009909,1,-1,-1,-1,0.003721,0.003201,0.167695,0.025849
62,1790,150.559918,130.879981,18.500100,7.740038,1,-1,-1,-1,0.003301,0.003908,0.189448,0.034263
62,1789,123.341706,130.640731,16.826667,7.298497,1,-1,-1,-1,0.004152,0.004360,0.260186,0.059699
63,1798,63.192514,213.859596,7.802282,15.956656,1,-1,-1,-1,0.101688,0.081948,0.977013,0.389637
63,1795,74.058459,54.641154,8.250447,18.635221,1,-1,-1,-1,0.124138,0.073168,1.189276,0.407201
63,1794,77.225075,217.172247,8.392273,17.018905,1,-1,-1,-1,0.162633,0.091592,1.420805,0.493959
63,1793,77.516141,246.534171,8.666420,18.251190,1,-1,-1,-1,0.130532,0.064528,1.503182,0.434152
63,1792,62.370472,187.620914,8.529029,19.598093,1,-1,-1,-1,0.002929,0.002812,0.154937,0.025103
63,1791,73.290037,25.030006,7.989994,19.009985,1,-1,-1,-1,0.003611,0.003170,0.166309,0.025598
63,1790,150.550028,130.879999,18.500005,7.740002,1,-1,-1,-1,0.003204,0.003830,0.187923,0.033607
63,1789,123.349690,130.639992,16.820583,7.300017,1,-1,-1,-1,0.003796,0.004107,0.251391,0.056970
64,1798,63.161179,213.784535,7.839168,15.970433,1,-1,-1,-1,0.098824,0.077471,0.934077,0.376739
64,1795,73.984556,54.513565,8.209724,18.610884,1,-1,-1,-1,0.143428,0.096726,1.279557,0.423853
64,1794,77.277418,217.584442,8.320967,17.344089,1,-1,-1,-1,0.097454,0.054103,1.148515,0.348104
64,1793,77.369679,247.090755,8.757548,18.438040,1,-1,-1,-1,0.097231,0.061733,1.256186,0.347380
64,1792,62.369677,187.609531,8.520675,19.600993,1,-1,-1,-1,0.003018,0.002840,0.156306,0.025349
64,1791,73.289999,25.049917,7.989998,19.009994,1,-1,-1,-1,0.004408,0.004629,0.188915,0.031702
64,1790,150.550003,130.880002,18.499991,7.739996,1,-1,-1,-1,0.003236,0.003869,0.187877,0.033933
64,1789,123.340603,130.640145,16.828829,7.299711,1,-1,-1,-1,0.003721,0.004026,0.249016,0.056425
65,1798,63.286987,214.010214,7.804632,16.133638,1,-1,-1,-1,0.105349,0.081910,1.003845,0.395211
65,1795,73.896668,54.432026,8.231779,18.643772,1,-1,-1,-1,0.105729,0.065454,1.104511,0.323712
65,1794,77.156597,217.897245,8.522357,17.406941,1,-1,-1,-1,0.210281,0.126701,1.530564,0.534974
65,1793,77.540571,246.308132,8.604182,18.430015,1,-1,-1,-1,0.255386,0.173664,1.693914,0.691156
65,1792,62.369961,187.619891,8.520078,19.600165,1,-1,-1,-1,0.003018,0.002869,0.156325,0.025598
65,1791,73.299967,25.030061,7.989999,19.009997,1,-1,-1,-1,0.003575,0.003107,0.165285,0.025602
65,1790,150.559976,130.880003,18.499989,7.739995,1,-1,-1,-1,0.003172,0.003792,0.187868,0.033934
65,1789,123.338671,130.639278,16.822688,7.291482,1,-1,-1,-1,0.003684,0.004026,0.248909,0.056960
66,1798,63.182352,213.380425,7.786171,15.908470,1,-1,-1,-1,0.098853,0.073234,0.883662,0.363547
66,1795,73.753676,54.568417,8.362930,18.707161,1,-1,-1,-1,0.077649,0.053017,0.960132,0.270266
66,1794,77.354733,216.808555,8.438963,17.014227,1,-1,-1,-1,0.213950,0.131140,1.564739,0.590925
66,1793,77.507435,246.758486,8.554765,18.531111,1,-1,-1,-1,0.107558,0.051741,1.184422,0.330428
66,1792,62.369995,187.610016,8.520010,19.600023,1,-1,-1,-1,0.003018,0.002869,0.156320,0.025349
66,1791,73.290175,25.050366,7.989731,19.019059,1,-1,-1,-1,0.004321,0.004537,0.187290,0.030793
66,1790,150.550491,130.880130,18.509050,7.739740,1,-1,-1,-1,0.003172,0.003792,0.187861,0.033934
66,1789,123.349907,130.640327,16.810146,7.299307,1,-1,-1,-1,0.003796,0.004107,0.252923,0.056962
67,1798,63.428083,213.575954,7.688932,16.020059,1,-1,-1,-1,0.097001,0.071161,0.912601,0.356073
67,1795,73.858628,54.281279,8.310397,18.495708,1,-1,-1,-1,0.136505,0.090542,1.193591,0.399489
67,1794,77.440348,216.579863,8.270265,16.738963,1,-1,-1,-1,0.099615,0.078436,1.211337,0.445514
67,1793,77.184981,247.377296,8.955435,18.647872,1,-1,-1,-1,0.161853,0.090532,1.437769,0.485067
67,1792,62.369883,187.609621,8.520234,19.590782,1,-1,-1,-1,0.002929,0.002812,0.154964,0.025103
67,1791,73.290022,25.050068,7.989953,19.019879,1,-1,-1,-1,0.004633,0.004722,0.192650,0.031707
67,1790,150.549609,130.879896,18.500812,7.740208,1,-1,-1,-1,0.003236,0.003869,0.187853,0.033607
67,1789,123.358760,130.639365,16.802448,7.291298,1,-1,-1,-1,0.003301,0.002897,0.222151,0.050830
68,1798,63.255289,214.036892,7.711786,16.202521,1,-1,-1,-1,0.103424,0.081116,0.982839,0.399099
68,1795,73.869431,54.562676,8.345651,18.601197,1,-1,-1,-1,0.111632,0.069248,1.190752,0.374709
68,1794,77.597372,217.461249,8.189015,17.107956,1,-1,-1,-1,0.130877,0.081155,1.308137,0.470569
68,1793,77.569339,242.642853,9.029613,16.941166,1,-1,-1,-1,0.191980,0.145317,1.419702,0.733091
68,1792,62.370101,187.620314,8.519798,19.599292,1,-1,-1,-1,0.002988,0.002840,0.156286,0.025597
68,1791,73.289866,25.039600,7.990265,19.010938,1,-1,-1,-1,0.004496,0.004629,0.192782,0.031708
68,1790,150.559918,130.879981,18.500101,7.740038,1,-1,-1,-1,0.003334,0.003908,0.191043,0.034596
68,1789,123.359139,130.639731,16.791758,7.290537,1,-1,-1,-1,0.003872,0.004190,0.253805,0.058031
69,1798,63.211841,213.623037,7.823993,16.099666,1,-1,-1,-1,0.085237,0.063569,0.869239,0.334987
69,1795,73.766979,53.998773,8.399432,18.171721,1,-1,-1,-1,0.217868,0.162317,1.606562,0.633092
69,1794,77.372589,217.077272,8.326915,16.947663,1,-1,-1,-1,0.165178,0.137669,1.494196,0.546372
69,1793,77.596543,246.739116,8.679702,18.049232,1,-1,-1,-1,0.147028,0.081501,1.376675,0.423191
69,1792,62.370016,187.610070,8.519967,19.599917,1,-1,-1,-1,0.003079,0.002926,0.157666,0.025598
69,1791,73.289977,25.029974,7.990044,19.010112,1,-1,-1,-1,0.003796,0.003266,0.168216,0.026361
69,1790,150.550485,130.880128,18.509062,7.739745,1,-1,-1,-1,0.003301,0.003908,0.189512,0.033934
69,1789,123.352006,130.640894,16.805986,7.298171,1,-1,-1,-1,0.003990,0.004232,0.257170,0.058604
70,1798,63.115017,213.420658,7.813759,15.946297,1,-1,-1,-1,0.077550,0.058313,0.790634,0.299876
70,1795,73.713096,54.459131,8.376103,18.509272,1,-1,-1,-1,0.125345,0.064431,1.279850,0.366397
70,1794,77.462690,217.467889,8.220316,17.117186,1,-1,-1,-1,0.216140,0.150018,1.726704,0.667202
70,1793,77.529325,246.931770,8.571183,18.348749,1,-1,-1,-1,0.131500,0.070529,1.314313,0.393232
70,1792,62.370002,187.610005,8.519995,19.599989,1,-1,-1,-1,0.003018,0.002869,0.156325,0.025598
70,1791,73.299962,25.029991,7.990005,19.010013,1,-1,-1,-1,0.003796,0.003266,0.167716,0.026358
70,1790,150.559578,130.879896,18.500815,7.740208,1,-1,-1,-1,0.003269,0.003869,0.187874,0.033934
70,1789,123.333851,130.651410,16.842297,7.307065,1,-1,-1,-1,0.004152,0.004360,0.259361,0.059162
71,1798,63.229368,213.589288,7.811683,15.965665,1,-1,-1,-1,0.087487,0.065937,0.844236,0.321658
71,1795,73.820151,54.490265,8.426101,18.167335,1,-1,-1,-1,0.132401,0.071123,1.342123,0.431800
71,1794,77.456153,217.085188,8.246795,16.974865,1,-1,-1,-1,0.208758,0.183518,1.767880,0.672628
71,1793,77.465139,246.636290,8.608500,18.335611,1,-1,-1,-1,0.118913,0.058333,1.212299,0.352771
71,1792,62.370000,187.610000,8.519999,19.599999,1,-1,-1,-1,0.003018,0.002869,0.156297,0.025598
71,1791,73.290515,25.040737,7.999019,19.008431,1,-1,-1,-1,0.004773,0.004865,0.195346,0.032955
71,1790,150.550429,130.880107,18.509173,7.739786,1,-1,-1,-1,0.003079,0.003755,0.184675,0.033607
71,1789,123.347358,130.639104,16.815282,7.301916,1,-1,-1,-1,0.003872,0.004148,0.253286,0.057510
72,1798,63.264284,213.063610,7.722964,15.734181,1,-1,-1,-1,0.084356,0.064121,0.795204,0.315710
72,1795,73.827140,54.545276,8.305405,18.413137,1,-1,-1,-1,0.099973,0.048653,1.069827,0.311755
72,1794,77.336153,217.667397,8.249297,17.384679,1,-1,-1,-1,0.109210,0.062082,1.295143,0.391842
72,1793,77.375537,247.038213,8.741742,18.387146,1,-1,-1,-1,0.102662,0.065317,1.217988,0.363250
72,1792,62.370000,187.619974,8.520000,19.600000,1,-1,-1,-1,0.002900,0.002812,0.154941,0.025103
72,1791,73.289613,25.039387,7.990815,19.011226,1,-1,-1,-1,0.004452,0.004629,0.191208,0.032018
72,1790,150.559571,130.879893,18.500829,7.740214,1,-1,-1,-1,0.003141,0.003792,0.186161,0.033933
72,1789,123.348659,130.629212,16.812680,7.291690,1,-1,-1,-1,0.003950,0.004190,0.257113,0.058051
73,1798,63.320429,214.122376,7.707559,16.084669,1,-1,-1,-1,0.128356,0.099350,1.073424,0.461903
73,1795,73.939419,54.558634,8.243583,18.542489,1,-1,-1,-1,0.116445,0.075869,1.116108,0.355023
73,1794,77.391521,217.763658,8.312551,17.571320,1,-1,-1,-1,0.141928,0.081064,1.323726,0.425397
73,1793,77.432883,246.499466,8.738388,18.337454,1,-1,-1,-1,0.134471,0.067220,1.303771,0.419776
73,1792,62.370000,187.610027,8.520000,19.600000,1,-1,-1,-1,0.002814,0.002756,0.150922,0.024618
73,1791,73.290400,25.040646,7.999156,19.008710,1,-1,-1,-1,0.004541,0.004722,0.194338,0.032017
73,1790,150.559950,130.879981,18.500102,7.740038,1,-1,-1,-1,0.003172,0.003792,0.187772,0.033934
73,1789,123.350286,130.639987,16.819397,7.289968,1,-1,-1,-1,0.003301,0.002869,0.222228,0.049874
74,1798,63.249102,213.649488,7.842987,15.964632,1,-1,-1,-1,0.086984,0.063629,0.921698,0.343699
74,1795,73.718861,54.645021,8.327031,18.569134,1,-1,-1,-1,0.134667,0.069190,1.193785,0.376863
74,1794,77.445336,216.785062,8.236065,17.000245,1,-1,-1,-1,0.135016,0.076745,1.202369,0.431482
74,1793,77.380295,246.929592,8.820920,18.482821,1,-1,-1,-1,0.101846,0.065970,1.220751,0.331055
74,1792,62.370264,187.610241,8.529446,19.589543,1,-1,-1,-1,0.002929,0.002812,0.156186,0.025349
74,1791,73.289587,25.039334,7.990871,19.011334,1,-1,-1,-1,0.004869,0.004914,0.199366,0.032961
74,1790,150.550026,130.879999,18.500007,7.740003,1,-1,-1,-1,0.003172,0.003830,0.187807,0.033607
74,1789,123.340735,130.640183,16.828568,7.289632,1,-1,-1,-1,0.003950,0.004190,0.255767,0.058028
75,1798,63.275973,213.355695,7.825387,15.864374,1,-1,-1,-1,0.102395,0.075237,0.895722,0.354705
75,1795,74.084014,54.748326,8.188679,18.631956,1,-1,-1,-1,0.100915,0.056150,1.077191,0.346500
75,1794,77.375349,218.240666,8.345150,17.497919,1,-1,-1,-1,0.172580,0.105066,1.411710,0.488186
75,1793,77.298039,246.765840,8.837311,18.457303,1,-1,-1,-1,0.106343,0.069150,1.253874,0.369621
75,1792,62.369765,187.609806,8.520499,19.600359,1,-1,-1,-1,0.002958,0.002840,0.154928,0.025103
75,1791,73.299914,25.029916,7.990103,19.010226,1,-1,-1,-1,0.003721,0.003233,0.168316,0.026106
75,1790,150.550462,130.880130,18.509043,7.739740,1,-1,-1,-1,0.003269,0.003908,0.189394,0.034596
75,1789,123.358189,130.639582,16.803584,7.290835,1,-1,-1,-1,0.003990,0.004274,0.257185,0.059721
76,1798,63.144636,213.395279,7.857779,15.842128,1,-1,-1,-1,0.081350,0.061185,0.813535,0.317560
76,1795,73.887687,54.547876,8.276515,18.405577,1,-1,-1,-1,0.105367,0.051007,1.043334,0.317108
76,1794,77.411821,216.206161,8.164771,16.418507,1,-1,-1,-1,0.093102,0.079793,1.016874,0.386481
76,1793,77.670984,246.750796,8.661019,18.529867,1,-1,-1,-1,0.090980,0.059449,1.062354,0.278730
76,1792,62.369976,187.619930,8.520047,19.600089,1,-1,-1,-1,0.002787,0.002756,0.152231,0.024859
76,1791,73.299995,25.039955,7.990013,19.010030,1,-1,-1,-1,0.003436,0.003046,0.162010,0.024860
76,1790,150.559587,130.879898,18.500798,7.740205,1,-1,-1,-1,0.003079,0.003755,0.184684,0.032963
76,1789,123.351836,130.640833,16.816330,7.298295,1,-1,-1,-1,0.003950,0.004190,0.255185,0.058058
77,1798,63.258541,213.434914,7.844028,15.897549,1,-1,-1,-1,0.092506,0.069784,0.899448,0.352857
77,1795,73.858284,54.577196,8.297771,18.373361,1,-1,-1,-1,0.120792,0.081001,1.149507,0.365889
77,1794,77.485495,218.060839,8.083037,17.312303,1,-1,-1,-1,0.091736,0.055117,1.012527,0.336802
77,1793,77.521855,246.862038,8.528428,18.613833,1,-1,-1,-1,0.078308,0.056661,0.992076,0.281282
77,1792,62.369997,187.610021,8.520006,19.600013,1,-1,-1,-1,0.002843,0.002784,0.152181,0.025103
77,1791,73.300001,25.049971,7.990001,19.010002,1,-1,-1,-1,0.003647,0.003201,0.166123,0.025597
77,1790,150.549981,130.879982,18.500099,7.740037,1,-1,-1,-1,0.003236,0.003830,0.187714,0.034262
77,1789,123.348924,130.639392,16.812189,7.291256,1,-1,-1,-1,0.003911,0.004190,0.257142,0.058604
78,1798,63.220263,213.662348,7.811905,16.004541,1,-1,-1,-1,0.116364,0.091501,1.007140,0.424591
78,1795,73.908353,54.674975,8.240312,18.620755,1,-1,-1,-1,0.079191,0.050093,0.919267,0.259147
78,1794,77.420079,217.653902,8.147455,17.391244,1,-1,-1,-1,0.126176,0.072429,1.180252,0.408673
78,1793,77.535138,246.840318,8.544809,18.529376,1,-1,-1,-1,0.104208,0.051499,1.026638,0.315724
78,1792,62.369884,187.609624,8.520233,19.590777,1,-1,-1,-1,0.002900,0.002812,0.153506,0.024859
78,1791,73.300122,25.080313,7.989760,19.019179,1,-1,-1,-1,0.003684,0.003201,0.164778,0.025598
78,1790,150.550447,130.880126,18.509074,7.739749,1,-1,-1,-1,0.003172,0.003792,0.186203,0.033607
78,1789,123.349780,130.639895,16.810439,7.290208,1,-1,-1,-1,0.003872,0.004190,0.255164,0.058605
79,1798,63.086469,213.761639,7.850500,16.038939,1,-1,-1,-1,0.116620,0.089972,1.036019,0.428407
79,1795,73.830238,55.166609,8.326203,18.605999,1,-1,-1,-1,0.100472,0.049078,0.967857,0.305022
79,1794,77.406223,217.764225,8.300764,17.402753,1,-1,-1,-1,0.211280,0.128093,1.532520,0.567817
79,1793,77.614170,246.093236,8.435122,18.363475,1,-1,-1,-1,0.136909,0.069743,1.220265,0.412322
79,1792,62.370102,187.620317,8.519796,19.599285,1,-1,-1,-1,0.003048,0.002869,0.157574,0.025848
79,1791,73.299371,25.148342,7.981295,19.002981,1,-1,-1,-1,0.003872,0.003332,0.169049,0.026102
79,1790,150.549604,130.879895,18.500820,7.740210,1,-1,-1,-1,0.003204,0.003830,0.187742,0.033933
79,1789,123.342085,130.640921,16.825828,7.298119,1,-1,-1,-1,0.003911,0.004190,0.255075,0.057508
80,1798,63.222965,213.659017,7.721370,16.139800,1,-1,-1,-1,0.087727,0.066053,0.898355,0.344421
80,1795,73.976492,55.532224,8.249380,18.730171,1,-1,-1,-1,0.136853,0.068433,1.100310,0.370231
80,1794,77.502630,217.658641,8.206964,17.655252,1,-1,-1,-1,0.104313,0.061343,1.208702,0.388716
80,1793,77.398927,246.889424,8.630097,18.579153,1,-1,-1,-1,0.089496,0.043350,0.975878,0.260774
80,1792,62.370017,187.610069,8.519967,19.599917,1,-1,-1,-1,0.003018,0.002869,0.156286,0.025849
80,1791,73.300038,25.279855,7.979924,19.009572,1,-1,-1,-1,0.003647,0.003170,0.164829,0.025104
80,1790,150.550399,130.880109,18.509170,7.739783,1,-1,-1,-1,0.003172,0.003792,0.186195,0.033283
80,1789,123.341057,130.640348,16.837848,7.299306,1,-1,-1,-1,0.004111,0.004360,0.259170,0.059158
81,1798,63.241248,213.341275,7.770160,15.796865,1,-1,-1,-1,0.088367,0.066591,0.799444,0.324317
81,1795,73.943875,56.153501,8.228289,18.720854,1,-1,-1,-1,0.171136,0.116004,1.393312,0.518944
81,1794,77.360291,216.823872,8.368787,17.066143,1,-1,-1,-1,0.152203,0.085708,1.271431,0.452105
81,1793,77.361823,247.129286,8.801336,18.491578,1,-1,-1,-1,0.136686,0.070366,1.211386,0.379716
81,1792,62.369886,187.609627,8.520228,19.590771,1,-1,-1,-1,0.002900,0.002784,0.154909,0.025350
81,1791,73.300615,25.490487,7.988728,19.017391,1,-1,-1,-1,0.004541,0.004675,0.191969,0.031702
81,1790,150.559568,130.879892,18.500836,7.740215,1,-1,-1,-1,0.003204,0.003869,0.187732,0.034263
81,1789,123.340183,130.640073,16.839636,7.299855,1,-1,-1,-1,0.003911,0.004190,0.253183,0.057510
82,1798,63.255584,213.096137,7.785859,15.664919,1,-1,-1,-1,0.077565,0.056143,0.701898,0.278998
82,1795,73.672474,56.768036,8.454126,19.009412,1,-1,-1,-1,0.107915,0.053133,1.103243,0.318207
82,1794,77.393867,216.586201,8.230226,16.785325,1,-1,-1,-1,0.126917,0.069229,1.152474,0.404098
82,1793,77.516254,246.102399,8.690082,18.357552,1,-1,-1,-1,0.098178,0.060020,1.187980,0.359820
82,1792,62.370103,187.610346,8.519794,19.599279,1,-1,-1,-1,0.003079,0.002897,0.158960,0.025848
82,1791,73.309424,25.748094,7.981121,19.002584,1,-1,-1,-1,0.003647,0.003233,0.166700,0.025852
82,1790,150.549978,130.879981,18.500103,7.740039,1,-1,-1,-1,0.003141,0.003792,0.186186,0.033284
82,1789,123.331537,130.640797,16.846966,7.308368,1,-1,-1,-1,0.004193,0.004360,0.259073,0.059158
83,1798,63.395085,213.572306,7.701578,15.882130,1,-1,-1,-1,0.105157,0.086473,0.901347,0.386727
83,1795,73.710917,57.127447,8.366498,18.659028,1,-1,-1,-1,0.143169,0.099256,1.298539,0.444367
83,1794,77.375929,217.728534,8.377421,17.072456,1,-1,-1,-1,0.189424,0.112910,1.484630,0.550254
83,1793,77.674894,246.014200,8.674703,18.131188,1,-1,-1,-1,0.195095,0.137330,1.549798,0.559711
83,1792,62.369895,187.609646,8.520210,19.590735,1,-1,-1,-1,0.003269,0.003015,0.163206,0.026615
83,1791,73.319899,26.118936,7.980141,19.000335,1,-1,-1,-1,0.003647,0.003201,0.166196,0.025350
83,1790,150.559965,130.879998,18.500008,7.740003,1,-1,-1,-1,0.003269,0.003869,0.187723,0.033933
83,1789,123.338802,130.639361,16.842358,7.301321,1,-1,-1,-1,0.004030,0.004274,0.257252,0.059163
84,1798,63.227808,213.236004,7.767423,15.679341,1,-1,-1,-1,0.090133,0.067300,0.813925,0.334273
84,1795,73.786703,58.440290,8.260302,18.713052,1,-1,-1,-1,0.108673,0.069282,1.147312,0.347976
84,1794,77.122306,217.546934,8.498721,17.105892,1,-1,-1,-1,0.233767,0.138154,1.751290,0.615298
84,1793,77.460037,246.813367,8.665278,18.310612,1,-1,-1,-1,0.139402,0.070747,1.381573,0.388216
84,1792,62.370102,187.610341,8.519797,19.599289,1,-1,-1,-1,0.003018,0.002869,0.156375,0.025598
84,1791,73.329848,26.588469,7.980248,18.990844,1,-1,-1,-1,0.003721,0.003266,0.167616,0.026102
84,1790,150.559261,130.879540,18.501481,7.730956,1,-1,-1,-1,0.003402,0.003986,0.190951,0.034932
84,1789,123.348476,130.639567,16.823049,7.300868,1,-1,-1,-1,0.003758,0.004107,0.251059,0.057510
85,1798,63.154811,213.758268,7.819083,15.855549,1,-1,-1,-1,0.107210,0.082618,0.935852,0.397189
85,1795,73.691615,59.893189,8.804447,19.008044,1,-1,-1,-1,0.039827,0.016163,0.577597,0.097758
85,1794,77.370097,217.323203,8.324661,17.186960,1,-1,-1,-1,0.125501,0.070750,1.366955,0.428257
85,1793,77.467660,246.615842,8.839156,18.198898,1,-1,-1,-1,0.194652,0.099405,1.620761,0.554444
85,1792,62.370016,187.620015,8.519967,19.599919,1,-1,-1,-1,0.002958,0.002840,0.153559,0.025103
85,1791,73.350052,27.178999,7.979778,18.999227,1,-1,-1,-1,0.003721,0.003266,0.167642,0.025849
85,1790,150.560617,130.880400,18.498768,7.739161,1,-1,-1,-1,0.003301,0.003869,0.191030,0.034597
85,1789,123.348273,130.639120,16.813489,7.291799,1,-1,-1,-1,0.003834,0.004148,0.254858,0.058051
86,1798,63.253522,213.523081,7.748771,15.760537,1,-1,-1,-1,0.113396,0.086641,0.927217,0.399726
86,1795,73.723148,60.822351,8.984139,19.038965,1,-1,-1,-1,0.047251,0.017648,0.544927,0.105312
86,1794,77.329912,217.877278,8.309823,17.598440,1,-1,-1,-1,0.113576,0.064138,1.205947,0.360337
86,1793,77.332130,246.754607,8.716937,18.394851,1,-1,-1,-1,0.095868,0.063029,1.267414,0.351289
86,1792,62.370388,187.620633,8.529196,19.598739,1,-1,-1,-1,0.003079,0.002926,0.157554,0.026101
86,1791,73.359756,27.877615,7.980446,18.981572,1,-1,-1,-1,0.003990,0.003399,0.172006,0.026615
86,1790,150.550614,130.880187,18.508803,7.739626,1,-1,-1,-1,0.003236,0.003869,0.189424,0.033934
86,1789,123.341740,130.640763,16.826519,7.298433,1,-1,-1,-1,0.003872,0.004190,0.252972,0.058053
87,1798,63.413423,213.836862,7.661761,15.955040,1,-1,-1,-1,0.104515,0.081961,0.949746,0.377477
87,1795,73.836516,62.199915,9.096783,19.205388,1,-1,-1,-1,0.038239,0.014068,0.502617,0.092769
87,1794,77.364337,218.231127,8.430292,17.893390,1,-1,-1,-1,0.169152,0.104948,1.405617,0.485859
87,1793,77.604077,246.573973,8.477819,18.444209,1,-1,-1,-1,0.142973,0.069792,1.266560,0.395879
87,1792,62.369549,187.609123,8.520931,19.591833,1,-1,-1,-1,0.002958,0.002812,0.154915,0.025350
87,1791,73.380281,28.709410,7.979346,19.007734,1,-1,-1,-1,0.003368,0.003046,0.162044,0.024619
87,1790,150.550084,130.880033,18.509832,7.739934,1,-1,-1,-1,0.003334,0.003908,0.190983,0.034596
87,1789,123.349703,130.639997,16.820559,7.300006,1,-1,-1,-1,0.003721,0.004066,0.250868,0.056965
88,1798,63.239616,213.630541,7.788664,15.917628,1,-1,-1,-1,0.084454,0.064177,0.841656,0.328702
88,1795,73.698499,63.445350,8.602151,19.300951,1,-1,-1,-1,0.099205,0.050908,0.838385,0.294173
88,1794,77.527086,215.662655,8.106516,16.322385,1,-1,-1,-1,0.088850,0.063647,0.920859,0.361155
88,1793,77.160696,247.279926,8.862833,18.508835,1,-1,-1,-1,0.143719,0.076689,1.351604,0.399618
88,1792,62.370060,187.610251,8.519880,19.599469,1,-1,-1,-1,0.002958,0.002840,0.154865,0.025349
88,1791,73.399785,29.737353,7.980349,18.991293,1,-1,-1,-1,0.003236,0.002985,0.159077,0.024618
88,1790,150.550011,130.880005,18.509978,7.739991,1,-1,-1,-1,0.003204,0.003869,0.187823,0.034264
88,1789,123.348521,130.639221,16.812995,7.291597,1,-1,-1,-1,0.003872,0.004148,0.252797,0.058049
89,1798,63.346050,213.950532,7.733226,16.111335,1,-1,-1,-1,0.102374,0.077381,0.947429,0.380203
89,1795,73.930217,65.080697,8.475162,19.133898,1,-1,-1,-1,0.110268,0.057725,0.983813,0.321308
89,1794,77.534774,217.541470,8.054761,17.013523,1,-1,-1,-1,0.102411,0.058313,1.045742,0.366524
89,1793,77.448429,246.818274,8.704987,18.564725,1,-1,-1,-1,0.073553,0.046831,1.034478,0.273292
89,1792,62.370011,187.610028,8.519978,19.599943,1,-1,-1,-1,0.002900,0.002812,0.153522,0.025103
89,1791,73.419822,30.987049,7.980278,18.980920,1,-1,-1,-1,0.003402,0.003076,0.161790,0.025349
89,1790,150.549546,130.879873,18.500935,7.740254,1,-1,-1,-1,0.003204,0.003830,0.186161,0.033934
89,1789,123.359704,130.639877,16.810529,7.290244,1,-1,-1,-1,0.003436,0.002927,0.221993,0.050833
90,1798,63.233504,214.336345,7.745815,16.334574,1,-1,-1,-1,0.112322,0.089050,1.073529,0.433170
90,1795,73.987635,68.485316,8.915134,19.051490,1,-1,-1,-1,0.043869,0.014934,0.557018,0.100362
90,1794,77.354881,217.751592,8.268886,17.103007,1,-1,-1,-1,0.195225,0.117993,1.463780,0.580785
90,1793,77.396018,246.777379,8.650687,18.656799,1,-1,-1,-1,0.088275,0.043312,0.948327,0.274503
90,1792,62.370001,187.619977,8.519997,19.599993,1,-1,-1,-1,0.003048,0.002897,0.157543,0.025597
90,1791,73.440078,32.485919,7.979753,18.989113,1,-1,-1,-1,0.004452,0.004675,0.190248,0.031396
90,1790,150.549938,130.879977,18.500121,7.740046,1,-1,-1,-1,0.003334,0.003947,0.189286,0.034263
90,1789,123.342837,130.641115,16.834368,7.297729,1,-1,-1,-1,0.004070,0.004274,0.257663,0.059137
91,1798,63.402230,213.570080,7.833679,15.980676,1,-1,-1,-1,0.109392,0.077506,1.009498,0.391139
91,1795,73.845754,70.456777,8.869316,19.445973,1,-1,-1,-1,0.130077,0.070898,0.948028,0.335141
91,1794,77.255661,217.167105,8.252222,17.115838,1,-1,-1,-1,0.136926,0.076201,1.355451,0.460869
91,1793,77.203278,247.464304,9.031874,18.713068,1,-1,-1,-1,0.155938,0.084021,1.283795,0.419362
91,1792,62.370000,187.610029,8.520000,19.599999,1,-1,-1,-1,0.003048,0.002897,0.157615,0.025849
91,1791,73.489505,34.016463,7.970751,18.991202,1,-1,-1,-1,0.003758,0.003266,0.166640,0.025107
91,1790,150.559964,130.879998,18.500011,7.740005,1,-1,-1,-1,0.003236,0.003869,0.187770,0.033934
91,1789,123.332097,130.641036,16.845845,7.307891,1,-1,-1,-1,0.004278,0.004404,0.263357,0.059163
92,1798,63.304260,214.371864,7.807557,16.374304,1,-1,-1,-1,0.114452,0.089051,1.122257,0.440237
92,1795,73.912586,72.312723,9.226255,19.279222,1,-1,-1,-1,0.049277,0.021716,0.641858,0.113203
92,1794,77.497333,217.135651,8.198061,17.129127,1,-1,-1,-1,0.118970,0.067899,1.226485,0.416582
92,1793,77.216379,246.917254,8.903499,18.764546,1,-1,-1,-1,0.085526,0.055656,1.107964,0.311161
92,1792,62.369881,187.609615,8.520237,19.590795,1,-1,-1,-1,0.003048,0.002897,0.157614,0.025598
92,1791,73.510644,35.508097,7.978621,19.006809,1,-1,-1,-1,0.004193,0.004448,0.184065,0.029909
92,1790,150.560004,130.880001,18.499995,7.739998,1,-1,-1,-1,0.003236,0.003869,0.187729,0.034263
92,1789,123.337695,130.639104,16.824644,7.301834,1,-1,-1,-1,0.003950,0.004190,0.255315,0.058056
93,1798,63.391648,213.260000,7.720794,15.823145,1,-1,-1,-1,0.086903,0.063595,0.830118,0.309715
93,1795,73.748068,74.157235,9.433083,19.229809,1,-1,-1,-1,0.051524,0.021483,0.652194,0.118533
93,1794,77.302987,218.065507,8.339799,17.389043,1,-1,-1,-1,0.149813,0.104984,1.444833,0.480073
93,1793,77.235986,246.764846,8.800832,18.613658,1,-1,-1,-1,0.076829,0.050520,1.038522,0.289532
93,1792,62.370100,187.610335,8.519801,19.599302,1,-1,-1,-1,0.002900,0.002784,0.154902,0.025103
93,1791,73.549509,37.096659,7.970845,19.001685,1,-1,-1,-1,0.003647,0.003170,0.165084,0.024621
93,1790,150.550486,130.880129,18.509059,7.739742,1,-1,-1,-1,0.003141,0.003792,0.186145,0.033607
93,1789,123.339537,130.639806,16.820921,7.300390,1,-1,-1,-1,0.004152,0.004360,0.259087,0.059160
94,1798,63.429161,213.579873,7.689282,16.005746,1,-1,-1,-1,0.099618,0.076658,0.906664,0.378632
94,1795,73.914591,75.645193,9.169988,19.041329,1,-1,-1,-1,0.075946,0.026130,0.710567,0.140297
94,1794,77.316827,218.023712,8.389372,17.842682,1,-1,-1,-1,0.095583,0.055709,1.131358,0.334230
94,1793,77.331740,242.916045,8.935441,17.281462,1,-1,-1,-1,0.201037,0.153707,1.354865,0.656289
94,1792,62.370398,187.620634,8.529176,19.598679,1,-1,-1,-1,0.003018,0.002869,0.156200,0.025848
94,1791,73.589879,38.807307,7.970088,19.000201,1,-1,-1,-1,0.003575,0.003138,0.163296,0.024142
94,1790,150.558840,130.869476,18.502290,7.731152,1,-1,-1,-1,0.003236,0.003869,0.187683,0.033933
94,1789,123.342005,130.640905,16.835913,7.308152,1,-1,-1,-1,0.004030,0.004274,0.259240,0.058607
95,1798,63.290155,213.705676,7.805293,15.953800,1,-1,-1,-1,0.097007,0.076008,0.915051,0.370482
95,1795,74.296971,79.038898,8.567737,20.007563,1,-1,-1,-1,0.089112,0.067696,0.880782,0.194554
95,1794,77.286828,217.970009,8.487227,17.807999,1,-1,-1,-1,0.230047,0.123372,1.577526,0.601177
95,1793,77.396740,246.734366,8.772275,18.007980,1,-1,-1,-1,0.168005,0.087870,1.456802,0.508350
95,1792,62.369550,187.609127,8.520929,19.591827,1,-1,-1,-1,0.002958,0.002840,0.154872,0.025598
95,1791,73.629937,40.657349,7.969990,18.999976,1,-1,-1,-1,0.003470,0.003046,0.161857,0.023907
95,1790,150.551041,130.880465,18.507949,7.738958,1,-1,-1,-1,0.003172,0.003792,0.187718,0.033934
95,1789,123.347457,130.628664,16.825088,7.292827,1,-1,-1,-1,0.003911,0.004190,0.255131,0.058605
96,1798,63.166295,213.414405,7.827459,15.959276,1,-1,-1,-1,0.098788,0.073898,0.916890,0.372598
96,1795,74.922189,80.733766,8.629999,19.327452,1,-1,-1,-1,0.111174,0.064128,1.118397,0.399619
96,1794,77.124093,217.607885,8.551507,17.614409,1,-1,-1,-1,0.180732,0.107427,1.619703,0.538159
96,1793,77.669083,247.084829,8.582050,18.245281,1,-1,-1,-1,0.132949,0.068587,1.340338,0.408335
96,1792,62.370061,187.610256,8.519878,19.599458,1,-1,-1,-1,0.003079,0.002926,0.157554,0.026102
96,1791,73.670185,42.658054,7.969519,19.018415,1,-1,-1,-1,0.003141,0.002926,0.154971,0.022326
96,1790,150.559688,130.879948,18.500595,7.740106,1,-1,-1,-1,0.003204,0.003830,0.187716,0.033934
96,1789,123.357558,130.629267,16.794921,7.291457,1,-1,-1,-1,0.003911,0.004190,0.254957,0.058054
97,1798,63.242350,214.011141,7.729305,16.238060,1,-1,-1,-1,0.092628,0.073198,0.931874,0.370045
97,1795,74.366619,83.402538,9.370172,18.806263,1,-1,-1,-1,0.070042,0.023950,0.788688,0.150508
97,1794,77.286313,216.931344,8.570990,17.261263,1,-1,-1,-1,0.119413,0.093472,1.433197,0.493286
97,1793,77.672402,246.732921,8.363577,18.528609,1,-1,-1,-1,0.206271,0.110876,1.507426,0.534227
97,1792,62.370011,187.610029,8.519978,19.599942,1,-1,-1,-1,0.002929,0.002812,0.154892,0.025104
97,1791,73.709993,44.797260,7.969911,19.019779,1,-1,-1,-1,0.003236,0.002956,0.156195,0.023215
97,1790,150.559968,130.879989,18.500066,7.740023,1,-1,-1,-1,0.003204,0.003830,0.187713,0.033607
97,1789,123.343002,130.641054,16.823994,7.297765,1,-1,-1,-1,0.004070,0.004317,0.256991,0.058604
98,1798,63.156950,214.208862,7.747864,16.324838,1,-1,-1,-1,0.094310,0.078154,0.974681,0.380759
98,1795,74.996501,86.346279,8.829143,19.177827,1,-1,-1,-1,0.107018,0.058193,0.973474,0.311646
98,1794,77.258811,217.937690,8.588768,17.654996,1,-1,-1,-1,0.143352,0.085111,1.400818,0.443715
98,1793,77.620915,246.151481,8.410611,18.244468,1,-1,-1,-1,0.206724,0.156260,1.786907,0.668701
98,1792,62.369759,187.609220,8.520481,19.581614,1,-1,-1,-1,0.003236,0.003015,0.160298,0.026101
98,1791,73.760168,47.087975,7.969527,19.038442,1,-1,-1,-1,0.002929,0.002756,0.150877,0.021893
98,1790,150.558797,130.869448,18.492437,7.731210,1,-1,-1,-1,0.003236,0.003869,0.189300,0.033933
98,1789,123.349916,130.640081,16.820132,7.299839,1,-1,-1,-1,0.003834,0.004148,0.252988,0.058054
99,1798,63.290309,213.567878,7.717206,16.185046,1,-1,-1,-1,0.095196,0.073217,0.919967,0.367931
99,1795,75.059862,90.437338,9.754656,18.949316,1,-1,-1,-1,0.123008,0.083336,1.400429,0.590050
99,1794,77.345895,217.990074,8.371395,18.016118,1,-1,-1,-1,0.075659,0.046398,0.995429,0.305036
99,1793,77.560171,246.346446,8.486371,18.189471,1,-1,-1,-1,0.153927,0.080039,1.579880,0.505980
99,1792,62.370081,187.610287,8.519837,19.589395,1,-1,-1,-1,0.002871,0.002784,0.153597,0.024860
99,1791,73.810089,49.597367,7.969697,19.049057,1,-1,-1,-1,0.002958,0.002784,0.150785,0.021468
99,1790,150.551049,130.880469,18.497931,7.738946,1,-1,-1,-1,0.003402,0.003986,0.190940,0.034596
99,1789,123.340043,130.640010,16.819986,7.299982,1,-1,-1,-1,0.003911,0.004190,0.254854,0.057506
100,1798,63.290029,213.367379,7.848978,15.972607,1,-1,-1,-1,0.093462,0.070494,0.883710,0.356372
100,1795,75.145928,93.868323,10.412131,18.843339,1,-1,-1,-1,0.149883,0.116172,1.810984,0.813411
100,1794,77.449845,216.413219,8.170014,16.993604,1,-1,-1,-1,0.084286,0.046327,0.854049,0.317147
100,1793,77.178684,247.167467,8.866354,18.362492,1,-1,-1,-1,0.131586,0.068557,1.407977,0.390556
100,1792,62.370511,187.621009,8.528951,19.597903,1,-1,-1,-1,0.002958,0.002840,0.154816,0.025103
100,1791,73.869824,52.326274,7.970181,19.040641,1,-1,-1,-1,0.003018,0.002840,0.152100,0.021679
100,1790,150.550182,130.880081,18.499631,7.739839,1,-1,-1,-1,0.003402,0.003986,0.192593,0.034597
100,1789,123.342172,130.640980,16.835570,7.308000,1,-1,-1,-1,0.004452,0.004583,0.267384,0.061432
