1,1343,20.680000,63.590000,7.800000,20.230000,1,-1,-1,-1,10.000000,10.000000,10.000000,10.000000
1,1342,151.460000,129.560000,18.890000,8.160000,1,-1,-1,-1,10.000000,10.000000,10.000000,10.000000
1,1341,45.390000,41.670000,8.830000,18.330000,1,-1,-1,-1,10.000000,10.000000,10.000000,10.000000
1,1340,-231.210000,118.130000,19.340000,8.450000,1,-1,-1,-1,10.000000,10.000000,10.000000,10.000000
1,1339,49.660000,246.240000,8.440000,18.130000,1,-1,-1,-1,10.000000,10.000000,10.000000,10.000000
1,1338,35.190000,213.880000,7.670000,15.990000,1,-1,-1,-1,10.000000,10.000000,10.000000,10.000000
1,1337,49.540000,217.920000,8.030000,17.550000,1,-1,-1,-1,10.000000,10.000000,10.000000,10.000000
1,1336,34.540000,187.420000,8.240000,18.890000,1,-1,-1,-1,10.000000,10.000000,10.000000,10.000000
1,1335,-264.160000,118.120000,15.260000,7.960000,1,-1,-1,-1,10.000000,10.000000,10.000000,10.000000
1,1334,46.230000,71.620000,7.950000,18.980000,1,-1,-1,-1,10.000000,10.000000,10.000000,10.000000
1,1333,122.510000,130.880000,18.500000,7.740000,1,-1,-1,-1,10.000000,10.000000,10.000000,10.000000
1,1332,95.290000,130.640000,16.830000,7.300000,1,-1,-1,-1,10.000000,10.000000,10.000000,10.000000
2,1344,-376.000000,191.040000,21.060000,15.140000,1,-1,-1,-1,10.000000,10.000000,10.000000,10.000000
2,1343,20.590074,64.039965,8.099845,20.740048,1,-1,-1,-1,0.496343,0.155467,2.762107,0.018469
2,1341,45.690768,42.338242,8.768439,18.153489,1,-1,-1,-1,0.453625,0.231928,8.460636,1.337007
2,1340,-231.150292,118.050119,19.200584,8.409762,1,-1,-1,-1,0.264354,0.043226,1.779072,0.255764
2,1339,49.509843,246.700372,8.450333,18.159220,1,-1,-1,-1,0.630967,0.378574,12.743178,1.929336
2,1338,35.210695,213.888597,7.808608,16.142805,1,-1,-1,-1,0.093439,0.074176,1.625975,0.444322
2,1337,49.452818,217.553585,8.344361,17.342850,1,-1,-1,-1,0.286371,0.197636,6.083997,1.223931
2,1336,34.560050,187.249879,8.219899,18.820244,1,-1,-1,-1,0.047814,0.038338,1.068401,0.216566
2,1335,-264.169980,118.119990,15.289960,7.970020,1,-1,-1,-1,0.008648,0.004985,0.297078,0.080674
2,1334,46.230002,71.619995,7.949996,18.970011,1,-1,-1,-1,0.003311,0.003054,0.183829,0.023468
2,1333,122.510000,130.880000,18.500000,7.740000,1,-1,-1,-1,0.003026,0.003693,0.213578,0.033943
2,1332,95.300000,130.640000,16.830000,7.300000,1,-1,-1,-1,0.003925,0.004206,0.321820,0.060477
3,1341,45.416968,42.356703,8.936301,18.703749,1,-1,-1,-1,0.297536,0.159813,5.279236,0.750350
3,1340,-231.038504,118.053318,19.359411,8.452367,1,-1,-1,-1,0.241921,0.048543,1.719310,0.220281
3,1339,49.299409,246.935304,8.799309,18.718902,1,-1,-1,-1,0.123811,0.081483,2.697798,0.435623
3,1338,35.291108,212.974576,7.817863,15.596048,1,-1,-1,-1,0.099410,0.073002,1.454035,0.345339
3,1337,49.406175,217.341639,8.194827,17.073932,1,-1,-1,-1,0.241951,0.143334,3.905660,0.685082
3,1336,34.695933,187.020311,8.276713,18.709977,1,-1,-1,-1,0.055853,0.045273,1.132115,0.211951
3,1335,-264.170719,118.119985,15.271458,7.970034,1,-1,-1,-1,0.008556,0.004983,0.290536,0.075586
3,1334,46.230026,71.609941,7.949949,18.960123,1,-1,-1,-1,0.004166,0.003512,0.199973,0.025102
3,1333,122.510000,130.880000,18.500000,7.740000,1,-1,-1,-1,0.003149,0.003804,0.216379,0.033283
3,1332,95.300003,130.640000,16.830000,7.300000,1,-1,-1,-1,0.003884,0.004162,0.308135,0.057514
4,1341,45.135642,42.376662,9.193698,18.863523,1,-1,-1,-1,0.280487,0.148232,4.726481,0.706735
4,1340,-231.079225,118.144036,19.395775,8.547073,1,-1,-1,-1,0.197935,0.040738,1.386326,0.198410
4,1339,49.491782,246.171997,8.707681,18.375425,1,-1,-1,-1,0.121678,0.073403,2.356826,0.426395
4,1338,35.399658,214.192247,7.827982,16.244625,1,-1,-1,-1,0.107808,0.079086,1.606398,0.389806
4,1337,49.393994,217.837092,8.356886,17.497017,1,-1,-1,-1,0.128139,0.080215,2.520210,0.462596
4,1336,34.618008,187.083534,8.187195,18.699768,1,-1,-1,-1,0.051081,0.040733,0.974431,0.204909
4,1335,-264.159994,118.119736,15.269828,7.960555,1,-1,-1,-1,0.008440,0.004874,0.268867,0.074861
4,1334,46.230109,71.620324,7.949781,18.969259,1,-1,-1,-1,0.003440,0.003111,0.173949,0.022991
4,1333,122.510000,130.880000,18.500000,7.740000,1,-1,-1,-1,0.003145,0.003760,0.204192,0.033606
4,1332,95.308739,130.639539,16.802545,7.290942,1,-1,-1,-1,0.003726,0.004073,0.284572,0.056963
5,1341,45.849804,42.355514,8.427128,18.258680,1,-1,-1,-1,0.198918,0.098703,2.926328,0.534786
5,1340,-231.125570,118.136329,19.512689,8.541512,1,-1,-1,-1,0.176634,0.038173,1.170426,0.184961
5,1339,49.596795,246.282118,8.579012,18.382727,1,-1,-1,-1,0.144972,0.073887,2.179579,0.437617
5,1338,35.279080,213.962570,7.906404,16.346551,1,-1,-1,-1,0.111227,0.084348,1.509932,0.401970
5,1337,49.154795,217.677323,8.551823,17.390460,1,-1,-1,-1,0.140786,0.092806,2.391194,0.488494
5,1336,34.575448,187.321185,8.260788,18.765400,1,-1,-1,-1,0.057457,0.044610,0.937860,0.211594
5,1335,-264.168507,118.120362,15.287017,7.959261,1,-1,-1,-1,0.009688,0.005544,0.274881,0.079146
5,1334,46.230018,71.620044,7.949965,18.969910,1,-1,-1,-1,0.003687,0.003236,0.173838,0.023674
5,1333,122.510000,130.880000,18.500000,7.740000,1,-1,-1,-1,0.003206,0.003834,0.198021,0.033933
5,1332,95.310622,130.630298,16.798745,7.289446,1,-1,-1,-1,0.003915,0.004152,0.277952,0.058049
6,1341,46.187781,42.016737,8.253236,17.428526,1,-1,-1,-1,0.237467,0.136123,2.782392,0.661270
6,1340,-231.196378,118.047428,19.193528,8.480427,1,-1,-1,-1,0.296711,0.062259,1.429387,0.266013
6,1339,49.548960,246.742119,8.568298,18.585181,1,-1,-1,-1,0.119346,0.073423,1.872248,0.408793
6,1338,35.332599,213.284715,7.902908,15.903115,1,-1,-1,-1,0.104315,0.074115,1.240463,0.364004
6,1337,49.361468,216.720617,8.257215,16.775129,1,-1,-1,-1,0.125980,0.070057,1.615506,0.424844
6,1336,34.644833,184.655824,8.469705,16.797696,1,-1,-1,-1,0.085325,0.064707,1.019733,0.335000
6,1335,-264.170296,118.120465,15.270715,7.969022,1,-1,-1,-1,0.008177,0.004869,0.251429,0.074185
6,1334,46.230003,71.620006,7.949995,18.969988,1,-1,-1,-1,0.003542,0.003140,0.168388,0.023216
6,1333,122.510000,130.880000,18.500000,7.740000,1,-1,-1,-1,0.003238,0.003871,0.196519,0.034263
6,1332,95.301290,130.640391,16.807441,7.289125,1,-1,-1,-1,0.003913,0.004151,0.271786,0.057506
7,1341,46.038706,42.238763,8.156126,17.076563,1,-1,-1,-1,0.421777,0.240020,3.386123,0.844108
7,1340,-231.165412,118.041458,19.115033,8.391765,1,-1,-1,-1,0.286603,0.056494,1.341797,0.251273
7,1339,49.579384,246.822991,8.513381,18.534265,1,-1,-1,-1,0.077729,0.054941,1.303431,0.275852
7,1338,35.291532,213.416619,7.844001,15.809613,1,-1,-1,-1,0.100912,0.070402,1.133768,0.358742
7,1337,49.344647,217.299264,8.266440,16.869320,1,-1,-1,-1,0.185488,0.105342,1.954702,0.500318
7,1336,34.644799,187.398290,8.156427,18.391423,1,-1,-1,-1,0.051911,0.041901,0.841247,0.211691
7,1335,-264.169779,118.119685,15.279465,7.960668,1,-1,-1,-1,0.008093,0.004868,0.247601,0.073474
7,1334,46.230000,71.620001,7.949999,18.969998,1,-1,-1,-1,0.003686,0.003235,0.169902,0.024141
7,1333,122.510000,130.880000,18.500000,7.740000,1,-1,-1,-1,0.003142,0.003756,0.192915,0.033607
7,1332,95.301247,130.640792,16.807492,7.298374,1,-1,-1,-1,0.003952,0.004234,0.268012,0.058051
8,1341,45.583004,41.884012,8.481358,17.674852,1,-1,-1,-1,0.245906,0.072211,1.890301,0.325022
8,1340,-231.060486,118.080513,19.046799,8.394715,1,-1,-1,-1,0.261051,0.055315,1.291097,0.250687
8,1339,49.412566,246.992410,8.664254,18.667863,1,-1,-1,-1,0.159385,0.093009,1.669137,0.433705
8,1338,35.240695,213.473083,7.810690,15.824206,1,-1,-1,-1,0.089958,0.068922,0.990404,0.340215
8,1337,49.170362,218.182447,8.328660,17.203147,1,-1,-1,-1,0.257035,0.191828,2.621359,0.688168
8,1336,34.587841,187.513790,8.168527,18.707269,1,-1,-1,-1,0.044797,0.036155,0.729546,0.177563
8,1335,-264.178165,118.130836,15.296318,7.968186,1,-1,-1,-1,0.008172,0.005430,0.264687,0.082121
8,1334,46.230000,71.620000,7.950000,18.970000,1,-1,-1,-1,0.003541,0.003170,0.167504,0.023907
8,1333,122.510000,130.880000,18.500000,7.740000,1,-1,-1,-1,0.003237,0.003832,0.193293,0.033933
8,1332,95.300984,130.640331,16.817989,7.299338,1,-1,-1,-1,0.003912,0.004191,0.265546,0.058604
9,1341,45.437776,41.576497,8.615716,18.029293,1,-1,-1,-1,0.398581,0.098247,1.772507,0.345671
9,1340,-231.168848,118.158816,19.283313,8.472688,1,-1,-1,-1,0.220280,0.050685,1.200987,0.229341
9,1339,49.466389,246.943090,8.511349,18.716391,1,-1,-1,-1,0.131652,0.068276,1.513090,0.371587
9,1338,35.221023,213.277737,7.688894,15.711148,1,-1,-1,-1,0.080951,0.060249,0.831197,0.300139
9,1337,49.418860,218.000216,8.260526,17.469669,1,-1,-1,-1,0.188311,0.127150,2.384945,0.604534
9,1336,34.619411,187.392174,8.187659,18.881871,1,-1,-1,-1,0.048326,0.039799,0.737833,0.197246
9,1335,-264.171449,118.119334,15.282887,7.961481,1,-1,-1,-1,0.009113,0.005270,0.257282,0.078454
9,1334,46.230000,71.620000,7.950000,18.970000,1,-1,-1,-1,0.003612,0.003202,0.166804,0.023216
9,1333,122.510000,130.880000,18.500000,7.740000,1,-1,-1,-1,0.003173,0.003793,0.190774,0.033607
9,1332,95.300245,130.640102,16.819505,7.299797,1,-1,-1,-1,0.004031,0.004233,0.268218,0.058054
10,1341,45.400993,41.694357,8.667494,18.108599,1,-1,-1,-1,0.258224,0.072890,1.544461,0.298084
10,1340,-231.172891,118.127667,19.286271,8.498081,1,-1,-1,-1,0.235669,0.053122,1.195584,0.239990
10,1339,49.219091,247.133046,9.028302,18.539734,1,-1,-1,-1,0.127528,0.082982,1.661988,0.389186
10,1338,35.133181,213.446618,7.834253,15.604027,1,-1,-1,-1,0.077831,0.060169,0.812210,0.293511
10,1337,49.441860,217.106243,8.109855,17.032704,1,-1,-1,-1,0.175248,0.106075,1.901049,0.549323
10,1336,34.613337,187.210000,8.165381,18.810105,1,-1,-1,-1,0.056298,0.045100,0.804389,0.223817
10,1335,-264.138447,118.075098,15.206956,7.900408,1,-1,-1,-1,0.008169,0.004770,0.239358,0.074875
10,1334,46.230103,71.620350,7.949793,18.979273,1,-1,-1,-1,0.003612,0.003202,0.166304,0.023906
10,1333,122.510000,130.880000,18.500000,7.740000,1,-1,-1,-1,0.003237,0.003870,0.193386,0.034263
10,1332,95.300678,130.640180,16.828605,7.299640,1,-1,-1,-1,0.004194,0.004361,0.271503,0.059721
11,1341,45.634954,42.110356,8.624939,18.048076,1,-1,-1,-1,0.281243,0.155123,2.152827,0.632539
11,1340,-230.997401,118.130810,19.380937,8.556408,1,-1,-1,-1,0.275628,0.063030,1.259097,0.252234
11,1339,49.151947,246.785832,8.848726,18.865409,1,-1,-1,-1,0.127290,0.062541,1.395801,0.339520
11,1338,35.247722,214.813897,7.783228,16.308793,1,-1,-1,-1,0.121040,0.096100,1.218647,0.462102
11,1337,49.233351,218.206553,8.263753,17.479758,1,-1,-1,-1,0.108412,0.068195,1.480615,0.393410
11,1336,34.689590,187.082831,8.144955,18.698252,1,-1,-1,-1,0.053149,0.042966,0.788743,0.217483
11,1335,-264.160897,118.125489,15.261699,7.958204,1,-1,-1,-1,0.009021,0.005217,0.252180,0.076263
11,1334,46.229890,71.619638,7.950219,18.970758,1,-1,-1,-1,0.003951,0.003399,0.173322,0.024617
11,1333,122.510417,130.880112,18.509139,7.739777,1,-1,-1,-1,0.003173,0.003793,0.191292,0.033934
11,1332,95.282646,130.641028,16.854747,7.307906,1,-1,-1,-1,0.004194,0.004405,0.268453,0.059726
12,1341,45.781029,42.275954,8.509620,17.546422,1,-1,-1,-1,0.411196,0.397783,2.725089,0.985167
12,1340,-231.270917,118.151378,19.289594,8.556885,1,-1,-1,-1,0.217215,0.049654,1.157007,0.236983
12,1339,49.416953,246.589139,8.716721,18.634409,1,-1,-1,-1,0.130632,0.085158,1.539775,0.429080
12,1338,35.440122,213.472487,7.745399,16.011825,1,-1,-1,-1,0.086365,0.064352,0.879682,0.315636
12,1337,49.481043,217.567076,8.215521,17.548494,1,-1,-1,-1,0.199977,0.113302,1.774714,0.538659
12,1336,34.713213,187.214426,8.132949,18.807372,1,-1,-1,-1,0.046893,0.038994,0.717657,0.195038
12,1335,-264.168592,118.120484,15.277177,7.959078,1,-1,-1,-1,0.008584,0.005013,0.247874,0.076270
12,1334,46.229982,71.619954,7.950036,18.970092,1,-1,-1,-1,0.003612,0.003202,0.167211,0.023675
12,1333,122.509601,130.879892,18.500828,7.740215,1,-1,-1,-1,0.003173,0.003831,0.189211,0.033607
12,1332,95.297017,130.638560,16.835930,7.292958,1,-1,-1,-1,0.003911,0.004190,0.258941,0.057511
13,1341,45.656394,42.458181,8.624488,17.624527,1,-1,-1,-1,0.393940,0.227515,3.128531,0.950088
13,1340,-231.178792,118.077780,19.197695,8.522935,1,-1,-1,-1,0.197656,0.045502,1.105306,0.230747
13,1339,49.195261,246.604700,8.767987,18.720363,1,-1,-1,-1,0.190462,0.094409,1.648034,0.425816
13,1338,35.218478,213.986601,7.664648,16.191720,1,-1,-1,-1,0.084526,0.066695,0.931975,0.332454
13,1337,49.153005,218.771537,8.477924,18.112689,1,-1,-1,-1,0.190561,0.126751,1.811374,0.517087
13,1336,34.622009,187.367551,8.162007,18.903304,1,-1,-1,-1,0.039784,0.034365,0.645309,0.177201
13,1335,-264.169679,118.120150,15.279353,7.959700,1,-1,-1,-1,0.008168,0.004817,0.243127,0.073484
13,1334,46.229997,71.610022,7.950005,18.970013,1,-1,-1,-1,0.003873,0.003299,0.169773,0.024378
13,1333,122.509944,130.879979,18.500113,7.740043,1,-1,-1,-1,0.003302,0.003908,0.193757,0.034263
13,1332,95.291588,130.641069,16.836862,7.307781,1,-1,-1,-1,0.004152,0.004317,0.264363,0.059158
14,1341,45.473645,42.405134,8.869365,18.167729,1,-1,-1,-1,0.294962,0.153213,2.767737,0.691961
14,1340,-231.138678,118.078870,19.194215,8.484613,1,-1,-1,-1,0.276756,0.059446,1.164422,0.253858
14,1339,49.311550,246.794879,8.871926,18.594048,1,-1,-1,-1,0.116563,0.076930,1.532145,0.402035
14,1338,35.196295,213.267897,7.790623,15.741076,1,-1,-1,-1,0.076941,0.057288,0.800811,0.279358
14,1337,49.246922,216.607379,8.503398,16.946679,1,-1,-1,-1,0.198487,0.146344,1.726120,0.573915
14,1336,34.616939,187.336164,8.204526,18.864208,1,-1,-1,-1,0.056715,0.045464,0.750338,0.210723
14,1335,-264.169263,118.120215,15.288444,7.959570,1,-1,-1,-1,0.008842,0.005165,0.250623,0.077685
14,1334,46.230000,71.619966,7.950001,18.970002,1,-1,-1,-1,0.003834,0.003299,0.169612,0.024378
14,1333,122.509991,130.879997,18.500017,7.740007,1,-1,-1,-1,0.003141,0.003793,0.188691,0.033607
14,1332,95.289475,130.639535,16.841047,7.300974,1,-1,-1,-1,0.004321,0.004448,0.268398,0.060290
15,1341,45.635358,42.384683,8.691469,18.217217,1,-1,-1,-1,0.285633,0.156049,2.631265,0.709351
15,1340,-231.146350,118.159044,19.388597,8.484712,1,-1,-1,-1,0.229797,0.052543,1.106419,0.229447
15,1338,35.227586,213.431062,7.751773,15.707389,1,-1,-1,-1,0.104369,0.076005,0.909043,0.347521
15,1337,49.309430,217.348560,8.788836,16.768427,1,-1,-1,-1,0.328269,0.289032,2.328018,0.860114
15,1336,34.545892,187.471941,8.222990,18.878504,1,-1,-1,-1,0.042978,0.035721,0.666382,0.170099
15,1335,-264.169898,118.120526,15.279875,7.968903,1,-1,-1,-1,0.008498,0.005013,0.244435,0.074872
15,1334,46.230000,71.620000,7.950000,18.970000,1,-1,-1,-1,0.003470,0.003107,0.165066,0.023216
15,1333,122.509999,130.879999,18.500003,7.740001,1,-1,-1,-1,0.003141,0.003831,0.188345,0.033933
15,1332,95.269282,130.639758,16.831608,7.300484,1,-1,-1,-1,0.003950,0.004232,0.261685,0.059167
16,1341,45.294183,42.591116,8.666599,18.357267,1,-1,-1,-1,0.220372,0.120347,2.245333,0.599421
16,1340,-230.964383,118.083494,19.334298,8.459637,1,-1,-1,-1,0.184312,0.038604,0.982378,0.200322
16,1338,35.292562,213.788556,7.915986,16.055004,1,-1,-1,-1,0.074155,0.057291,0.811093,0.284477
16,1337,50.016443,217.338238,9.049958,17.014246,1,-1,-1,-1,0.412483,0.275840,2.886766,1.153200
16,1336,34.439926,187.375589,8.239931,18.908879,1,-1,-1,-1,0.058900,0.048610,0.770939,0.221052
16,1335,-264.140143,118.120076,15.279854,7.969853,1,-1,-1,-1,0.008086,0.004865,0.239910,0.074165
16,1334,46.260015,71.620375,7.949772,18.979222,1,-1,-1,-1,0.003721,0.003234,0.167721,0.023906
16,1333,122.510000,130.880000,18.500000,7.740000,1,-1,-1,-1,0.003172,0.003793,0.188147,0.033607
16,1332,94.949004,130.639073,16.814220,7.291891,1,-1,-1,-1,0.003834,0.004107,0.256839,0.057510
17,1341,45.682679,42.714675,8.402856,18.502110,1,-1,-1,-1,0.151661,0.076992,1.662934,0.446178
17,1340,-230.256747,118.029027,19.336351,8.397398,1,-1,-1,-1,0.153819,0.036054,0.894048,0.188158
17,1338,35.533767,213.366608,7.715335,15.818255,1,-1,-1,-1,0.076118,0.062931,0.772490,0.283764
17,1337,50.235912,216.590469,8.452929,16.683212,1,-1,-1,-1,0.210301,0.191586,2.080806,0.749759
17,1336,34.748045,187.390767,8.329249,18.860838,1,-1,-1,-1,0.053584,0.043754,0.751252,0.205168
17,1335,-263.971266,118.120015,15.279961,7.969975,1,-1,-1,-1,0.008668,0.005114,0.245449,0.075554
17,1334,46.409522,71.620026,7.949982,18.979951,1,-1,-1,-1,0.003721,0.003233,0.169104,0.023907
17,1333,122.510688,130.880437,18.498625,7.749092,1,-1,-1,-1,0.003301,0.003908,0.191213,0.034263
17,1332,94.344311,130.640903,16.835343,7.298153,1,-1,-1,-1,0.003990,0.004274,0.260535,0.059158
18,1341,45.939880,42.629071,8.482371,18.172690,1,-1,-1,-1,0.269209,0.206327,2.139198,0.701801
18,1340,-228.929849,118.223505,19.229682,8.556221,1,-1,-1,-1,0.142780,0.033357,0.899821,0.194269
18,1339,49.967840,246.942272,9.030427,18.499161,1,-1,-1,-1,0.134949,0.067915,1.528521,0.523613
18,1338,35.609669,212.742619,7.817951,15.351941,1,-1,-1,-1,0.122757,0.093227,0.921516,0.406348
18,1337,50.628838,215.401771,8.317988,15.717348,1,-1,-1,-1,0.139751,0.109086,1.352303,0.561569
18,1336,35.044919,187.646136,8.241773,19.141468,1,-1,-1,-1,0.045514,0.039339,0.665493,0.178940
18,1335,-263.564444,118.119133,15.263472,7.961781,1,-1,-1,-1,0.008006,0.004769,0.237490,0.072799
18,1334,46.768901,71.619983,7.950016,18.980037,1,-1,-1,-1,0.003576,0.003170,0.164674,0.023216
18,1333,122.509373,130.879594,18.501253,7.740850,1,-1,-1,-1,0.003368,0.003947,0.194420,0.034933
18,1332,93.693820,130.713119,16.589090,7.402633,1,-1,-1,-1,0.005542,0.005063,0.309945,0.072048
19,1341,45.951108,42.617089,8.534178,18.078578,1,-1,-1,-1,0.193146,0.147271,2.051964,0.583063
19,1340,-227.281831,118.044714,20.203341,8.313910,1,-1,-1,-1,0.368680,0.057149,1.022897,0.143934
19,1339,50.581008,246.997605,9.134490,18.630393,1,-1,-1,-1,0.155632,0.083443,1.637674,0.543003
19,1338,36.589227,213.562824,7.746455,15.724700,1,-1,-1,-1,0.081501,0.061266,0.821505,0.320318
19,1337,50.449553,216.638059,7.919741,16.236731,1,-1,-1,-1,0.072883,0.055740,1.001901,0.340873
19,1336,35.741726,187.443541,8.319518,19.217299,1,-1,-1,-1,0.038618,0.036401,0.635420,0.170914
19,1335,-262.834551,118.119893,15.260413,7.960214,1,-1,-1,-1,0.007249,0.004448,0.227423,0.070118
19,1334,47.358080,71.609267,7.950471,18.961580,1,-1,-1,-1,0.003505,0.003107,0.163067,0.023444
19,1333,122.510325,130.880065,18.509317,7.739870,1,-1,-1,-1,0.003576,0.004107,0.196023,0.035615
19,1332,92.698053,130.637680,16.828346,7.295400,1,-1,-1,-1,0.003505,0.002986,0.227780,0.051352
20,1341,47.303432,42.723272,8.407997,18.135307,1,-1,-1,-1,0.068387,0.046513,1.144003,0.298516
20,1340,-224.843272,117.957213,20.555304,8.249845,1,-1,-1,-1,0.420984,0.073840,1.096775,0.110618
20,1339,51.231996,247.364733,9.009714,18.835456,1,-1,-1,-1,0.147916,0.108109,1.637032,0.524479
20,1338,37.604496,214.115743,7.793341,15.998403,1,-1,-1,-1,0.085149,0.071137,0.923855,0.345350
20,1337,50.713614,217.922657,7.960312,16.929372,1,-1,-1,-1,0.104221,0.053518,1.092565,0.351906
20,1336,36.395407,187.645799,8.416386,19.370526,1,-1,-1,-1,0.050057,0.040872,0.642326,0.156670
20,1335,-261.719781,118.062273,15.156888,7.876388,1,-1,-1,-1,0.007543,0.005216,0.238415,0.080598
20,1334,48.227566,71.620266,7.949830,18.969374,1,-1,-1,-1,0.003684,0.003201,0.165805,0.023674
20,1333,122.518657,130.869673,18.482718,7.740724,1,-1,-1,-1,0.003301,0.003869,0.192648,0.034598
20,1332,91.761366,130.841240,16.872117,7.445387,1,-1,-1,-1,0.003990,0.004232,0.258577,0.058583
21,1341,48.625348,42.372991,8.584021,17.928250,1,-1,-1,-1,0.209433,0.131256,1.585736,0.542714
21,1340,-221.493447,117.882778,19.910599,8.169048,1,-1,-1,-1,0.143259,0.029419,0.743105,0.109308
21,1339,52.371507,246.984511,8.791436,18.804421,1,-1,-1,-1,0.145173,0.089285,1.465677,0.455959
21,1338,38.352542,215.331053,8.143336,16.572902,1,-1,-1,-1,0.089209,0.071847,1.076372,0.378826
21,1337,51.099566,217.836318,8.021897,17.209560,1,-1,-1,-1,0.131022,0.096612,1.363271,0.513106
21,1336,37.294883,187.822722,8.693418,19.470623,1,-1,-1,-1,0.056159,0.046326,0.692258,0.187051
21,1335,-260.296738,118.126646,15.245891,7.945772,1,-1,-1,-1,0.007848,0.004769,0.234770,0.072145
21,1334,49.367150,71.620411,7.949741,18.979150,1,-1,-1,-1,0.003470,0.003107,0.164350,0.023216
21,1333,122.510077,130.869749,18.499846,7.730529,1,-1,-1,-1,0.003269,0.003869,0.189214,0.034264
21,1332,90.776600,131.120344,16.991606,7.706247,1,-1,-1,-1,0.004321,0.004448,0.266042,0.059161
22,1341,49.670065,42.539022,8.861926,18.057449,1,-1,-1,-1,0.186782,0.148678,1.798549,0.545410
22,1340,-217.369953,117.867822,20.240866,8.134356,1,-1,-1,-1,0.077114,0.021700,0.533965,0.051434
22,1339,53.806861,246.976718,8.696466,18.775639,1,-1,-1,-1,0.155735,0.095118,1.444625,0.504101
22,1338,39.215713,214.327785,8.467781,16.453814,1,-1,-1,-1,0.158788,0.127006,1.257536,0.491356
22,1337,52.316412,217.009108,8.271144,16.779170,1,-1,-1,-1,0.089491,0.066721,1.103031,0.385262
22,1336,38.642423,187.417758,8.966304,19.432697,1,-1,-1,-1,0.054590,0.042903,0.652700,0.168176
22,1335,-258.436724,118.121420,15.274111,7.957162,1,-1,-1,-1,0.007036,0.004360,0.226896,0.069463
22,1334,50.786040,71.619656,7.950207,18.970720,1,-1,-1,-1,0.003758,0.003266,0.167122,0.023674
22,1333,122.510713,130.870431,18.498573,7.739094,1,-1,-1,-1,0.003172,0.003793,0.189038,0.033934
22,1332,89.759462,131.438659,17.094766,8.010505,1,-1,-1,-1,0.003436,0.002985,0.226022,0.051322
23,1341,51.247591,41.966437,8.897376,17.413349,1,-1,-1,-1,0.220639,0.201595,1.886246,0.705164
23,1340,-213.511334,117.927050,19.615967,8.158397,1,-1,-1,-1,0.199500,0.039681,0.788635,0.198140
23,1339,55.236569,246.995277,8.982756,18.557369,1,-1,-1,-1,0.187079,0.130769,1.672502,0.554432
23,1338,40.703702,213.773798,8.240337,16.485829,1,-1,-1,-1,0.144018,0.115626,1.266334,0.501598
23,1337,53.747986,217.413391,8.264857,16.826278,1,-1,-1,-1,0.275933,0.230645,1.799038,0.797154
23,1336,40.629154,186.454680,8.709273,19.052595,1,-1,-1,-1,0.039378,0.038951,0.769223,0.231935
23,1335,-256.169155,118.119570,15.261742,7.950898,1,-1,-1,-1,0.005221,0.003644,0.171224,0.056461
23,1334,52.514579,71.609173,7.950534,18.951783,1,-1,-1,-1,0.004278,0.003572,0.177490,0.025847
23,1333,122.500602,130.870180,18.508825,7.739635,1,-1,-1,-1,0.003204,0.003831,0.187351,0.033607
23,1332,88.697155,131.794077,17.200181,8.338516,1,-1,-1,-1,0.004278,0.004448,0.264252,0.060265
24,1341,52.982712,42.874797,9.111750,17.610553,1,-1,-1,-1,0.354011,0.232247,2.384519,0.868082
24,1340,-209.359761,117.974337,18.835581,8.283658,1,-1,-1,-1,0.447637,0.109600,1.253921,0.384194
24,1339,57.485396,244.576853,9.014034,17.565849,1,-1,-1,-1,0.266286,0.224009,1.826303,0.796221
24,1338,43.220376,212.920393,8.658682,15.771870,1,-1,-1,-1,0.062035,0.050169,0.653795,0.228726
24,1337,55.597527,215.790375,8.168888,16.350846,1,-1,-1,-1,0.265935,0.227504,1.837149,0.877833
24,1336,42.446714,186.490108,9.066112,18.809591,1,-1,-1,-1,0.049102,0.044145,0.847207,0.242027
24,1335,-253.448821,118.110717,15.277273,7.958602,1,-1,-1,-1,0.005487,0.003755,0.174502,0.058048
24,1334,54.555051,71.610294,7.949829,18.959372,1,-1,-1,-1,0.003684,0.003233,0.165821,0.023908
24,1333,122.509580,130.869897,18.500806,7.740201,1,-1,-1,-1,0.003436,0.003986,0.193698,0.034596
24,1332,87.642175,132.198778,17.339751,8.728652,1,-1,-1,-1,0.004541,0.004629,0.272255,0.062023
25,1341,55.308174,42.875281,9.241146,18.289738,1,-1,-1,-1,0.216031,0.120929,2.256400,0.672715
25,1340,-202.682621,118.223172,19.597691,8.291339,1,-1,-1,-1,0.237762,0.050640,0.978951,0.207542
25,1339,59.658536,246.096602,8.701205,17.929333,1,-1,-1,-1,0.269843,0.191802,2.062383,0.744417
25,1338,44.867690,213.982763,8.899950,16.135349,1,-1,-1,-1,0.105994,0.084078,0.965105,0.408810
25,1337,58.132841,215.899685,8.363854,16.205029,1,-1,-1,-1,0.183094,0.133582,1.530511,0.713336
25,1336,44.829665,186.564752,9.036744,18.739749,1,-1,-1,-1,0.050553,0.046774,0.946070,0.299439
25,1335,-250.298241,118.064632,15.178041,7.871273,1,-1,-1,-1,0.004587,0.003332,0.160056,0.054329
25,1334,56.874321,71.610051,7.949956,18.959890,1,-1,-1,-1,0.003834,0.003332,0.169882,0.024378
25,1333,122.520184,130.880281,18.489598,7.749318,1,-1,-1,-1,0.003796,0.004274,0.203835,0.037016
25,1332,86.552032,132.630235,17.499616,9.155876,1,-1,-1,-1,0.004278,0.004448,0.266019,0.060871
26,1341,57.867123,41.566711,8.946113,18.310941,1,-1,-1,-1,0.372154,0.103558,1.784419,0.394855
26,1340,-195.982539,119.351595,19.938379,8.855009,1,-1,-1,-1,0.161427,0.045022,0.857554,0.170037
26,1339,62.576291,247.446128,8.669446,18.388188,1,-1,-1,-1,0.172267,0.114121,1.661606,0.456769
26,1338,47.639687,213.414020,8.876055,16.199136,1,-1,-1,-1,0.119738,0.095940,1.046964,0.485521
26,1337,60.356375,215.208670,8.071095,15.876957,1,-1,-1,-1,0.257612,0.207941,1.646000,0.814547
26,1336,47.453317,187.329324,8.830997,19.221650,1,-1,-1,-1,0.047276,0.046331,1.000001,0.295754
26,1335,-246.781137,118.094087,15.264998,7.931454,1,-1,-1,-1,0.003872,0.003015,0.155625,0.049866
26,1334,59.453193,71.610020,7.949980,18.959951,1,-1,-1,-1,0.004321,0.003608,0.178895,0.025349
26,1333,122.520055,130.880036,18.489894,7.749936,1,-1,-1,-1,0.004633,0.004817,0.218120,0.040369
26,1332,85.598206,133.490835,17.665022,9.754086,1,-1,-1,-1,0.002732,0.002545,0.205740,0.045772
27,1341,60.693119,40.829968,8.836006,17.643850,1,-1,-1,-1,0.384770,0.278627,2.316034,0.934260
27,1340,-190.019027,120.990795,19.901351,9.823958,1,-1,-1,-1,0.171694,0.054509,0.921771,0.228310
27,1339,65.515287,247.219282,9.025431,18.566399,1,-1,-1,-1,0.184229,0.140671,1.789700,0.624860
27,1338,50.517242,213.630841,8.522181,16.178676,1,-1,-1,-1,0.231130,0.177582,1.485392,0.862140
27,1337,63.171731,218.270261,8.317799,16.570248,1,-1,-1,-1,0.157496,0.098592,1.695138,0.725668
27,1336,50.352872,186.812201,8.504592,19.475945,1,-1,-1,-1,0.051033,0.053482,1.139861,0.323828
27,1335,-242.837807,118.080495,15.268709,7.939049,1,-1,-1,-1,0.003575,0.002840,0.150165,0.049383
27,1334,62.333293,71.620379,7.949742,18.969143,1,-1,-1,-1,0.004030,0.003433,0.173012,0.024859
27,1333,122.518999,130.879725,18.472084,7.750557,1,-1,-1,-1,0.004408,0.004675,0.214901,0.039226
27,1332,84.811172,135.365253,17.927854,11.000451,1,-1,-1,-1,0.002305,0.002303,0.192343,0.042369
28,1341,64.013729,42.456502,8.782254,17.785784,1,-1,-1,-1,0.267724,0.208539,2.803072,1.087539
28,1340,-182.610078,123.537413,20.356746,11.319665,1,-1,-1,-1,0.150709,0.054015,1.022222,0.270239
28,1338,53.779084,212.941707,8.545270,15.799769,1,-1,-1,-1,0.259691,0.200644,1.607904,1.023084
28,1337,65.955655,218.474097,8.884378,16.683284,1,-1,-1,-1,0.293157,0.269786,2.265808,1.173694
28,1336,53.768185,186.281316,8.386184,19.028384,1,-1,-1,-1,0.085720,0.060543,1.287802,0.582700
28,1335,-238.439777,118.080095,15.269629,7.939793,1,-1,-1,-1,0.003911,0.003015,0.155373,0.050813
28,1334,65.522294,71.609685,7.950204,18.960727,1,-1,-1,-1,0.004194,0.003502,0.175834,0.025349
28,1333,122.538457,130.869342,18.462952,7.741455,1,-1,-1,-1,0.004773,0.004914,0.220144,0.041156
28,1332,84.043316,137.325946,18.143626,12.307842,1,-1,-1,-1,0.003018,0.002729,0.214033,0.047519
29,1341,66.746925,42.198952,8.783619,17.834231,1,-1,-1,-1,0.301758,0.217395,3.279968,1.098017
29,1340,-175.594507,126.452393,20.398983,12.575112,1,-1,-1,-1,0.200019,0.105820,1.518103,0.556397
29,1338,57.061334,213.298717,8.131704,15.906211,1,-1,-1,-1,0.242232,0.162099,1.693276,1.140019
29,1337,68.812649,218.906100,9.115196,17.198344,1,-1,-1,-1,0.203727,0.138965,2.400743,1.029080
29,1336,56.719231,186.860897,8.549502,18.931738,1,-1,-1,-1,0.150557,0.102092,1.742903,0.886207
29,1335,-234.038179,118.081294,15.295306,7.957334,1,-1,-1,-1,0.004541,0.003365,0.165162,0.053289
29,1334,68.594951,71.620682,7.949569,18.978519,1,-1,-1,-1,0.003436,0.003107,0.161315,0.023445
29,1333,122.520811,130.870168,18.478453,7.739658,1,-1,-1,-1,0.003872,0.004317,0.202613,0.037024
29,1332,82.829922,139.393514,18.224089,13.617891,1,-1,-1,-1,0.003911,0.004190,0.252722,0.056934
30,1341,69.244128,43.390833,9.452053,17.725063,1,-1,-1,-1,0.341242,0.172666,3.253825,1.069479
30,1340,-168.894353,129.510822,20.593737,14.260292,1,-1,-1,-1,0.224679,0.118553,1.759562,0.653848
30,1338,59.560727,213.562276,8.095068,15.979322,1,-1,-1,-1,0.154477,0.114886,1.392220,0.962946
30,1337,72.090815,218.697847,9.047475,17.899446,1,-1,-1,-1,0.107188,0.069431,1.713305,0.591709
30,1336,58.624734,187.565437,9.057389,19.008747,1,-1,-1,-1,0.114870,0.075422,1.833571,0.884451
30,1335,-230.199352,118.070477,15.280422,7.969070,1,-1,-1,-1,0.005824,0.003947,0.178606,0.058589
30,1334,70.947371,71.620080,7.949939,18.979845,1,-1,-1,-1,0.003611,0.003170,0.163822,0.023444
30,1333,122.520134,130.870048,18.479731,7.739898,1,-1,-1,-1,0.003721,0.004232,0.200390,0.036664
30,1332,81.835280,142.999565,17.782625,15.711757,1,-1,-1,-1,0.003236,0.002840,0.217561,0.048930
31,1339,74.756721,248.604509,8.992774,17.967440,1,-1,-1,-1,0.869263,0.722912,4.636350,2.508237
31,1338,61.268485,212.830259,7.996106,15.719941,1,-1,-1,-1,0.224940,0.153635,1.663343,1.077146
31,1337,74.863194,216.960234,8.461159,17.629142,1,-1,-1,-1,0.212401,0.093207,1.724620,0.687194
31,1336,60.324346,186.708285,9.110360,18.897737,1,-1,-1,-1,0.163435,0.099450,1.980109,1.025110
31,1335,-226.936569,118.039710,15.289827,7.960848,1,-1,-1,-1,0.007321,0.004492,0.227896,0.070714
31,1334,72.579820,71.609637,7.950246,18.970820,1,-1,-1,-1,0.003758,0.003299,0.169591,0.023906
31,1333,122.529082,130.869759,18.461836,7.740476,1,-1,-1,-1,0.003575,0.004107,0.198605,0.036311
31,1332,80.205679,146.968571,17.070700,17.081625,1,-1,-1,-1,0.005273,0.005113,0.280069,0.064358
32,1361,104.643581,84.503544,25.462494,11.567656,1,-1,-1,-1,1.310836,0.321130,4.467355,0.324648
32,1339,75.526544,247.205693,8.503648,18.778941,1,-1,-1,-1,0.149162,0.089982,1.880773,0.470493
32,1338,62.620854,212.975420,7.835939,15.586059,1,-1,-1,-1,0.354105,0.256010,1.999435,1.437183
32,1337,76.209693,218.094279,8.372571,17.837129,1,-1,-1,-1,0.144726,0.104264,1.614112,0.507668
32,1336,61.460834,187.103953,8.771115,19.102542,1,-1,-1,-1,0.105896,0.074005,1.242230,0.327470
32,1335,-224.270606,118.050808,15.288494,7.978225,1,-1,-1,-1,0.004918,0.003537,0.169371,0.055404
32,1334,73.472488,71.620301,7.949804,18.979307,1,-1,-1,-1,0.003647,0.003233,0.165347,0.023674
32,1333,122.521147,130.870559,18.467736,7.748840,1,-1,-1,-1,0.003505,0.004066,0.195197,0.035616
32,1332,78.356170,150.951749,15.591831,18.122262,1,-1,-1,-1,0.004496,0.004629,0.269962,0.061455
33,1361,104.754462,84.435655,25.463400,11.278554,1,-1,-1,-1,1.274961,0.310420,3.945501,0.237505
33,1339,75.754239,245.994507,8.282547,18.260559,1,-1,-1,-1,0.119092,0.080464,1.457801,0.426386
33,1338,62.631501,214.999021,8.025602,16.368546,1,-1,-1,-1,0.191274,0.141319,1.746767,0.626730
33,1337,76.789695,216.829627,8.125493,17.145937,1,-1,-1,-1,0.122336,0.085177,1.333897,0.490107
33,1336,61.706066,187.796137,8.956646,19.295588,1,-1,-1,-1,0.174908,0.093239,1.603703,0.790509
33,1335,-222.154974,117.996305,15.233690,7.937930,1,-1,-1,-1,0.006897,0.004148,0.216556,0.067472
33,1334,73.654488,71.619648,7.950214,18.970738,1,-1,-1,-1,0.003721,0.003233,0.165235,0.023906
33,1333,122.529704,130.869961,18.460556,7.750077,1,-1,-1,-1,0.003647,0.004148,0.200054,0.036662
33,1332,77.604130,155.055602,13.575364,18.517573,1,-1,-1,-1,0.002678,0.002571,0.205469,0.045773
34,1361,105.272429,84.656444,25.564055,11.471628,1,-1,-1,-1,1.255234,0.324032,3.328231,0.149728
34,1341,73.929678,42.857956,7.848108,15.642523,1,-1,-1,-1,0.235309,0.216563,1.640455,0.790480
34,1339,75.274675,247.308016,8.631473,18.450327,1,-1,-1,-1,0.218162,0.135247,1.802698,0.672187
34,1338,62.475398,216.745206,8.178058,17.576077,1,-1,-1,-1,0.172269,0.133704,1.660010,0.516042
34,1337,76.916202,215.691002,7.870998,16.340320,1,-1,-1,-1,0.144681,0.121555,1.240315,0.545584
34,1336,61.567315,187.709123,8.829580,19.470787,1,-1,-1,-1,0.088059,0.063611,1.002308,0.255630
34,1335,-220.101431,118.033883,15.315382,7.991737,1,-1,-1,-1,0.005273,0.003718,0.176559,0.056992
34,1334,73.654822,71.620340,7.949798,18.979292,1,-1,-1,-1,0.003684,0.003233,0.165206,0.023674
34,1333,122.528788,130.869405,18.452457,7.741226,1,-1,-1,-1,0.003540,0.004107,0.196812,0.035962
34,1332,76.892475,158.981877,12.047116,18.437579,1,-1,-1,-1,0.002900,0.002702,0.208858,0.047074
35,1361,104.932003,84.448937,25.450524,11.424517,1,-1,-1,-1,1.013695,0.273249,3.028644,0.240571
35,1341,73.918904,42.966300,7.836907,15.275775,1,-1,-1,-1,0.222041,0.234583,1.498382,0.756504
35,1339,74.909001,248.008607,9.276132,18.503753,1,-1,-1,-1,0.205322,0.123246,2.085945,0.805128
35,1338,63.231504,212.921598,8.019215,16.756734,1,-1,-1,-1,0.440551,0.178474,1.787655,0.930765
35,1337,76.829879,216.294567,7.893224,16.096758,1,-1,-1,-1,0.177335,0.163443,1.376556,0.603490
35,1336,61.498367,187.388750,9.115376,18.922605,1,-1,-1,-1,0.102407,0.074537,1.094612,0.328487
35,1335,-217.879770,118.000340,15.301254,7.999554,1,-1,-1,-1,0.007926,0.004769,0.231340,0.071370
35,1334,73.654243,71.620035,7.949975,18.979935,1,-1,-1,-1,0.003647,0.003201,0.166613,0.023444
35,1333,122.521071,130.870520,18.457885,7.748919,1,-1,-1,-1,0.003436,0.004026,0.195042,0.035616
35,1332,76.248289,162.524358,10.614874,18.193545,1,-1,-1,-1,0.003334,0.003755,0.240223,0.053788
36,1361,105.226251,84.595329,25.603885,11.399130,1,-1,-1,-1,1.213489,0.382879,2.722291,0.037966
36,1341,73.813826,43.250931,7.802248,15.338465,1,-1,-1,-1,0.234946,0.148838,1.478079,0.741788
36,1339,75.109663,247.297840,9.361453,18.740489,1,-1,-1,-1,0.139537,0.088517,1.770611,0.582825
36,1338,62.618296,215.414825,8.158896,17.214633,1,-1,-1,-1,0.254191,0.184205,1.947711,0.702867
36,1337,76.968428,217.283468,7.911520,16.463819,1,-1,-1,-1,0.126061,0.087925,1.343407,0.534850
36,1336,61.627831,187.602306,9.005608,18.874934,1,-1,-1,-1,0.079846,0.064762,0.977652,0.257770
36,1335,-215.540119,117.979313,15.319977,7.981544,1,-1,-1,-1,0.005487,0.003755,0.176810,0.057003
36,1334,73.653980,71.619996,7.950005,18.980013,1,-1,-1,-1,0.003796,0.003299,0.166618,0.023906
36,1333,122.530174,130.870092,18.459578,7.749816,1,-1,-1,-1,0.003721,0.004232,0.199942,0.036662
36,1332,76.068740,165.870602,9.340879,17.785271,1,-1,-1,-1,0.002787,0.002596,0.206301,0.046199
37,1361,105.349936,84.803228,25.564122,11.635449,1,-1,-1,-1,1.084757,0.328734,2.334636,0.031408
37,1341,73.816185,42.916579,7.595051,15.247140,1,-1,-1,-1,0.147633,0.143697,1.184770,0.611272
37,1339,75.867525,246.255252,9.005750,18.523214,1,-1,-1,-1,0.152835,0.090790,1.643419,0.532530
37,1338,62.258048,217.458234,8.381173,18.731104,1,-1,-1,-1,0.142671,0.099342,1.353475,0.349933
37,1337,76.990977,216.917344,7.798720,16.547453,1,-1,-1,-1,0.152599,0.109075,1.386858,0.583656
37,1336,61.606205,187.308877,8.835135,18.083242,1,-1,-1,-1,0.119414,0.084940,1.168025,0.398244
37,1335,-213.051075,117.970267,15.310423,7.989448,1,-1,-1,-1,0.006001,0.003986,0.180187,0.059717
37,1334,73.653527,71.619991,7.950010,18.980023,1,-1,-1,-1,0.003721,0.003266,0.166596,0.024141
37,1333,122.530054,130.870023,18.459892,7.749954,1,-1,-1,-1,0.003611,0.004148,0.198373,0.035962
37,1332,76.151628,169.077495,8.791361,17.521828,1,-1,-1,-1,0.003236,0.002869,0.219416,0.049375
38,1341,73.830816,43.039399,7.582972,15.204523,1,-1,-1,-1,0.157059,0.099978,1.092102,0.517985
38,1339,76.591994,246.376595,9.015278,18.449556,1,-1,-1,-1,0.221182,0.118377,1.839666,0.590563
38,1338,63.036301,212.411039,7.834048,16.635589,1,-1,-1,-1,0.231979,0.075405,1.051656,0.484526
38,1337,76.982798,217.021026,7.810178,16.587125,1,-1,-1,-1,0.256116,0.193650,1.747871,0.799860
38,1336,61.990326,187.224717,8.569458,18.810892,1,-1,-1,-1,0.156544,0.053573,1.155465,0.420092
38,1335,-210.411438,117.950026,15.310139,7.990032,1,-1,-1,-1,0.005067,0.003608,0.172694,0.055901
38,1334,73.663305,71.609204,7.950517,18.961723,1,-1,-1,-1,0.004193,0.003537,0.175378,0.025102
38,1333,122.530028,130.870012,18.459945,7.749977,1,-1,-1,-1,0.003647,0.004148,0.199973,0.036662
38,1332,76.195495,171.883146,8.372811,17.322287,1,-1,-1,-1,0.003990,0.004232,0.258507,0.059132
39,1341,73.933990,43.033854,7.567907,15.081241,1,-1,-1,-1,0.171572,0.177645,1.166925,0.628481
39,1339,77.035641,246.480607,8.518850,18.723971,1,-1,-1,-1,0.143545,0.080611,1.500858,0.458426
39,1338,63.085189,212.559399,7.799778,15.847580,1,-1,-1,-1,0.167094,0.054064,0.966952,0.446053
39,1337,77.084466,216.003153,7.879278,16.118899,1,-1,-1,-1,0.256437,0.216907,1.758771,0.847038
39,1336,61.803501,187.408174,8.572243,19.038580,1,-1,-1,-1,0.120262,0.045898,1.100624,0.370666
39,1335,-207.633304,117.929759,15.292218,7.990566,1,-1,-1,-1,0.006061,0.004026,0.180044,0.059714
39,1334,73.653222,71.620261,7.949833,18.969376,1,-1,-1,-1,0.003990,0.003433,0.171094,0.024379
39,1333,122.520056,130.879972,18.459955,7.749981,1,-1,-1,-1,0.003647,0.004148,0.199989,0.036663
39,1332,76.241838,174.394063,7.980722,17.162676,1,-1,-1,-1,0.003911,0.004148,0.256015,0.058607
40,1341,73.795929,43.384421,7.714778,15.196491,1,-1,-1,-1,0.263253,0.271899,1.527872,0.847759
40,1339,77.030051,246.702094,8.314852,18.704129,1,-1,-1,-1,0.102858,0.055119,1.155209,0.343506
40,1338,63.046830,212.220872,7.735040,15.353345,1,-1,-1,-1,0.232928,0.062287,1.029710,0.486635
40,1337,76.917765,216.631060,8.091937,16.150098,1,-1,-1,-1,0.313116,0.265179,1.991465,1.000198
40,1336,61.538195,187.674108,8.270627,19.404085,1,-1,-1,-1,0.116662,0.084820,1.085988,0.265685
40,1335,-204.726473,117.867060,15.296231,7.946484,1,-1,-1,-1,0.007394,0.004448,0.225703,0.070062
40,1334,73.652905,71.620039,7.949970,18.969922,1,-1,-1,-1,0.004111,0.003467,0.172458,0.025103
40,1333,122.520019,130.870051,18.459957,7.749982,1,-1,-1,-1,0.003834,0.004274,0.201646,0.037019
40,1332,76.276508,176.641772,7.651226,17.039235,1,-1,-1,-1,0.004321,0.004492,0.268423,0.061436
41,1361,104.976105,84.484306,24.896239,11.452536,1,-1,-1,-1,0.941061,0.289400,2.621206,0.467601
41,1341,73.687683,43.272938,7.757432,15.477305,1,-1,-1,-1,0.175160,0.146683,1.423701,0.640463
41,1339,66.570201,242.017451,8.195171,19.243428,1,-1,-1,-1,0.272263,0.106789,1.392713,0.334205
41,1338,62.517639,214.199910,8.005168,15.860959,1,-1,-1,-1,0.216430,0.172206,1.426274,0.601437
41,1337,77.145479,215.428421,8.004256,15.683373,1,-1,-1,-1,0.423966,0.330857,2.103651,1.103132
41,1336,61.647949,187.168027,8.534886,19.123546,1,-1,-1,-1,0.131110,0.094180,1.222293,0.399034
41,1335,-201.681776,117.881922,15.295827,7.975787,1,-1,-1,-1,0.007248,0.004404,0.225416,0.068808
41,1334,73.652643,71.620006,7.949995,18.969989,1,-1,-1,-1,0.004152,0.003502,0.173952,0.024859
41,1333,122.520485,130.880101,18.468993,7.749723,1,-1,-1,-1,0.003575,0.004107,0.196652,0.035963
41,1332,76.318626,178.628811,7.368984,16.915189,1,-1,-1,-1,0.002988,0.002729,0.213974,0.047558
42,1341,73.834319,42.927866,7.711935,15.328043,1,-1,-1,-1,0.214659,0.208290,1.427792,0.712201
42,1339,63.199822,241.232758,8.224501,18.966826,1,-1,-1,-1,0.121356,0.045114,1.168493,0.336135
42,1338,62.238496,217.607995,8.571831,17.756110,1,-1,-1,-1,0.152716,0.120328,1.440425,0.475877
42,1337,76.957646,215.895502,7.938958,15.521939,1,-1,-1,-1,0.321965,0.297517,2.005323,0.965843
42,1336,61.604538,187.522201,8.553036,19.278477,1,-1,-1,-1,0.159525,0.110132,1.294428,0.411397
42,1335,-198.476066,117.839662,15.291483,7.970966,1,-1,-1,-1,0.008497,0.004963,0.238634,0.074828
42,1334,73.652113,71.620376,7.949768,18.979221,1,-1,-1,-1,0.003470,0.003107,0.160985,0.022991
42,1333,122.520075,130.880033,18.469848,7.749941,1,-1,-1,-1,0.003505,0.004066,0.194849,0.035616
42,1332,76.111780,180.520149,7.583325,16.922268,1,-1,-1,-1,0.002731,0.002596,0.207120,0.046187
43,1341,73.309948,42.369661,8.165026,16.917796,1,-1,-1,-1,0.267405,0.076574,1.327853,0.318070
43,1339,63.049845,241.728689,8.154069,19.178857,1,-1,-1,-1,0.118804,0.050497,1.073920,0.208180
43,1338,62.512665,212.600170,7.978055,16.151523,1,-1,-1,-1,0.129228,0.039044,0.998204,0.368799
43,1337,76.495166,218.743461,8.178319,17.697864,1,-1,-1,-1,0.079252,0.030728,1.015790,0.196820
43,1336,61.517201,187.405398,8.500739,19.281414,1,-1,-1,-1,0.117058,0.085207,1.186108,0.356583
43,1335,-195.171630,117.841884,15.323335,7.995984,1,-1,-1,-1,0.007394,0.004537,0.195900,0.064453
43,1334,73.651909,71.619644,7.950215,18.970746,1,-1,-1,-1,0.003872,0.003365,0.169258,0.024378
43,1333,122.520761,130.880477,18.468476,7.759016,1,-1,-1,-1,0.003505,0.004066,0.196426,0.035616
43,1332,76.121196,182.015209,7.634639,16.913399,1,-1,-1,-1,0.002328,0.002350,0.196753,0.043191
44,1372,-139.367168,205.990400,8.160261,20.047373,1,-1,-1,-1,0.227407,0.144702,3.040707,0.374426
44,1341,73.609369,42.853345,7.952069,16.187625,1,-1,-1,-1,0.153451,0.143803,1.231076,0.533352
44,1339,62.997193,241.812571,8.087348,19.419279,1,-1,-1,-1,0.242532,0.089693,1.305865,0.282016
44,1338,62.168721,216.982933,8.404554,17.250461,1,-1,-1,-1,0.211382,0.154801,1.444142,0.564541
44,1337,76.649778,216.289216,8.192932,16.924594,1,-1,-1,-1,0.214863,0.194388,1.384835,0.634378
44,1336,61.522105,186.862261,8.416980,19.051106,1,-1,-1,-1,0.076977,0.055659,0.931653,0.260911
44,1335,-191.626346,117.799598,15.312117,7.991049,1,-1,-1,-1,0.006563,0.004190,0.186729,0.061455
44,1334,73.661135,71.608925,7.941066,18.962237,1,-1,-1,-1,0.003575,0.003201,0.163677,0.023216
44,1333,122.518918,130.869505,18.462194,7.751109,1,-1,-1,-1,0.003505,0.004066,0.196447,0.035616
44,1332,76.147755,183.342211,7.630700,16.920731,1,-1,-1,-1,0.003334,0.002926,0.222513,0.050798
45,1372,-139.645039,212.195544,8.137714,20.333804,1,-1,-1,-1,0.154334,0.118012,1.840719,0.142370
45,1361,105.008975,84.578109,25.275931,11.450524,1,-1,-1,-1,0.960357,0.273125,2.378575,0.295589
45,1341,73.758487,42.899312,7.703107,15.630115,1,-1,-1,-1,0.123537,0.074189,0.945088,0.428421
45,1339,62.988656,242.112709,8.159940,19.720138,1,-1,-1,-1,0.180987,0.066052,1.176456,0.188443
45,1338,61.948020,216.610968,8.630647,18.600849,1,-1,-1,-1,0.183495,0.133880,1.400327,0.415388
45,1337,76.519287,218.736171,8.499842,17.654332,1,-1,-1,-1,0.127611,0.041470,1.072907,0.237620
45,1336,61.516309,186.653868,8.341734,18.812903,1,-1,-1,-1,0.083514,0.059974,0.952682,0.273923
45,1335,-187.935135,117.780399,15.309571,7.999199,1,-1,-1,-1,0.006183,0.004066,0.181797,0.060869
45,1334,73.652246,71.621310,7.948814,18.977251,1,-1,-1,-1,0.003834,0.003332,0.167837,0.023906
45,1333,122.520289,130.870052,18.469386,7.749894,1,-1,-1,-1,0.003575,0.004148,0.196428,0.035961
45,1332,76.157382,184.472300,7.631201,16.903749,1,-1,-1,-1,0.004030,0.004232,0.260425,0.059698
46,1372,-139.351958,216.791764,8.181566,19.752868,1,-1,-1,-1,0.154250,0.122177,1.838424,0.365730
46,1361,105.145429,84.818286,25.449719,11.608479,1,-1,-1,-1,0.955608,0.297745,2.053390,0.056443
46,1341,73.806920,42.942911,7.627015,15.722072,1,-1,-1,-1,0.139652,0.107952,1.091893,0.517138
46,1339,63.000904,241.561496,8.201658,19.777577,1,-1,-1,-1,0.120507,0.050543,1.051931,0.142590
46,1338,61.900954,215.460835,8.963381,18.890267,1,-1,-1,-1,0.206073,0.152617,1.635017,0.558728
46,1337,76.628050,215.547082,8.206931,16.522112,1,-1,-1,-1,0.139712,0.113622,1.108416,0.492763
46,1336,61.558423,186.480814,8.287215,18.612228,1,-1,-1,-1,0.129496,0.090592,1.188364,0.391666
46,1335,-184.095219,117.760657,15.318079,8.008682,1,-1,-1,-1,0.006694,0.004274,0.186350,0.062025
46,1334,73.661279,71.609431,7.950330,18.961261,1,-1,-1,-1,0.003834,0.003332,0.169358,0.024141
46,1333,122.519570,130.879845,18.460892,7.750232,1,-1,-1,-1,0.003611,0.004148,0.198066,0.036310
46,1332,76.196448,185.407256,7.614480,16.841132,1,-1,-1,-1,0.002787,0.002596,0.211849,0.048471
47,1372,-139.113599,222.668967,8.079693,21.038250,1,-1,-1,-1,0.112245,0.097306,1.038966,0.013435
47,1361,105.173906,84.773067,25.613281,11.608961,1,-1,-1,-1,1.026238,0.331057,2.005996,0.050829
47,1341,73.774547,43.056738,7.653257,15.259989,1,-1,-1,-1,0.169722,0.122924,1.107926,0.556194
47,1339,63.003497,241.807356,8.279751,19.840142,1,-1,-1,-1,0.086938,0.042903,0.906384,0.133433
47,1338,62.686451,211.624928,8.197354,16.587199,1,-1,-1,-1,0.226721,0.092047,1.361973,0.572511
47,1337,76.668425,216.624088,8.023730,16.499381,1,-1,-1,-1,0.158297,0.107341,1.258779,0.539033
47,1336,61.682456,185.729061,8.240448,18.087354,1,-1,-1,-1,0.155362,0.105193,1.416872,0.496165
47,1335,-180.198255,117.688058,15.350616,7.974650,1,-1,-1,-1,0.008840,0.005705,0.258696,0.083581
47,1334,73.651416,71.620288,7.949812,18.969330,1,-1,-1,-1,0.003684,0.003233,0.165058,0.023907
47,1333,122.520427,130.880118,18.469110,7.749769,1,-1,-1,-1,0.003611,0.004148,0.199760,0.036311
47,1332,76.199787,186.254692,7.627938,16.856177,1,-1,-1,-1,0.003048,0.002702,0.219314,0.049852
48,1375,63.763210,271.096852,8.205261,18.038382,1,-1,-1,-1,0.356884,0.092403,3.433129,0.609408
48,1372,-139.127281,226.273472,8.040006,20.464358,1,-1,-1,-1,0.245480,0.227008,1.962255,0.243106
48,1361,104.792871,84.720381,25.526610,11.667890,1,-1,-1,-1,0.700819,0.192540,1.816595,0.167945
48,1341,73.753523,43.108360,7.800228,15.206568,1,-1,-1,-1,0.188928,0.192413,1.274191,0.695842
48,1339,62.943150,242.447542,8.300862,19.976713,1,-1,-1,-1,0.127248,0.050492,0.936060,0.149375
48,1338,62.735287,211.870817,7.908687,15.855345,1,-1,-1,-1,0.218070,0.104248,1.588217,0.691329
48,1337,76.570781,218.145881,8.322520,17.335924,1,-1,-1,-1,0.153151,0.045551,1.069474,0.254016
48,1336,61.616502,187.092248,8.273091,18.663035,1,-1,-1,-1,0.100142,0.070624,1.108612,0.297660
48,1335,-176.238389,117.680645,15.303592,7.998481,1,-1,-1,-1,0.007926,0.004675,0.231972,0.070823
48,1334,73.651203,71.620042,7.949968,18.969918,1,-1,-1,-1,0.003758,0.003299,0.166388,0.023907
48,1333,122.520544,130.880161,18.478877,7.749683,1,-1,-1,-1,0.003758,0.004232,0.199789,0.036663
48,1332,76.209414,186.952928,7.639130,16.849565,1,-1,-1,-1,0.002731,0.002520,0.210627,0.047534
49,1375,63.872603,270.711880,7.925793,17.476787,1,-1,-1,-1,0.491460,0.133663,4.243210,0.830510
49,1372,-139.394323,229.597729,8.134177,19.708678,1,-1,-1,-1,0.175269,0.129875,1.827602,0.283877
49,1361,104.606276,84.485642,25.840731,11.350113,1,-1,-1,-1,0.951632,0.314189,2.003608,0.094918
49,1341,73.687090,42.914064,7.796542,15.311899,1,-1,-1,-1,0.218728,0.184521,1.394257,0.802113
49,1339,62.915853,243.001348,8.320002,20.348520,1,-1,-1,-1,0.194315,0.071732,1.052840,0.138318
49,1338,62.124242,215.935717,8.247840,17.521228,1,-1,-1,-1,0.212370,0.173236,1.677400,0.515178
49,1337,76.623655,218.244463,8.312769,17.628290,1,-1,-1,-1,0.266547,0.067142,1.238870,0.340639
49,1336,61.655248,186.155377,8.301701,18.204213,1,-1,-1,-1,0.114356,0.078874,1.187459,0.369636
49,1335,-172.254238,117.660598,15.308514,8.008766,1,-1,-1,-1,0.006244,0.004066,0.182756,0.059761
49,1334,73.651087,71.620006,7.949995,18.969989,1,-1,-1,-1,0.003796,0.003266,0.166403,0.024141
49,1333,122.520076,130.880031,18.479851,7.749943,1,-1,-1,-1,0.003402,0.003986,0.194802,0.035275
49,1332,76.228039,187.520922,7.631861,16.834078,1,-1,-1,-1,0.003048,0.002702,0.219233,0.049850
50,1375,63.634190,271.908229,8.197299,18.618465,1,-1,-1,-1,0.597463,0.169586,3.756056,0.442036
50,1372,-139.372986,232.384558,8.401608,18.885834,1,-1,-1,-1,0.275751,0.196181,2.272392,0.629147
50,1361,104.971143,84.464673,25.666654,11.394817,1,-1,-1,-1,1.079299,0.366460,2.209383,0.125916
50,1341,73.516723,43.113057,7.719127,15.665486,1,-1,-1,-1,0.156869,0.117202,1.301655,0.594399
50,1339,62.969775,242.008932,8.390881,19.785002,1,-1,-1,-1,0.164963,0.067245,1.180445,0.293003
50,1337,76.558733,217.019809,8.235567,17.090996,1,-1,-1,-1,0.222972,0.061742,1.128016,0.336542
50,1336,61.664567,186.691297,8.342886,18.334404,1,-1,-1,-1,0.095341,0.073220,1.103545,0.315937
50,1335,-168.206255,117.619970,15.301148,8.010228,1,-1,-1,-1,0.007321,0.004537,0.227385,0.069411
50,1334,73.660720,71.599264,7.950492,18.951653,1,-1,-1,-1,0.003872,0.003332,0.169278,0.024617
50,1333,122.519067,130.869779,18.461933,7.750520,1,-1,-1,-1,0.003575,0.004107,0.196299,0.035961
50,1332,76.229153,188.045126,7.629644,16.857597,1,-1,-1,-1,0.003505,0.003869,0.249974,0.056405
51,1361,105.175296,84.356410,25.613421,11.337319,1,-1,-1,-1,1.124260,0.364437,2.373456,0.226578
51,1341,73.558055,43.151615,7.842603,15.614764,1,-1,-1,-1,0.266730,0.258276,1.586693,0.858276
51,1339,62.882526,241.985544,8.372358,19.862280,1,-1,-1,-1,0.286761,0.095795,1.395769,0.277582
51,1337,76.637509,217.695049,8.218961,17.107910,1,-1,-1,-1,0.283179,0.073832,1.231072,0.383571
51,1336,61.727834,186.091370,8.289004,18.108443,1,-1,-1,-1,0.111236,0.084204,1.217352,0.387299
51,1335,-164.152574,117.600268,15.327396,8.009455,1,-1,-1,-1,0.005379,0.003718,0.174959,0.056998
51,1334,73.660572,71.609576,7.940636,18.960746,1,-1,-1,-1,0.003721,0.003233,0.166440,0.023675
51,1333,122.520344,130.880046,18.469277,7.749831,1,-1,-1,-1,0.003540,0.004107,0.194681,0.035616
51,1332,76.248320,188.430957,7.621746,16.843688,1,-1,-1,-1,0.002900,0.002649,0.215018,0.048464
52,1361,104.912851,84.526602,25.412966,11.433622,1,-1,-1,-1,0.979074,0.275852,2.237322,0.215786
52,1341,73.727013,42.917740,7.648890,15.796990,1,-1,-1,-1,0.126970,0.097063,1.206995,0.529673
52,1339,62.919673,241.754669,8.396033,19.631867,1,-1,-1,-1,0.183439,0.070587,1.294932,0.313129
52,1337,76.568662,217.220500,8.157101,16.966835,1,-1,-1,-1,0.394648,0.097624,1.337415,0.439476
52,1336,61.610510,187.135083,8.260290,18.648799,1,-1,-1,-1,0.065557,0.053062,0.890967,0.239443
52,1335,-160.035906,117.540370,15.338430,8.009628,1,-1,-1,-1,0.009476,0.005268,0.250001,0.078319
52,1334,73.651288,71.620990,7.949003,18.967927,1,-1,-1,-1,0.003647,0.003201,0.164945,0.023906
52,1333,122.520053,130.870059,18.469893,7.749960,1,-1,-1,-1,0.003575,0.004148,0.196267,0.035961
52,1332,76.232098,188.810536,7.644134,16.906272,1,-1,-1,-1,0.003575,0.003947,0.249752,0.056937
53,1361,104.672338,84.397278,25.421468,11.346075,1,-1,-1,-1,1.005383,0.319130,2.320485,0.265455
53,1341,73.555003,43.046784,7.695951,15.655093,1,-1,-1,-1,0.348241,0.355217,1.655754,0.913947
53,1339,62.931268,242.625922,8.341726,19.773886,1,-1,-1,-1,0.164756,0.066609,1.188152,0.216503
53,1337,76.618698,217.074532,8.183939,16.759536,1,-1,-1,-1,0.357784,0.086733,1.277668,0.406022
53,1336,61.623860,187.045291,8.330537,18.783876,1,-1,-1,-1,0.066018,0.052987,0.829417,0.230833
53,1335,-155.876969,117.518994,15.323858,8.002015,1,-1,-1,-1,0.007618,0.005216,0.249149,0.078434
53,1334,73.660508,71.599426,7.950354,18.951327,1,-1,-1,-1,0.003758,0.003266,0.167769,0.024378
53,1333,122.520476,130.880097,18.479018,7.749731,1,-1,-1,-1,0.003402,0.003986,0.193021,0.035274
53,1332,76.239726,189.083261,7.649295,16.918408,1,-1,-1,-1,0.002787,0.002571,0.211423,0.046649
54,1375,63.424593,270.745556,8.448291,19.032809,1,-1,-1,-1,0.482532,0.141242,2.860051,0.533413
54,1373,76.948688,246.174853,9.001795,17.263108,1,-1,-1,-1,0.309485,0.190870,3.421714,0.841491
54,1361,104.843527,84.177163,24.897368,11.323072,1,-1,-1,-1,0.971773,0.271792,2.378908,0.564843
54,1341,73.632567,42.951182,7.710957,15.504778,1,-1,-1,-1,0.168958,0.149011,1.357580,0.656834
54,1339,62.896663,241.844064,8.398569,19.726975,1,-1,-1,-1,0.197015,0.073165,1.243662,0.307022
54,1337,76.736161,217.008721,8.117865,16.634957,1,-1,-1,-1,0.264489,0.066041,1.142040,0.356238
54,1336,61.613590,186.503922,8.369955,18.503572,1,-1,-1,-1,0.083450,0.064075,0.948716,0.287617
54,1335,-151.717997,117.468449,15.323524,7.983503,1,-1,-1,-1,0.010258,0.006364,0.271911,0.090068
54,1334,73.650906,71.610690,7.949563,18.968489,1,-1,-1,-1,0.003758,0.003266,0.167818,0.024617
54,1333,122.519108,130.869797,18.461853,7.750486,1,-1,-1,-1,0.003684,0.004190,0.199513,0.036661
54,1332,76.249624,189.323159,7.649629,16.938285,1,-1,-1,-1,0.002759,0.002571,0.206821,0.046628
55,1379,62.811028,212.853582,7.488449,15.300901,1,-1,-1,-1,0.231716,0.063876,2.447684,0.588010
55,1375,63.658189,270.264618,8.341889,18.265148,1,-1,-1,-1,0.382592,0.114144,2.495033,0.668546
55,1361,105.133006,84.745472,25.195333,11.489229,1,-1,-1,-1,1.104515,0.365662,2.233887,0.072276
55,1341,73.749331,42.878660,7.675765,15.300541,1,-1,-1,-1,0.171808,0.166858,1.252398,0.623622
55,1339,62.979528,241.810192,8.337532,19.621366,1,-1,-1,-1,0.224539,0.071833,1.317816,0.298441
55,1337,76.535260,218.415239,8.279354,17.023590,1,-1,-1,-1,0.392916,0.098460,1.393764,0.439647
55,1336,61.593459,187.241525,8.360881,18.869565,1,-1,-1,-1,0.079747,0.056674,0.879102,0.242129
55,1335,-147.529502,117.439606,15.321250,7.980816,1,-1,-1,-1,0.015386,0.008405,0.316210,0.108128
55,1334,73.660445,71.609706,7.950166,18.960615,1,-1,-1,-1,0.003575,0.003170,0.163528,0.023444
55,1333,122.520354,130.880050,18.469257,7.749822,1,-1,-1,-1,0.003540,0.004107,0.198013,0.035617
55,1332,76.239626,189.501779,7.659707,16.921257,1,-1,-1,-1,0.003048,0.002729,0.213651,0.048443
56,1379,62.691971,212.707996,7.539964,15.208778,1,-1,-1,-1,0.195755,0.054215,1.847164,0.498303
56,1375,63.845395,270.065200,8.023046,17.496681,1,-1,-1,-1,0.395759,0.115867,2.247501,0.779321
56,1361,104.788246,84.632291,25.496029,11.368335,1,-1,-1,-1,1.074626,0.334430,2.209683,0.106983
56,1341,73.635354,43.197638,7.869495,15.261758,1,-1,-1,-1,0.153373,0.161474,1.234040,0.653674
56,1337,76.439807,218.002278,8.218645,17.260321,1,-1,-1,-1,0.400825,0.100551,1.487163,0.444982
56,1336,61.573036,186.704173,8.425654,18.643670,1,-1,-1,-1,0.085892,0.065311,0.951493,0.275163
56,1335,-143.296454,117.411196,15.309469,7.997501,1,-1,-1,-1,0.012139,0.007100,0.295114,0.098019
56,1334,73.660519,71.609967,7.950024,18.960061,1,-1,-1,-1,0.003721,0.003266,0.167712,0.024141
56,1333,122.519587,130.869928,18.460857,7.750220,1,-1,-1,-1,0.003505,0.004066,0.194662,0.035616
56,1332,76.249775,189.673319,7.659475,16.947563,1,-1,-1,-1,0.002900,0.002675,0.210331,0.047531
57,1379,62.064010,215.677541,8.207234,17.265328,1,-1,-1,-1,0.302550,0.242754,2.714265,0.632379
57,1375,63.686318,271.216191,8.041959,17.835711,1,-1,-1,-1,0.263057,0.088664,1.970517,0.435688
57,1361,105.133164,84.789731,25.453239,11.600233,1,-1,-1,-1,0.997047,0.300136,1.991306,0.075712
57,1341,73.678222,43.285839,7.732895,15.088230,1,-1,-1,-1,0.320857,0.331012,1.525862,0.899832
57,1337,76.520728,216.526563,8.116101,16.810931,1,-1,-1,-1,0.234415,0.060109,1.158318,0.342755
57,1336,61.571575,187.044086,8.401742,18.886083,1,-1,-1,-1,0.090844,0.064728,0.949058,0.274590
57,1335,-139.083770,117.380133,15.309806,7.999752,1,-1,-1,-1,0.007927,0.004675,0.236866,0.072222
57,1334,73.650563,71.610001,7.949998,18.959995,1,-1,-1,-1,0.004070,0.003433,0.172164,0.025102
57,1333,122.520423,130.870113,18.469119,7.749771,1,-1,-1,-1,0.003611,0.004148,0.196204,0.035961
57,1332,76.240192,189.804014,7.668684,16.957646,1,-1,-1,-1,0.003368,0.003755,0.239640,0.053789
58,1379,61.733978,215.996237,8.625466,18.321200,1,-1,-1,-1,0.332576,0.274381,3.255413,0.706663
58,1375,63.597161,269.623221,7.942686,17.169202,1,-1,-1,-1,0.434492,0.124101,2.256713,0.767433
58,1373,75.849816,243.199562,10.943609,13.767381,1,-1,-1,-1,0.092152,0.051385,3.226788,0.697053
58,1361,104.840240,84.311744,25.502539,11.384358,1,-1,-1,-1,0.854143,0.243410,1.975004,0.237157
58,1341,73.640539,43.181463,7.622204,15.306322,1,-1,-1,-1,0.154166,0.151430,1.263557,0.638102
58,1337,76.605864,215.509200,8.277940,16.307567,1,-1,-1,-1,0.290563,0.230181,1.538716,0.815239
58,1336,61.725953,185.623580,8.392655,18.194264,1,-1,-1,-1,0.120622,0.088965,1.206384,0.422190
58,1335,-134.824783,117.349543,15.283778,8.000931,1,-1,-1,-1,0.006122,0.004448,0.227289,0.070774
58,1334,73.650555,71.620366,7.949752,18.969175,1,-1,-1,-1,0.003721,0.003266,0.166434,0.023907
58,1333,122.520066,130.879986,18.469867,7.749949,1,-1,-1,-1,0.003647,0.004148,0.199553,0.036310
58,1332,76.239313,189.911921,7.670474,16.951602,1,-1,-1,-1,0.003470,0.003830,0.246650,0.055358
59,1379,62.411646,211.894380,7.962765,15.905498,1,-1,-1,-1,0.230993,0.108544,2.220155,0.678962
59,1361,105.021647,84.530096,25.591446,11.375371,1,-1,-1,-1,0.974184,0.309754,1.867298,0.060788
59,1341,73.610878,43.075599,7.518884,15.022582,1,-1,-1,-1,0.146458,0.103783,1.032739,0.520727
59,1339,62.942863,242.114956,8.419700,19.535006,1,-1,-1,-1,0.179520,0.066016,1.322155,0.372692
59,1337,76.521520,217.808900,8.188122,16.959050,1,-1,-1,-1,0.343051,0.089937,1.468618,0.434496
59,1336,61.776255,185.963832,8.353937,17.973203,1,-1,-1,-1,0.098061,0.074654,1.173831,0.359949
59,1335,-130.589899,117.310830,15.333205,7.998437,1,-1,-1,-1,0.007468,0.004537,0.230695,0.070110
59,1334,73.650514,71.620438,7.949721,18.979099,1,-1,-1,-1,0.003575,0.003201,0.163470,0.023444
59,1333,122.520014,130.880008,18.469971,7.749988,1,-1,-1,-1,0.003505,0.004066,0.196313,0.035274
59,1332,76.238929,189.991793,7.661373,16.961429,1,-1,-1,-1,0.003402,0.003792,0.242949,0.053809
60,1379,61.972280,216.280360,8.414184,17.767868,1,-1,-1,-1,0.240846,0.169280,2.143377,0.517598
60,1361,105.305337,84.697599,25.550483,11.461567,1,-1,-1,-1,1.070776,0.354813,1.867607,0.036693
60,1341,73.618284,43.197732,7.745022,15.043345,1,-1,-1,-1,0.199859,0.203470,1.282086,0.711326
60,1339,62.969241,242.582547,8.411341,19.675047,1,-1,-1,-1,0.227681,0.080335,1.347865,0.330933
60,1337,76.402344,217.325851,8.193969,16.954250,1,-1,-1,-1,0.317916,0.087494,1.382172,0.408541
60,1336,61.584075,187.467585,8.379252,18.731010,1,-1,-1,-1,0.090087,0.063547,0.969472,0.256843
60,1335,-126.320999,117.280675,15.364756,7.998658,1,-1,-1,-1,0.008581,0.005648,0.260426,0.084405
60,1334,73.650261,71.609687,7.950205,18.970723,1,-1,-1,-1,0.003834,0.003299,0.167679,0.024378
60,1333,122.520006,130.870041,18.469988,7.749995,1,-1,-1,-1,0.003505,0.004066,0.196217,0.035961
60,1332,76.249459,190.051041,7.660476,16.960985,1,-1,-1,-1,0.002625,0.002470,0.202479,0.044891
61,1379,62.252693,210.697369,8.233565,14.812287,1,-1,-1,-1,0.250616,0.125506,1.961442,0.706863
61,1361,105.194562,84.593841,25.645076,11.425245,1,-1,-1,-1,1.001917,0.313334,1.770730,0.038104
61,1341,73.806864,43.066959,7.705383,15.040846,1,-1,-1,-1,0.176999,0.121737,1.164776,0.591896
61,1339,62.970117,242.389286,8.408671,19.712732,1,-1,-1,-1,0.219943,0.078191,1.338052,0.323526
61,1337,76.585427,216.939962,8.176832,16.849684,1,-1,-1,-1,0.287702,0.074647,1.238754,0.369875
61,1336,61.663688,185.807843,8.493280,17.985508,1,-1,-1,-1,0.111184,0.081073,1.159012,0.382012
61,1335,-122.029952,117.206036,15.332692,7.958651,1,-1,-1,-1,0.009666,0.006116,0.268019,0.088471
61,1334,73.650419,71.620315,7.949794,18.979281,1,-1,-1,-1,0.003684,0.003233,0.164896,0.023907
61,1333,122.520005,130.879963,18.469990,7.749996,1,-1,-1,-1,0.003540,0.004107,0.197857,0.035616
61,1332,76.236706,189.955586,7.705802,16.695329,1,-1,-1,-1,0.003758,0.003947,0.265321,0.062555
62,1379,61.883125,215.855289,8.499920,17.308665,1,-1,-1,-1,0.226321,0.171896,2.046687,0.560835
62,1375,63.672687,271.688340,7.746817,17.189410,1,-1,-1,-1,0.449106,0.121249,2.750707,0.876483
62,1361,105.337426,84.797101,25.544226,11.570723,1,-1,-1,-1,1.060515,0.346980,1.837552,0.044435
62,1341,73.828472,43.185825,7.614742,15.120326,1,-1,-1,-1,0.218336,0.225376,1.331623,0.722571
62,1339,63.037233,242.538664,8.356035,19.798533,1,-1,-1,-1,0.240753,0.083454,1.364289,0.265982
62,1337,76.572966,217.467927,8.160656,16.989279,1,-1,-1,-1,0.324862,0.084213,1.302322,0.391839
62,1336,61.650961,186.452221,8.414595,18.157180,1,-1,-1,-1,0.102599,0.078194,1.143163,0.346826
62,1335,-117.740613,117.221750,15.326856,7.995977,1,-1,-1,-1,0.006307,0.004148,0.184968,0.060383
62,1334,73.650313,71.620042,7.949970,18.979924,1,-1,-1,-1,0.003834,0.003332,0.169140,0.024141
62,1333,122.520005,130.880004,18.469991,7.749996,1,-1,-1,-1,0.003611,0.004148,0.197892,0.036310
62,1332,76.260827,190.170910,7.657896,16.939340,1,-1,-1,-1,0.002625,0.002495,0.204757,0.045775
63,1379,61.730662,215.763692,8.740023,18.365768,1,-1,-1,-1,0.250950,0.203393,2.134137,0.547658
63,1375,63.708651,271.656195,7.771593,17.250191,1,-1,-1,-1,0.494293,0.138406,2.625905,0.840377
63,1361,105.015543,84.544270,25.503806,11.489857,1,-1,-1,-1,1.057548,0.312922,2.078470,0.266067
63,1341,73.571061,43.034722,7.558231,15.288983,1,-1,-1,-1,0.100571,0.084205,0.963811,0.435447
63,1339,63.029574,242.711135,8.369403,19.925049,1,-1,-1,-1,0.218486,0.073932,1.312455,0.237471
63,1337,76.487050,217.771694,8.222140,17.110235,1,-1,-1,-1,0.353306,0.094174,1.392422,0.419512
63,1336,61.615265,187.276921,8.339032,18.769178,1,-1,-1,-1,0.107325,0.075307,1.066932,0.302810
63,1335,-113.431876,117.180257,15.329429,7.999567,1,-1,-1,-1,0.006433,0.004148,0.184660,0.060294
63,1334,73.659589,71.608540,7.941312,18.963042,1,-1,-1,-1,0.003721,0.003233,0.167775,0.023674
63,1333,122.520004,130.880004,18.469991,7.749996,1,-1,-1,-1,0.003611,0.004190,0.197884,0.036663
63,1332,76.259904,190.191684,7.659756,16.949190,1,-1,-1,-1,0.002814,0.002596,0.208246,0.047074
64,1383,77.030568,247.669905,8.613564,17.481277,1,-1,-1,-1,0.280588,0.163598,4.283998,0.693223
64,1379,61.662136,215.349253,8.767850,18.564791,1,-1,-1,-1,0.286552,0.237392,2.471315,0.705632
64,1375,63.213764,270.646618,7.902001,16.935822,1,-1,-1,-1,0.364196,0.099993,2.188896,0.819399
64,1361,105.273347,84.683525,25.574506,11.592647,1,-1,-1,-1,0.924737,0.284984,1.791941,0.039876
64,1341,73.862911,43.083888,7.517879,14.974001,1,-1,-1,-1,0.143049,0.118297,0.991088,0.544827
64,1339,62.960254,242.441889,8.411766,19.973952,1,-1,-1,-1,0.158257,0.061764,1.147925,0.216121
64,1337,76.423751,218.107905,8.249428,17.282090,1,-1,-1,-1,0.368976,0.096888,1.477500,0.424963
64,1336,61.603697,186.775557,8.400215,18.655353,1,-1,-1,-1,0.091832,0.068539,1.021330,0.284649
64,1335,-109.103560,117.128853,15.341170,7.982617,1,-1,-1,-1,0.009108,0.005936,0.260289,0.085123
64,1334,73.660466,71.610103,7.949567,18.949820,1,-1,-1,-1,0.004193,0.003502,0.176577,0.025847
64,1333,122.519525,130.869907,18.460984,7.750264,1,-1,-1,-1,0.003684,0.004190,0.199539,0.036663
64,1332,76.259443,190.231236,7.650741,16.969751,1,-1,-1,-1,0.002843,0.002622,0.208339,0.046629
65,1383,77.045974,245.361844,8.672721,16.806079,1,-1,-1,-1,0.333302,0.270467,4.339638,0.949135
65,1375,63.315772,270.874031,7.882652,17.149841,1,-1,-1,-1,0.258486,0.080545,1.950019,0.696122
65,1361,104.797490,84.500671,25.789872,11.364375,1,-1,-1,-1,0.996550,0.314544,1.922156,0.093978
65,1341,73.669956,42.937653,7.455835,15.343556,1,-1,-1,-1,0.158359,0.112391,1.115097,0.535133
65,1339,62.963191,242.231091,8.453006,19.974010,1,-1,-1,-1,0.221356,0.073832,1.238355,0.269645
65,1337,76.405339,217.516056,8.287079,17.143775,1,-1,-1,-1,0.292276,0.079751,1.345272,0.387697
65,1336,61.625489,187.344834,8.414507,18.946654,1,-1,-1,-1,0.093438,0.066601,0.963499,0.270729
65,1335,-104.792826,117.089956,15.349103,7.980184,1,-1,-1,-1,0.011784,0.007171,0.292040,0.097836
65,1334,73.650425,71.610452,7.949699,18.959057,1,-1,-1,-1,0.004070,0.003467,0.172294,0.025103
65,1333,122.519939,130.869976,18.460118,7.750044,1,-1,-1,-1,0.003684,0.004190,0.199576,0.036663
65,1332,76.240680,190.252101,7.668277,16.958854,1,-1,-1,-1,0.003301,0.003681,0.239448,0.053279
66,1383,76.300276,241.954830,10.154796,13.346581,1,-1,-1,-1,0.211192,0.079974,4.247458,0.760140
66,1375,63.379329,270.952106,7.764110,17.206412,1,-1,-1,-1,0.376117,0.095052,2.059475,0.637042
66,1361,104.763998,84.458541,25.579702,11.378731,1,-1,-1,-1,1.150432,0.360517,2.217153,0.267148
66,1341,73.783722,42.858812,7.547851,15.454788,1,-1,-1,-1,0.219536,0.124088,1.285710,0.638848
66,1339,63.061241,242.973420,8.279545,20.880325,1,-1,-1,-1,0.210682,0.082656,1.129342,0.077102
66,1337,76.416307,216.923570,8.155028,16.877474,1,-1,-1,-1,0.302973,0.078188,1.257820,0.393284
66,1336,61.669907,186.697273,8.402803,18.684957,1,-1,-1,-1,0.074036,0.058879,0.920163,0.261696
66,1335,-100.432066,117.070561,15.348875,7.988687,1,-1,-1,-1,0.009018,0.005819,0.262954,0.085357
66,1334,73.660078,71.609653,7.950201,18.950722,1,-1,-1,-1,0.004152,0.003502,0.176666,0.025349
66,1333,122.520000,130.879961,18.459997,7.749999,1,-1,-1,-1,0.003647,0.004190,0.199569,0.036663
66,1332,76.258527,190.258515,7.652608,16.944854,1,-1,-1,-1,0.002497,0.002421,0.200636,0.044890
67,1375,63.375996,270.680641,7.822508,17.041760,1,-1,-1,-1,0.452632,0.130767,2.282612,0.821441
67,1361,104.585324,84.423257,25.414340,11.364652,1,-1,-1,-1,0.849987,0.243239,2.022117,0.231776
67,1341,73.677826,42.966982,7.669494,15.558292,1,-1,-1,-1,0.195086,0.123112,1.322222,0.640455
67,1339,63.044987,243.061486,8.369584,21.116714,1,-1,-1,-1,0.201637,0.091592,1.062974,0.043242
67,1337,76.602246,216.917167,8.044917,16.738634,1,-1,-1,-1,0.220227,0.056174,1.099199,0.334653
67,1336,61.617655,187.134501,8.294215,18.945450,1,-1,-1,-1,0.067308,0.054541,0.842458,0.237320
67,1335,-96.062559,116.995187,15.279586,7.950402,1,-1,-1,-1,0.011439,0.006823,0.276631,0.094335
67,1334,73.650437,71.620717,7.949541,18.968444,1,-1,-1,-1,0.003647,0.003201,0.166465,0.023907
67,1333,122.520477,130.880137,18.469013,7.749730,1,-1,-1,-1,0.003505,0.004066,0.194600,0.035617
67,1332,76.259397,190.279606,7.650934,16.932461,1,-1,-1,-1,0.002599,0.002470,0.202954,0.045307
68,1379,61.801223,215.940791,8.830048,19.154279,1,-1,-1,-1,0.214573,0.204421,2.182833,0.582769
68,1375,63.657650,272.190635,7.789208,18.020107,1,-1,-1,-1,0.274643,0.082211,1.842146,0.321654
68,1361,104.602963,84.455493,25.537118,11.300886,1,-1,-1,-1,0.910037,0.286262,2.018982,0.161884
68,1341,73.609797,43.218170,7.697903,15.377487,1,-1,-1,-1,0.247791,0.189182,1.426942,0.740529
68,1339,62.951755,242.860356,8.465120,20.877523,1,-1,-1,-1,0.166545,0.066686,1.035724,0.117693
68,1337,76.411664,217.929481,8.151655,17.008719,1,-1,-1,-1,0.274159,0.078797,1.274134,0.386154
68,1336,61.601931,187.070651,8.340691,18.903192,1,-1,-1,-1,0.074614,0.059404,0.869359,0.248132
68,1335,-91.737207,117.001959,15.331458,7.975659,1,-1,-1,-1,0.006370,0.004107,0.186699,0.060974
68,1334,73.650315,71.620488,7.949683,18.978999,1,-1,-1,-1,0.003684,0.003233,0.164830,0.023907
68,1333,122.520074,130.880030,18.469852,7.749943,1,-1,-1,-1,0.003611,0.004148,0.199415,0.035961
68,1332,76.250757,190.312997,7.658259,16.965377,1,-1,-1,-1,0.002651,0.002495,0.203012,0.045743
69,1379,62.412458,211.612658,8.129306,16.864354,1,-1,-1,-1,0.219937,0.100482,1.799038,0.662305
69,1375,63.384142,271.227565,7.891469,17.728940,1,-1,-1,-1,0.485444,0.136507,2.199738,0.690920
69,1361,104.602703,84.451634,25.319290,11.334000,1,-1,-1,-1,0.907334,0.279251,2.088140,0.298960
69,1341,73.697460,42.965944,7.636225,15.352096,1,-1,-1,-1,0.305379,0.299398,1.617612,0.881506
69,1339,62.941258,242.508855,8.562207,20.558343,1,-1,-1,-1,0.217990,0.074550,1.148588,0.220878
69,1337,76.397426,217.975971,8.309927,17.160047,1,-1,-1,-1,0.287997,0.078183,1.329331,0.393160
69,1336,61.533513,187.206807,8.331973,18.999006,1,-1,-1,-1,0.094179,0.065941,0.946768,0.273315
69,1335,-87.360955,116.970161,15.329840,7.979663,1,-1,-1,-1,0.004452,0.003299,0.163799,0.052811
69,1334,73.650037,71.619671,7.950197,18.970694,1,-1,-1,-1,0.003540,0.003170,0.164792,0.023444
69,1333,122.520015,130.870044,18.469970,7.749988,1,-1,-1,-1,0.003540,0.004066,0.197876,0.035962
69,1332,76.250281,190.310994,7.669174,16.959545,1,-1,-1,-1,0.002759,0.002571,0.206417,0.045744
70,1379,62.459235,210.775865,7.995036,14.664823,1,-1,-1,-1,0.245153,0.113325,1.565062,0.667831
70,1375,63.436134,271.219704,7.776723,17.831498,1,-1,-1,-1,0.497112,0.130122,2.290157,0.551643
70,1361,104.977938,84.737452,25.388550,11.472071,1,-1,-1,-1,1.008797,0.324151,1.944958,0.059780
70,1341,73.654201,42.893875,7.543781,15.351331,1,-1,-1,-1,0.114042,0.097286,1.077603,0.497901
70,1339,63.018058,242.497909,8.383232,20.845836,1,-1,-1,-1,0.212372,0.078161,1.138834,0.100659
70,1337,76.218437,218.519221,8.491951,17.399397,1,-1,-1,-1,0.409598,0.111987,1.536008,0.461789
70,1336,61.580328,186.901742,8.298976,18.864565,1,-1,-1,-1,0.080551,0.063518,0.940860,0.272357
70,1335,-83.010287,116.930293,15.347801,7.979477,1,-1,-1,-1,0.007035,0.004404,0.192004,0.064373
70,1334,73.659832,71.609145,7.950559,18.951843,1,-1,-1,-1,0.004321,0.003572,0.177979,0.025847
70,1333,122.520006,130.879963,18.469989,7.749995,1,-1,-1,-1,0.003540,0.004107,0.196175,0.035616
70,1332,76.249817,190.320412,7.670168,16.960431,1,-1,-1,-1,0.002547,0.002445,0.199725,0.044877
71,1379,62.174878,215.491749,8.204280,16.386188,1,-1,-1,-1,0.282475,0.229052,1.950232,0.668721
71,1375,63.594576,271.442572,7.782107,17.822095,1,-1,-1,-1,0.338761,0.091069,2.035995,0.448730
71,1361,104.724393,84.672520,25.476052,11.426780,1,-1,-1,-1,0.845249,0.238094,1.866005,0.151881
71,1341,73.540335,43.244042,7.584934,15.130933,1,-1,-1,-1,0.156433,0.111166,1.060189,0.505681
71,1339,63.090452,242.831710,8.365478,21.120236,1,-1,-1,-1,0.191592,0.081154,1.092075,0.071561
71,1337,76.190564,217.446233,8.420859,17.269836,1,-1,-1,-1,0.303693,0.079084,1.380006,0.399016
71,1336,61.707186,186.781674,8.432329,18.586777,1,-1,-1,-1,0.078990,0.062318,0.934418,0.268057
71,1335,-78.613222,116.899529,15.313969,7.980923,1,-1,-1,-1,0.006307,0.004107,0.183213,0.060307
71,1334,73.650355,71.620645,7.949600,18.968586,1,-1,-1,-1,0.003758,0.003266,0.166470,0.024142
71,1333,122.520004,130.880003,18.469992,7.749997,1,-1,-1,-1,0.003647,0.004190,0.197774,0.036662
71,1332,76.259489,190.340593,7.660802,16.979914,1,-1,-1,-1,0.002787,0.002571,0.204596,0.046181
72,1379,61.954346,215.167052,8.510340,17.046356,1,-1,-1,-1,0.295762,0.210942,2.211080,0.750362
72,1361,104.694612,84.255907,25.415231,11.250677,1,-1,-1,-1,0.893711,0.263957,1.972265,0.302736
72,1341,73.503053,43.390085,7.651655,15.291708,1,-1,-1,-1,0.190209,0.188854,1.279348,0.655808
72,1339,63.082750,242.798563,8.340990,21.077526,1,-1,-1,-1,0.209816,0.073921,1.133403,0.042411
72,1337,76.404221,217.626185,8.339656,17.333091,1,-1,-1,-1,0.243655,0.067910,1.296734,0.358447
72,1336,61.566050,187.566071,8.450643,19.072904,1,-1,-1,-1,0.102327,0.071785,0.957555,0.274259
72,1335,-74.213338,116.848706,15.284971,7.962756,1,-1,-1,-1,0.004679,0.003399,0.165139,0.054853
72,1334,73.650255,71.620473,7.949693,18.979028,1,-1,-1,-1,0.003575,0.003170,0.163396,0.023444
72,1333,122.520004,130.870040,18.469993,7.749997,1,-1,-1,-1,0.003575,0.004107,0.196159,0.035962
72,1332,76.250285,190.350887,7.669282,16.979313,1,-1,-1,-1,0.002787,0.002571,0.208164,0.046627
73,1383,76.821919,247.024625,8.836786,17.944756,1,-1,-1,-1,0.300113,0.186662,2.979835,0.893578
73,1379,61.776719,215.797947,8.784827,18.161515,1,-1,-1,-1,0.214652,0.183461,2.088843,0.608350
73,1361,104.645099,84.549571,25.397298,11.337913,1,-1,-1,-1,0.935779,0.291912,1.969286,0.104018
73,1341,73.712268,43.062030,7.681179,15.193667,1,-1,-1,-1,0.128501,0.129551,1.068352,0.566335
73,1339,63.035391,242.911006,8.361909,20.995406,1,-1,-1,-1,0.186651,0.059463,1.128658,0.041161
73,1337,76.207958,217.750686,8.476267,17.343328,1,-1,-1,-1,0.312337,0.081856,1.364786,0.407814
73,1336,61.602270,186.914795,8.332736,18.888495,1,-1,-1,-1,0.083659,0.066613,0.972995,0.294429
73,1335,-69.846322,116.842719,15.329851,7.994164,1,-1,-1,-1,0.008247,0.004914,0.200206,0.066841
73,1334,73.650121,71.620060,7.949955,18.979887,1,-1,-1,-1,0.003834,0.003299,0.167602,0.024141
73,1333,122.520004,130.869999,18.469993,7.749997,1,-1,-1,-1,0.003540,0.004066,0.196109,0.035616
73,1332,76.239829,190.360474,7.670207,16.980505,1,-1,-1,-1,0.003436,0.003792,0.241289,0.053787
74,1383,76.817625,245.831843,9.281733,17.536878,1,-1,-1,-1,0.295539,0.174133,3.096263,0.956994
74,1379,61.780312,215.536802,8.731224,18.630446,1,-1,-1,-1,0.229051,0.176610,2.018296,0.568003
74,1361,104.835036,84.590102,25.539527,11.341180,1,-1,-1,-1,0.854201,0.257611,1.759759,0.097098
74,1341,73.613079,42.778552,7.570008,15.517446,1,-1,-1,-1,0.209600,0.123173,1.271858,0.636617
74,1339,62.928998,242.028014,8.574392,20.408097,1,-1,-1,-1,0.153612,0.065321,1.110835,0.240945
74,1337,76.263573,217.999088,8.443476,17.550475,1,-1,-1,-1,0.258551,0.073924,1.387858,0.383619
74,1336,61.586583,186.541744,8.406942,18.537454,1,-1,-1,-1,0.066712,0.052016,0.871364,0.236515
74,1335,-65.443248,116.799408,15.303892,7.991310,1,-1,-1,-1,0.008497,0.005012,0.199528,0.067518
74,1334,73.649840,71.609217,7.950509,18.961698,1,-1,-1,-1,0.004070,0.003467,0.173529,0.024859
74,1333,122.520004,130.879961,18.469993,7.749997,1,-1,-1,-1,0.003721,0.004232,0.199415,0.036662
74,1332,76.239891,190.360901,7.670033,16.989560,1,-1,-1,-1,0.003436,0.003830,0.244531,0.054318
75,1383,77.063882,246.309878,8.572265,18.108948,1,-1,-1,-1,0.164141,0.079468,2.015328,0.514329
75,1379,61.599972,215.673931,8.987088,19.112633,1,-1,-1,-1,0.281439,0.214661,2.047050,0.633114
75,1375,46.629670,273.693999,8.048980,18.588561,1,-1,-1,-1,0.439476,0.138939,2.051287,0.311887
75,1361,104.906573,84.498047,25.638714,11.256714,1,-1,-1,-1,0.926847,0.296238,1.713219,0.053914
75,1341,73.173143,42.382331,8.064971,16.721184,1,-1,-1,-1,0.322413,0.088514,1.350095,0.355321
75,1339,63.041541,242.456097,8.355287,20.872003,1,-1,-1,-1,0.345571,0.107865,1.328674,0.125371
75,1337,76.182214,217.513038,8.477335,17.342258,1,-1,-1,-1,0.282672,0.075287,1.328905,0.390148
75,1336,61.605570,186.232385,8.335894,18.344250,1,-1,-1,-1,0.098544,0.074480,1.056354,0.331998
75,1335,-61.025702,116.773009,15.348027,8.013797,1,-1,-1,-1,0.009198,0.005996,0.264984,0.085169
75,1334,73.650047,71.609892,7.950083,18.960210,1,-1,-1,-1,0.004193,0.003537,0.173654,0.025103
75,1333,122.520004,130.870039,18.469993,7.749997,1,-1,-1,-1,0.003402,0.003986,0.194543,0.034935
75,1332,76.249908,190.360688,7.669988,16.999494,1,-1,-1,-1,0.002958,0.002702,0.211050,0.047999
76,1383,77.250438,245.763476,8.251649,17.922647,1,-1,-1,-1,0.163303,0.082007,1.769114,0.517712
76,1379,61.605207,215.898213,8.998867,19.378402,1,-1,-1,-1,0.200018,0.160943,1.855985,0.492281
76,1375,58.455653,271.250279,7.973377,17.803436,1,-1,-1,-1,0.448331,0.115711,2.055453,0.717603
76,1361,104.934588,84.432884,25.301420,11.381355,1,-1,-1,-1,0.857873,0.249392,1.877933,0.306264
76,1341,73.714007,42.515598,7.756882,15.861052,1,-1,-1,-1,0.192325,0.191411,1.245214,0.615487
76,1339,63.102560,242.785974,8.358475,20.955765,1,-1,-1,-1,0.201357,0.066744,1.185555,0.073703
76,1337,76.160311,218.153060,8.640713,17.488578,1,-1,-1,-1,0.329631,0.089864,1.427343,0.419358
76,1336,61.645213,186.728765,8.280408,18.487211,1,-1,-1,-1,0.071999,0.057245,0.928118,0.262087
76,1335,-56.672495,116.687549,15.372675,7.975744,1,-1,-1,-1,0.011668,0.006301,0.274444,0.086069
76,1334,73.650190,71.620354,7.949763,18.969199,1,-1,-1,-1,0.003758,0.003266,0.167799,0.024142
76,1333,122.520003,130.870000,18.469993,7.749997,1,-1,-1,-1,0.003436,0.004026,0.194409,0.035615
76,1332,76.249395,190.348580,7.671094,16.973719,1,-1,-1,-1,0.002731,0.002545,0.206601,0.046187
77,1383,77.161081,247.013170,8.256616,18.364820,1,-1,-1,-1,0.182747,0.101447,1.712335,0.507919
77,1379,61.569006,215.632549,9.104941,18.817818,1,-1,-1,-1,0.258367,0.208807,2.077619,0.656928
77,1375,62.266352,270.898942,7.860995,17.615170,1,-1,-1,-1,0.295511,0.084451,1.892976,0.506807
77,1361,105.130230,84.466523,24.843516,11.452355,1,-1,-1,-1,0.906859,0.253878,2.064079,0.559999
77,1341,73.418382,43.232981,7.878005,16.067315,1,-1,-1,-1,0.181486,0.113060,1.379345,0.656244
77,1339,63.097801,242.849187,8.334691,21.145035,1,-1,-1,-1,0.189686,0.075960,1.080646,0.064449
77,1337,76.264975,217.464457,8.428134,17.431430,1,-1,-1,-1,0.281313,0.072583,1.334255,0.378890
77,1336,61.661723,187.249082,8.369957,18.806543,1,-1,-1,-1,0.084265,0.059979,0.901390,0.257207
77,1335,-52.222820,116.692024,15.303319,8.025329,1,-1,-1,-1,0.008667,0.005164,0.243769,0.074912
77,1334,73.650090,71.620053,7.949960,18.969898,1,-1,-1,-1,0.004030,0.003467,0.172043,0.025348
77,1333,122.520004,130.869999,18.469993,7.749997,1,-1,-1,-1,0.003758,0.004274,0.201023,0.037017
77,1332,76.239857,190.370373,7.670222,16.980056,1,-1,-1,-1,0.003172,0.003608,0.235428,0.052275
78,1383,77.150254,246.840819,8.268447,18.287282,1,-1,-1,-1,0.290748,0.184128,2.155051,0.761233
78,1379,61.688242,215.778516,8.885084,18.957183,1,-1,-1,-1,0.204651,0.159416,1.835278,0.533406
78,1375,63.055674,271.600727,8.181801,17.624739,1,-1,-1,-1,0.504221,0.142682,2.167493,0.678325
78,1361,104.979373,84.431064,24.794985,11.433256,1,-1,-1,-1,0.777697,0.213219,1.980320,0.449426
78,1341,73.721808,42.672943,7.701562,15.590194,1,-1,-1,-1,0.179692,0.167558,1.252902,0.647033
78,1339,63.040288,242.804307,8.384244,20.886820,1,-1,-1,-1,0.166324,0.064766,1.044019,0.094174
78,1337,76.371227,217.260642,8.338901,17.222375,1,-1,-1,-1,0.236917,0.062348,1.210580,0.346629
78,1336,61.513447,187.269688,8.331290,19.072081,1,-1,-1,-1,0.055174,0.045470,0.744048,0.199362
78,1335,-47.841236,116.636925,15.350250,7.976694,1,-1,-1,-1,0.009860,0.006239,0.271279,0.089222
78,1334,73.650180,71.620397,7.949753,18.979180,1,-1,-1,-1,0.003611,0.003170,0.164895,0.023675
78,1333,122.520003,130.879962,18.469993,7.749997,1,-1,-1,-1,0.003647,0.004148,0.197863,0.036312
78,1332,76.249926,190.370528,7.670000,16.989547,1,-1,-1,-1,0.002731,0.002545,0.205557,0.045756
79,1379,61.666133,216.521903,8.898752,19.030739,1,-1,-1,-1,0.277880,0.217644,1.998489,0.608951
79,1375,63.412815,271.832291,8.081328,18.148045,1,-1,-1,-1,0.350023,0.107597,1.970132,0.465441
79,1341,73.482964,43.156207,7.576609,15.349066,1,-1,-1,-1,0.192436,0.146555,1.240393,0.641701
79,1339,63.018363,242.562215,8.485929,20.650370,1,-1,-1,-1,0.205569,0.078111,1.144333,0.164773
79,1337,76.294534,217.754294,8.304374,17.337326,1,-1,-1,-1,0.266238,0.070448,1.283563,0.370812
79,1336,61.550400,187.378426,8.333456,19.114627,1,-1,-1,-1,0.091469,0.064048,0.886147,0.258528
79,1335,-43.449301,116.631933,15.337347,8.015717,1,-1,-1,-1,0.007468,0.004583,0.196310,0.064504
79,1334,73.659409,71.608615,7.941249,18.962890,1,-1,-1,-1,0.003540,0.003170,0.163336,0.023216
79,1333,122.520003,130.870039,18.469994,7.749997,1,-1,-1,-1,0.003402,0.003986,0.192851,0.034935
79,1332,76.250073,190.359702,7.679739,16.971278,1,-1,-1,-1,0.002843,0.002622,0.208146,0.046627
80,1379,61.682262,215.620229,8.801592,18.924995,1,-1,-1,-1,0.199894,0.144690,1.763340,0.500346
80,1375,63.654561,271.633129,7.953068,18.196981,1,-1,-1,-1,0.284454,0.080556,1.787193,0.387774
80,1341,73.842830,43.133228,7.559040,15.081970,1,-1,-1,-1,0.128524,0.100923,1.007899,0.517539
80,1339,63.065696,242.886790,8.326409,21.138997,1,-1,-1,-1,0.226705,0.084233,1.136141,0.062350
80,1337,76.283882,217.931864,8.415550,17.391712,1,-1,-1,-1,0.263189,0.075270,1.324516,0.378074
80,1336,61.652414,186.641822,8.326154,18.738709,1,-1,-1,-1,0.057338,0.047259,0.797106,0.222190
80,1335,-39.259478,116.599696,15.340409,8.010639,1,-1,-1,-1,0.007321,0.004537,0.192806,0.063813
80,1334,73.650640,71.621264,7.948853,18.977350,1,-1,-1,-1,0.003758,0.003233,0.166138,0.023906
80,1333,122.520486,130.880097,18.478996,7.749727,1,-1,-1,-1,0.003684,0.004190,0.199290,0.036661
80,1332,76.249326,190.359253,7.671299,16.971996,1,-1,-1,-1,0.002651,0.002520,0.203079,0.045310
81,1390,-153.021797,179.224443,8.152815,16.869074,1,-1,-1,-1,0.357513,0.249980,5.614636,1.072914
81,1379,61.942514,209.853993,8.729948,15.226340,1,-1,-1,-1,0.295648,0.138624,1.652201,0.744295
81,1375,63.455677,271.676730,8.063075,18.042549,1,-1,-1,-1,0.539276,0.178665,2.194750,0.687755
81,1341,73.598802,43.177524,7.644748,15.306710,1,-1,-1,-1,0.295755,0.237682,1.471733,0.797787
81,1339,63.078248,242.582542,8.394389,20.986320,1,-1,-1,-1,0.263658,0.093310,1.215262,0.118985
81,1337,76.103865,217.521896,8.501517,17.205194,1,-1,-1,-1,0.381569,0.108949,1.447526,0.469360
81,1336,61.667861,186.367142,8.444989,18.301494,1,-1,-1,-1,0.085752,0.065895,0.958957,0.293785
81,1335,-35.310175,116.548777,15.324026,7.992649,1,-1,-1,-1,0.005825,0.003947,0.178564,0.058621
81,1334,73.650124,71.620191,7.949841,18.979623,1,-1,-1,-1,0.003834,0.003299,0.169070,0.023907
81,1333,122.520068,130.880027,18.479867,7.749949,1,-1,-1,-1,0.003470,0.004066,0.194508,0.035962
81,1332,76.249741,190.359764,7.670445,16.970944,1,-1,-1,-1,0.002900,0.002622,0.211539,0.047525
82,1383,77.135822,247.173980,8.442092,18.174172,1,-1,-1,-1,0.147769,0.077717,1.857203,0.484309
82,1379,61.965544,215.116653,8.529746,16.724806,1,-1,-1,-1,0.284462,0.192871,1.863788,0.615558
82,1375,63.550220,271.968901,8.003022,18.339225,1,-1,-1,-1,0.340634,0.094811,1.917569,0.442918
82,1361,104.996984,84.658003,25.511987,11.362856,1,-1,-1,-1,1.010202,0.310894,1.987775,0.049524
82,1341,73.656674,42.985576,7.572499,15.483014,1,-1,-1,-1,0.202008,0.182330,1.434272,0.722973
82,1339,63.013483,242.327469,8.487181,20.617979,1,-1,-1,-1,0.260948,0.080481,1.262335,0.200420
82,1337,76.208851,217.377257,8.460596,17.166189,1,-1,-1,-1,0.302463,0.078332,1.339396,0.396675
82,1336,61.564498,187.341185,8.273942,18.907216,1,-1,-1,-1,0.062442,0.050543,0.795074,0.221423
82,1335,-31.607826,116.519280,15.321628,7.981448,1,-1,-1,-1,0.005941,0.003986,0.179762,0.060289
82,1334,73.649925,71.619615,7.950236,18.970808,1,-1,-1,-1,0.004152,0.003502,0.173527,0.025102
82,1333,122.519534,130.879872,18.470968,7.750259,1,-1,-1,-1,0.003540,0.004107,0.196016,0.036310
82,1332,76.249954,190.370366,7.670027,16.979618,1,-1,-1,-1,0.002787,0.002571,0.206581,0.046187
83,1383,76.926101,247.027063,8.410898,18.478344,1,-1,-1,-1,0.198320,0.116148,1.805587,0.551720
83,1379,61.910888,215.915941,8.524244,18.131670,1,-1,-1,-1,0.178652,0.154972,1.726769,0.463779
83,1375,63.456340,273.288192,8.294155,19.332931,1,-1,-1,-1,0.295763,0.114212,1.651280,0.253336
83,1341,73.649775,42.802687,7.592613,15.345753,1,-1,-1,-1,0.183278,0.164612,1.298100,0.628766
83,1339,63.024246,242.950834,8.355305,21.110838,1,-1,-1,-1,0.187761,0.078926,1.092295,0.069292
83,1337,76.280232,217.249960,8.354001,17.097268,1,-1,-1,-1,0.268980,0.071182,1.265084,0.380015
83,1336,61.826008,187.695333,8.079985,19.676507,1,-1,-1,-1,0.061778,0.035362,0.560703,0.078372
83,1335,-28.186150,116.490355,15.319475,7.989230,1,-1,-1,-1,0.005067,0.003572,0.170805,0.055903
83,1334,73.659860,71.609588,7.950283,18.960913,1,-1,-1,-1,0.003684,0.003233,0.166333,0.023675
83,1333,122.519935,130.870014,18.470130,7.750050,1,-1,-1,-1,0.003505,0.004107,0.196051,0.035962
83,1332,76.240350,190.381763,7.669289,17.006871,1,-1,-1,-1,0.003402,0.003792,0.239213,0.053277
84,1383,76.917514,246.454326,8.637786,18.241282,1,-1,-1,-1,0.521798,0.360018,2.627047,1.103405
84,1379,61.829991,215.891858,8.613368,18.549929,1,-1,-1,-1,0.237242,0.199973,1.887203,0.576566
84,1375,63.338107,271.555129,8.247762,18.861225,1,-1,-1,-1,0.500948,0.157697,2.010831,0.584188
84,1341,73.805690,42.760464,7.572155,15.440768,1,-1,-1,-1,0.259598,0.158624,1.420077,0.730073
84,1339,63.048394,242.868735,8.390317,21.045331,1,-1,-1,-1,0.226089,0.078183,1.158409,0.030831
84,1337,76.333948,217.428198,8.354338,17.128438,1,-1,-1,-1,0.226815,0.061172,1.197037,0.338970
84,1336,61.554006,187.169468,8.282363,19.192754,1,-1,-1,-1,0.088197,0.062222,0.828473,0.248577
84,1335,-25.053174,116.459886,15.347682,7.980240,1,-1,-1,-1,0.006370,0.004148,0.185759,0.060851
84,1334,73.650170,71.620308,7.949798,18.969289,1,-1,-1,-1,0.003721,0.003266,0.166185,0.023906
84,1333,122.519992,130.869995,18.470015,7.750006,1,-1,-1,-1,0.003236,0.003869,0.187963,0.034266
84,1332,76.249238,190.357661,7.671422,16.965223,1,-1,-1,-1,0.002625,0.002470,0.203913,0.045322
85,1383,76.164277,245.719268,10.094394,16.503130,1,-1,-1,-1,0.135127,0.057314,2.363628,0.602158
85,1379,61.726337,216.032145,8.884078,19.068613,1,-1,-1,-1,0.195522,0.148351,1.761112,0.517816
85,1375,63.347573,271.721125,8.209057,18.783614,1,-1,-1,-1,0.484357,0.141293,2.105747,0.457895
85,1341,73.791197,42.733873,7.515569,15.077463,1,-1,-1,-1,0.172043,0.111743,1.114684,0.563318
85,1339,62.936040,242.194324,8.553626,20.484239,1,-1,-1,-1,0.159786,0.064774,1.111826,0.198998
85,1337,76.165358,217.466453,8.434683,17.063781,1,-1,-1,-1,0.292478,0.081059,1.278163,0.397604
85,1336,61.904775,187.723176,8.109531,19.404262,1,-1,-1,-1,0.066728,0.036068,0.649745,0.140899
85,1335,-22.161899,116.460791,15.339024,7.998059,1,-1,-1,-1,0.007321,0.004583,0.194132,0.063800
85,1334,73.650046,71.610074,7.949966,18.969912,1,-1,-1,-1,0.003721,0.003233,0.167613,0.024378
85,1333,122.520001,130.879961,18.469997,7.749999,1,-1,-1,-1,0.003611,0.004190,0.197473,0.036660
85,1332,76.249857,190.370030,7.670239,16.970176,1,-1,-1,-1,0.002731,0.002571,0.206344,0.046626
86,1383,76.621682,246.966076,9.396483,17.447053,1,-1,-1,-1,0.351698,0.224632,2.640904,0.868480
86,1379,61.721006,216.405475,8.791854,18.932201,1,-1,-1,-1,0.173865,0.135000,1.621061,0.477981
86,1375,63.599400,270.161375,8.008751,17.936182,1,-1,-1,-1,0.246828,0.082247,1.865234,0.635801
86,1361,104.922097,84.482690,25.542672,11.345590,1,-1,-1,-1,1.091826,0.317969,2.139365,0.209622
86,1341,73.806192,43.028371,7.517631,15.232823,1,-1,-1,-1,0.120416,0.110300,1.008395,0.495845
86,1339,63.062378,242.982057,8.334646,21.182509,1,-1,-1,-1,0.207106,0.084153,1.045449,0.043002
86,1337,76.298044,217.199120,8.292269,17.020625,1,-1,-1,-1,0.212586,0.060052,1.165438,0.340021
86,1336,61.607294,187.275656,8.222620,19.165364,1,-1,-1,-1,0.057818,0.047204,0.718680,0.206130
86,1335,-19.531906,116.386385,15.356148,7.947933,1,-1,-1,-1,0.009571,0.005537,0.254419,0.079821
86,1334,73.650028,71.619975,7.949995,18.969989,1,-1,-1,-1,0.003647,0.003201,0.166205,0.023674
86,1333,122.520003,130.880003,18.469995,7.749998,1,-1,-1,-1,0.003436,0.004026,0.194438,0.035617
86,1332,76.250647,190.371584,7.678639,16.987067,1,-1,-1,-1,0.002704,0.002545,0.204699,0.045310
87,1379,61.893022,215.965192,8.705179,19.045250,1,-1,-1,-1,0.197271,0.148659,1.606007,0.486928
87,1375,63.333829,270.289340,7.951213,17.555188,1,-1,-1,-1,0.361026,0.099501,1.925812,0.768027
87,1361,104.786090,84.439842,25.616870,11.256804,1,-1,-1,-1,0.993680,0.289824,2.026684,0.128448
87,1341,73.960751,43.009514,7.585160,15.007394,1,-1,-1,-1,0.139605,0.113338,0.994113,0.535990
87,1339,63.059002,242.546151,8.338828,21.023942,1,-1,-1,-1,0.246265,0.085056,1.143787,0.091469
87,1337,76.439020,217.078155,8.257877,16.881519,1,-1,-1,-1,0.250530,0.065943,1.135576,0.346683
87,1336,61.619199,186.634800,8.267181,18.739329,1,-1,-1,-1,0.069827,0.055559,0.843939,0.252794
87,1335,-17.170495,116.414790,15.403875,7.999569,1,-1,-1,-1,0.008929,0.005216,0.252948,0.076288
87,1334,73.649897,71.609612,7.950261,18.960877,1,-1,-1,-1,0.004452,0.003644,0.177936,0.026100
87,1333,122.519524,130.869906,18.460983,7.750265,1,-1,-1,-1,0.003575,0.004148,0.197641,0.036310
87,1332,76.248505,190.357181,7.663004,16.966018,1,-1,-1,-1,0.002843,0.002596,0.208079,0.046626
88,1392,188.900260,131.601589,16.305465,8.301093,1,-1,-1,-1,0.157452,0.124610,2.046341,0.651299
88,1379,62.437011,214.003899,8.553579,18.227307,1,-1,-1,-1,0.383853,0.392196,2.007047,0.902067
88,1375,63.324205,271.222355,7.853555,17.794438,1,-1,-1,-1,0.237351,0.072625,1.679172,0.461775
88,1341,73.709621,43.138405,7.538642,15.275709,1,-1,-1,-1,0.310351,0.217777,1.446411,0.814345
88,1339,62.979453,242.134135,8.524408,20.487793,1,-1,-1,-1,0.192378,0.071884,1.167866,0.219834
88,1337,76.261027,218.048876,8.376524,17.181171,1,-1,-1,-1,0.252037,0.075956,1.288905,0.373509
88,1336,61.658608,186.975961,8.343417,18.785728,1,-1,-1,-1,0.069877,0.056650,0.849246,0.244785
88,1335,-15.068139,116.400627,15.408232,8.008595,1,-1,-1,-1,0.007770,0.004722,0.238990,0.072126
88,1334,73.650124,71.620312,7.949796,18.969281,1,-1,-1,-1,0.003911,0.003332,0.167843,0.024379
88,1333,122.520408,130.880070,18.469150,7.749783,1,-1,-1,-1,0.003436,0.004066,0.194434,0.035616
88,1332,76.250425,190.371037,7.669092,16.978054,1,-1,-1,-1,0.002573,0.002470,0.201350,0.045310
89,1392,188.306981,131.668215,16.904643,8.045124,1,-1,-1,-1,0.147589,0.115138,1.961202,0.595925
89,1379,62.441015,213.327301,8.254224,17.435662,1,-1,-1,-1,0.312476,0.214819,1.926779,0.878461
89,1375,63.218814,270.810080,8.008431,17.478689,1,-1,-1,-1,0.547713,0.169535,2.125440,0.903138
89,1341,73.702798,42.972561,7.580314,15.039649,1,-1,-1,-1,0.239861,0.252633,1.412481,0.769581
89,1339,63.026732,242.456304,8.425054,20.786628,1,-1,-1,-1,0.239709,0.083417,1.202312,0.129717
89,1337,76.186549,218.529480,8.456118,17.551490,1,-1,-1,-1,0.286909,0.081902,1.421400,0.397764
89,1336,61.615295,186.140425,8.357691,18.276710,1,-1,-1,-1,0.098570,0.075203,1.061782,0.339954
89,1335,-13.203243,116.379295,15.365772,8.011367,1,-1,-1,-1,0.006370,0.004107,0.219738,0.066285
89,1334,73.649911,71.609667,7.950219,18.960762,1,-1,-1,-1,0.004070,0.003467,0.173477,0.025103
89,1333,122.520063,130.880025,18.469875,7.749952,1,-1,-1,-1,0.003758,0.004232,0.200965,0.037017
89,1332,76.249946,190.370071,7.670071,16.980161,1,-1,-1,-1,0.003236,0.003681,0.237053,0.053275
90,1392,159.270454,129.744301,16.906983,8.213966,1,-1,-1,-1,0.277794,0.212415,2.235610,0.822919
90,1379,62.980185,213.222303,7.933406,16.780954,1,-1,-1,-1,0.226168,0.198180,1.669195,0.790027
90,1375,63.518649,271.321912,7.891573,17.623932,1,-1,-1,-1,0.478274,0.118133,2.151885,0.655556
90,1341,73.863270,43.160231,7.751285,15.024318,1,-1,-1,-1,0.180920,0.146433,1.254133,0.688704
90,1339,63.041684,242.593875,8.454852,20.800467,1,-1,-1,-1,0.198953,0.077478,1.150818,0.129770
90,1337,76.129394,217.644502,8.547705,17.343866,1,-1,-1,-1,0.337602,0.087444,1.404065,0.425948
90,1336,61.721017,186.394130,8.473304,18.107849,1,-1,-1,-1,0.088436,0.067258,1.032828,0.297803
90,1335,-11.629357,116.370873,15.368088,8.028070,1,-1,-1,-1,0.006001,0.004026,0.183767,0.060313
90,1334,73.650121,71.620316,7.949792,18.969276,1,-1,-1,-1,0.003647,0.003201,0.164885,0.023907
90,1333,122.520012,130.880007,18.469975,7.749990,1,-1,-1,-1,0.003684,0.004190,0.199469,0.036312
90,1332,76.249500,190.358450,7.670976,16.953373,1,-1,-1,-1,0.002305,0.002280,0.193787,0.042790
91,1379,62.928789,212.473303,7.784686,16.132380,1,-1,-1,-1,0.294752,0.270742,1.725739,0.911925
91,1361,104.644593,84.228334,25.379554,11.124869,1,-1,-1,-1,0.896291,0.266857,2.031300,0.231264
91,1341,73.775761,43.003291,7.559048,15.308054,1,-1,-1,-1,0.166157,0.142386,1.227754,0.620214
91,1339,63.096442,242.923852,8.312280,21.145042,1,-1,-1,-1,0.204770,0.075303,1.092776,0.039725
91,1337,76.432710,215.428585,8.446333,16.488492,1,-1,-1,-1,0.223033,0.171354,1.458011,0.697002
91,1336,61.691364,186.573788,7.975314,18.832257,1,-1,-1,-1,0.107194,0.054044,0.937605,0.174720
91,1335,-10.239372,116.369466,15.370765,8.020929,1,-1,-1,-1,0.006761,0.004317,0.190822,0.062023
91,1334,73.650033,71.620046,7.949965,18.969911,1,-1,-1,-1,0.003647,0.003201,0.166135,0.023907
91,1333,122.520004,130.870040,18.469992,7.749996,1,-1,-1,-1,0.003470,0.004066,0.194471,0.035616
91,1332,76.241352,190.393832,7.677296,17.002169,1,-1,-1,-1,0.003269,0.003718,0.234848,0.052267
92,1379,63.163018,213.408485,7.582236,15.830483,1,-1,-1,-1,0.090319,0.065343,0.945225,0.419830
92,1361,105.100539,84.504508,25.190581,11.266200,1,-1,-1,-1,1.075849,0.333500,2.187300,0.281080
92,1341,73.574396,43.322890,7.689028,15.449602,1,-1,-1,-1,0.277981,0.265807,1.582273,0.841470
92,1339,63.049244,242.955135,8.358048,21.113523,1,-1,-1,-1,0.183343,0.065379,1.034987,0.025606
92,1337,76.281833,217.783316,8.377877,17.030948,1,-1,-1,-1,0.330746,0.083951,1.434331,0.440284
92,1336,61.801346,186.408414,8.130711,18.747112,1,-1,-1,-1,0.050188,0.043743,0.767438,0.205507
92,1335,-9.011350,116.349518,15.343490,8.020956,1,-1,-1,-1,0.006370,0.004148,0.184654,0.060871
92,1334,73.650018,71.620007,7.949995,18.969988,1,-1,-1,-1,0.003990,0.003433,0.170490,0.024617
92,1333,122.520003,130.869999,18.469994,7.749998,1,-1,-1,-1,0.003647,0.004148,0.199283,0.036310
92,1332,76.239248,190.378628,7.671503,16.993128,1,-1,-1,-1,0.003236,0.003718,0.236381,0.053293
93,1397,184.430082,131.211343,16.749919,8.008308,1,-1,-1,-1,0.256902,0.210773,3.288935,0.741158
93,1379,63.194322,213.662527,7.556641,16.280013,1,-1,-1,-1,0.087567,0.055080,0.922011,0.390139
93,1361,104.903338,84.581325,25.224605,11.325669,1,-1,-1,-1,1.008506,0.290545,2.133952,0.215614
93,1341,73.909378,42.999207,7.598205,15.129711,1,-1,-1,-1,0.176968,0.122314,1.198734,0.594586
93,1339,62.932993,242.204836,8.574553,20.509910,1,-1,-1,-1,0.127267,0.061154,1.010399,0.167288
93,1337,76.235517,217.696151,8.454257,17.164269,1,-1,-1,-1,0.297721,0.076043,1.352617,0.394525
93,1336,61.751170,185.980252,8.160666,19.169764,1,-1,-1,-1,0.037148,0.033681,0.592990,0.165662
93,1335,-7.990866,116.349669,15.331623,8.020509,1,-1,-1,-1,0.006001,0.004026,0.181399,0.059169
93,1334,73.650013,71.620002,7.950000,18.969999,1,-1,-1,-1,0.003721,0.003233,0.164818,0.023907
93,1333,122.520003,130.879962,18.469995,7.749998,1,-1,-1,-1,0.003647,0.004148,0.199412,0.036311
93,1332,76.258418,190.357265,7.653087,16.975760,1,-1,-1,-1,0.002871,0.002596,0.207237,0.046641
94,1397,182.637540,131.252787,16.542533,8.504909,1,-1,-1,-1,0.237226,0.197121,2.687837,0.803449
94,1379,62.893263,212.582960,7.590889,16.151912,1,-1,-1,-1,0.140339,0.122266,1.145162,0.551420
94,1375,63.544923,271.823624,7.971263,18.017198,1,-1,-1,-1,0.353198,0.098758,1.869061,0.447127
94,1361,104.749857,84.516410,25.325677,11.324780,1,-1,-1,-1,1.090565,0.353396,2.251406,0.222626
94,1341,73.799549,42.983554,7.588335,15.072571,1,-1,-1,-1,0.229478,0.156471,1.266629,0.652769
94,1339,62.979557,242.176229,8.557176,20.457090,1,-1,-1,-1,0.170923,0.070443,1.086349,0.185760
94,1337,76.377603,215.830964,8.637148,16.609298,1,-1,-1,-1,0.370474,0.287576,1.766589,0.927923
94,1336,61.769990,184.682856,8.206338,19.011887,1,-1,-1,-1,0.056644,0.049043,0.731501,0.219108
94,1335,-7.120994,116.329058,15.341127,8.001961,1,-1,-1,-1,0.005883,0.003947,0.179786,0.058607
94,1334,73.650012,71.620001,7.950000,18.970001,1,-1,-1,-1,0.004030,0.003467,0.173396,0.024378
94,1333,122.520003,130.870041,18.469995,7.749998,1,-1,-1,-1,0.003684,0.004232,0.199412,0.036311
94,1332,76.259306,190.358137,7.651367,16.953956,1,-1,-1,-1,0.003018,0.003502,0.229693,0.051292
95,1397,181.437396,131.757028,16.424932,8.761444,1,-1,-1,-1,0.328515,0.269307,2.918810,0.937920
95,1383,77.060530,245.867572,8.345875,18.282709,1,-1,-1,-1,0.393287,0.266539,2.745829,1.014261
95,1379,62.773990,211.589972,7.656940,15.989097,1,-1,-1,-1,0.136209,0.118724,1.162536,0.560736
95,1375,63.586904,271.118173,7.936461,17.325370,1,-1,-1,-1,0.315922,0.088366,1.764818,0.662368
95,1361,105.022451,84.700773,25.393057,11.398282,1,-1,-1,-1,1.040820,0.328433,2.051314,0.060753
95,1341,73.747969,42.786269,7.486826,15.200016,1,-1,-1,-1,0.177597,0.154357,1.242519,0.642570
95,1339,62.983550,241.879822,8.439221,20.374517,1,-1,-1,-1,0.259035,0.068520,1.390025,0.155576
95,1337,76.641136,215.589488,8.284664,16.154128,1,-1,-1,-1,0.235606,0.201673,1.629574,0.798645
95,1336,61.741181,183.077036,8.202129,19.356081,1,-1,-1,-1,0.061759,0.053485,0.746084,0.183880
95,1335,-6.379175,116.319167,15.341690,7.991625,1,-1,-1,-1,0.007321,0.004583,0.226836,0.069406
95,1334,73.650010,71.620001,7.950000,18.970001,1,-1,-1,-1,0.003684,0.003233,0.164871,0.023674
95,1333,122.547371,130.869322,18.435133,7.751349,1,-1,-1,-1,0.006966,0.006177,0.254599,0.049825
95,1332,76.260554,190.361231,7.658855,16.967593,1,-1,-1,-1,0.002522,0.002421,0.200224,0.044459
96,1397,181.926627,133.435960,17.838349,9.023293,1,-1,-1,-1,0.158401,0.111996,2.116830,0.448033
96,1383,76.346885,243.187447,10.024893,14.932222,1,-1,-1,-1,0.116780,0.061105,2.831378,0.727520
96,1379,63.063739,210.291180,7.695797,15.789669,1,-1,-1,-1,0.159622,0.141971,1.228506,0.594704
96,1361,105.263494,84.892573,25.309298,11.641466,1,-1,-1,-1,1.204071,0.428201,2.127749,0.054337
96,1341,73.611374,42.965467,7.525561,15.122531,1,-1,-1,-1,0.187503,0.188398,1.252308,0.652786
96,1339,63.068990,242.587637,8.277894,20.983847,1,-1,-1,-1,0.217176,0.081101,1.143863,0.062324
96,1337,76.314481,218.314742,8.434263,16.944184,1,-1,-1,-1,0.354841,0.100379,1.588213,0.470755
96,1336,61.809155,181.690210,8.307763,19.553440,1,-1,-1,-1,0.067261,0.036763,0.630630,0.129299
96,1335,-5.778149,116.320819,15.338595,8.008125,1,-1,-1,-1,0.007106,0.004448,0.191887,0.063233
96,1334,73.659343,71.598582,7.941299,18.953011,1,-1,-1,-1,0.003647,0.003201,0.164700,0.023906
96,1333,122.521606,130.870383,18.466859,7.749229,1,-1,-1,-1,0.003575,0.004107,0.197505,0.035978
96,1332,76.259625,190.369872,7.650761,16.980285,1,-1,-1,-1,0.002731,0.002545,0.202787,0.045741
97,1397,180.203142,131.462558,16.306761,8.682305,1,-1,-1,-1,0.266543,0.245268,1.838926,0.767340
97,1379,62.724747,209.608434,7.434551,15.884724,1,-1,-1,-1,0.077165,0.056873,0.850792,0.372932
97,1361,105.086113,84.382339,25.141593,11.482703,1,-1,-1,-1,0.956082,0.262277,2.120258,0.417334
97,1341,73.703801,43.088742,7.533884,15.131995,1,-1,-1,-1,0.199316,0.133095,1.226643,0.626934
97,1339,62.929252,240.963874,8.365771,20.455627,1,-1,-1,-1,0.217777,0.080417,1.205064,0.162650
97,1337,76.561185,216.555483,8.249799,16.548217,1,-1,-1,-1,0.427957,0.413516,1.940784,0.967709
97,1336,61.574958,179.410273,8.424291,19.547724,1,-1,-1,-1,0.096756,0.071000,0.855058,0.261089
97,1335,-5.257575,116.309922,15.366804,8.000138,1,-1,-1,-1,0.007321,0.005113,0.246309,0.078353
97,1334,73.650577,71.621186,7.948895,18.967449,1,-1,-1,-1,0.003470,0.003076,0.160487,0.022990
97,1333,122.520707,130.880180,18.478553,7.749561,1,-1,-1,-1,0.003721,0.004232,0.201022,0.036662
97,1332,76.258690,190.357070,7.642636,16.956199,1,-1,-1,-1,0.003834,0.004107,0.250731,0.057470
98,1397,180.395619,131.280879,16.002280,8.696161,1,-1,-1,-1,0.234049,0.210443,1.862683,0.817760
98,1379,62.907492,208.371177,7.522722,15.969689,1,-1,-1,-1,0.097728,0.059411,0.865719,0.392089
98,1361,104.926617,84.452390,25.164694,11.448832,1,-1,-1,-1,0.852038,0.246119,2.035761,0.323373
98,1341,73.848476,42.868573,7.527316,15.053166,1,-1,-1,-1,0.249995,0.250941,1.374744,0.770121
98,1339,62.899292,239.461544,8.392805,20.086222,1,-1,-1,-1,0.298940,0.090734,1.461196,0.224384
98,1337,76.365499,217.657112,8.366592,16.908726,1,-1,-1,-1,0.388516,0.096928,1.582575,0.474348
98,1336,61.562671,176.753546,8.481957,19.540306,1,-1,-1,-1,0.084410,0.064139,0.869797,0.251079
98,1335,-4.838792,116.310572,15.377809,8.008684,1,-1,-1,-1,0.007036,0.004448,0.195634,0.063264
98,1334,73.650207,71.620576,7.949602,18.978822,1,-1,-1,-1,0.003647,0.003201,0.164608,0.023444
98,1333,122.519630,130.879909,18.470774,7.750185,1,-1,-1,-1,0.003575,0.004148,0.196129,0.035962
98,1332,76.269480,190.370260,7.630986,16.979419,1,-1,-1,-1,0.003721,0.003986,0.250716,0.056427
99,1397,179.985987,131.174680,16.599604,8.591818,1,-1,-1,-1,0.202547,0.156454,1.870628,0.653466
99,1379,62.706692,206.820180,7.535105,15.761404,1,-1,-1,-1,0.079078,0.049571,0.742032,0.324523
99,1361,105.102910,84.770607,25.374553,11.596651,1,-1,-1,-1,0.967962,0.317161,1.844893,0.042321
99,1341,73.826307,43.142281,7.612249,15.051416,1,-1,-1,-1,0.305504,0.335015,1.604555,0.915573
99,1337,76.318871,217.833428,8.510153,17.147183,1,-1,-1,-1,0.333139,0.079008,1.395750,0.394144
99,1336,61.546244,173.376324,8.555310,19.589466,1,-1,-1,-1,0.062438,0.055077,0.783988,0.170874
99,1335,-4.472157,116.298562,15.373574,7.992923,1,-1,-1,-1,0.007106,0.004963,0.244499,0.077631
99,1334,73.650036,71.620075,7.949942,18.979856,1,-1,-1,-1,0.003721,0.003233,0.166111,0.023906
99,1333,122.519949,130.870019,18.470100,7.750037,1,-1,-1,-1,0.003436,0.004026,0.194357,0.035616
99,1332,76.271996,190.415357,7.645953,17.058991,1,-1,-1,-1,0.002522,0.002421,0.197400,0.043208
100,1397,179.495779,130.936680,16.145294,8.449102,1,-1,-1,-1,0.153426,0.112222,1.368711,0.515150
100,1383,76.877417,246.932505,8.528966,18.521455,1,-1,-1,-1,0.249909,0.199410,2.265576,0.652153
100,1379,62.794715,203.822008,7.462319,15.810234,1,-1,-1,-1,0.077520,0.059389,0.778771,0.371784
100,1361,104.671144,84.614651,25.626240,11.442850,1,-1,-1,-1,0.859781,0.258543,1.745801,0.066168
100,1341,73.641566,43.151149,7.575719,15.080663,1,-1,-1,-1,0.227898,0.254919,1.474677,0.843405
100,1337,76.117400,218.018909,8.678794,17.263971,1,-1,-1,-1,0.416745,0.113015,1.546633,0.496479
100,1336,61.574104,169.768757,8.389489,19.527091,1,-1,-1,-1,0.074591,0.058288,0.822316,0.221079
100,1335,-4.169876,116.289857,15.379653,7.990243,1,-1,-1,-1,0.007770,0.004817,0.238624,0.072808
100,1334,73.650008,71.620007,7.949996,18.979990,1,-1,-1,-1,0.003647,0.003170,0.164716,0.023907
100,1333,122.519994,130.879958,18.470012,7.750005,1,-1,-1,-1,0.003575,0.004148,0.195945,0.035961
100,1332,76.270385,190.411157,7.649225,17.077768,1,-1,-1,-1,0.002547,0.002470,0.194388,0.043601
