1,1969,78.780000,-5.640000,7.740000,16.710000,1,-1,-1,-1,10.000000,10.000000,10.000000,10.000000
1,1968,78.390000,48.220000,8.560000,17.330000,1,-1,-1,-1,10.000000,10.000000,10.000000,10.000000
1,1967,79.460000,-32.760000,7.510000,15.340000,1,-1,-1,-1,10.000000,10.000000,10.000000,10.000000
1,1966,77.530000,79.930000,8.840000,17.920000,1,-1,-1,-1,10.000000,10.000000,10.000000,10.000000
1,1965,-227.910000,129.820000,19.630000,9.100000,1,-1,-1,-1,10.000000,10.000000,10.000000,10.000000
1,1964,46.400000,131.130000,16.180000,8.000000,1,-1,-1,-1,10.000000,10.000000,10.000000,10.000000
1,1963,157.790000,-123.770000,21.280000,12.460000,1,-1,-1,-1,10.000000,10.000000,10.000000,10.000000
1,1962,-149.280000,229.230000,8.510000,16.500000,1,-1,-1,-1,10.000000,10.000000,10.000000,10.000000
1,1961,-206.350000,115.150000,15.970000,7.950000,1,-1,-1,-1,10.000000,10.000000,10.000000,10.000000
1,1960,127.370000,129.960000,8.830000,5.930000,1,-1,-1,-1,10.000000,10.000000,10.000000,10.000000
1,1959,-148.320000,182.930000,7.710000,16.180000,1,-1,-1,-1,10.000000,10.000000,10.000000,10.000000
1,1958,65.310000,-25.710000,7.300000,14.900000,1,-1,-1,-1,10.000000,10.000000,10.000000,10.000000
2,1975,-133.600000,50.550000,8.570000,17.070000,1,-1,-1,-1,10.000000,10.000000,10.000000,10.000000
2,1974,168.320000,-111.600000,17.450000,8.750000,1,-1,-1,-1,10.000000,10.000000,10.000000,10.000000
2,1973,-103.210000,130.680000,9.060000,6.340000,1,-1,-1,-1,10.000000,10.000000,10.000000,10.000000
2,1972,83.800000,-163.640000,7.900000,18.740000,1,-1,-1,-1,10.000000,10.000000,10.000000,10.000000
2,1971,134.340000,-126.430000,16.710000,8.180000,1,-1,-1,-1,10.000000,10.000000,10.000000,10.000000
2,1970,68.970000,-35.330000,7.330000,14.930000,1,-1,-1,-1,10.000000,10.000000,10.000000,10.000000
2,1968,81.895955,50.089619,8.337675,17.800713,1,-1,-1,-1,0.612320,0.115173,5.845579,1.191677
2,1966,81.865054,79.619532,8.249672,17.110957,1,-1,-1,-1,0.272405,0.152388,4.981704,0.986191
2,1965,-243.505691,116.161637,16.852169,8.967212,1,-1,-1,-1,0.232129,0.177050,3.919164,1.458971
2,1964,43.751967,130.959041,15.946110,7.701920,1,-1,-1,-1,0.078831,0.024939,1.006188,0.229678
2,1963,161.234265,-124.997617,20.901359,10.805269,1,-1,-1,-1,0.171966,0.085323,2.575420,0.255764
2,1962,-145.671843,229.673434,8.653396,16.993120,1,-1,-1,-1,0.394365,0.081977,2.707429,0.643850
2,1961,-202.244208,115.242138,15.538351,7.995723,1,-1,-1,-1,0.083706,0.056061,1.253757,0.339157
2,1960,127.370000,129.950000,8.830000,5.930000,1,-1,-1,-1,0.034720,0.009083,0.028618,0.070202
2,1959,-144.700118,182.960242,7.670230,16.229515,1,-1,-1,-1,0.008392,0.004935,0.366496,0.079088
3,1979,26.120000,117.090000,16.260000,7.930000,1,-1,-1,-1,10.000000,10.000000,10.000000,10.000000
3,1978,-65.730000,130.350000,17.180000,7.760000,1,-1,-1,-1,10.000000,10.000000,10.000000,10.000000
3,1977,-230.100000,114.860000,9.200000,6.470000,1,-1,-1,-1,10.000000,10.000000,10.000000,10.000000
3,1976,72.350000,-44.240000,7.330000,14.900000,1,-1,-1,-1,10.000000,10.000000,10.000000,10.000000
3,1975,-130.154706,55.650322,7.999086,16.869236,1,-1,-1,-1,0.516598,0.121078,5.616500,1.202344
3,1973,-104.349966,130.663245,6.010236,4.933569,1,-1,-1,-1,0.570926,0.410103,0.688115,1.458971
3,1972,72.985493,-166.468582,8.149568,15.287214,1,-1,-1,-1,0.259120,0.054951,1.192618,0.380901
3,1971,137.871618,-126.346014,16.186543,8.022028,1,-1,-1,-1,0.339435,0.356528,5.560645,1.536586
3,1966,84.684064,79.851748,8.337674,17.905295,1,-1,-1,-1,0.196795,0.144735,3.585856,0.547474
3,1963,164.841211,-124.597936,21.024945,11.160995,1,-1,-1,-1,0.189104,0.104371,2.855146,0.271545
3,1962,-142.265183,229.381138,8.194098,16.380931,1,-1,-1,-1,0.315389,0.062887,1.761043,0.408378
3,1961,-199.403992,115.354708,15.674682,8.040347,1,-1,-1,-1,0.104461,0.071563,1.497837,0.333936
3,1960,127.370000,129.949993,8.830000,5.930000,1,-1,-1,-1,0.032287,0.008808,0.027433,0.066277
3,1959,-141.379843,182.940037,7.660081,16.210014,1,-1,-1,-1,0.008471,0.006271,0.367358,0.079906
4,1966,88.148703,80.080978,8.639319,19.503091,1,-1,-1,-1,0.157490,0.080196,2.133632,0.359139
4,1963,168.418920,-124.854395,20.824050,10.776170,1,-1,-1,-1,0.338437,0.179048,3.586324,0.354562
4,1962,-138.693892,230.064423,8.270218,16.973588,1,-1,-1,-1,0.348802,0.064511,1.910776,0.383661
4,1961,-195.580830,115.328758,15.602502,8.001922,1,-1,-1,-1,0.085660,0.057415,1.117736,0.286107
4,1960,127.340616,129.949912,8.839610,5.930167,1,-1,-1,-1,0.034825,0.009223,0.028501,0.068151
4,1959,-137.919649,182.887176,7.678289,16.106028,1,-1,-1,-1,0.007564,0.004500,0.299646,0.068848
5,1975,-123.369998,63.724076,7.695046,16.382341,1,-1,-1,-1,0.256131,0.069809,3.045642,0.622000
5,1972,95.202217,-162.865917,7.625932,15.256862,1,-1,-1,-1,0.366030,0.078252,2.434070,0.584506
5,1971,144.757791,-126.099649,16.349667,8.373548,1,-1,-1,-1,0.523793,0.423146,6.402034,1.100649
5,1966,91.545654,80.004036,8.734793,19.431012,1,-1,-1,-1,0.096088,0.046465,1.321642,0.250623
5,1963,191.300736,-126.236813,19.653269,9.754238,1,-1,-1,-1,0.431667,0.259783,4.910190,0.767014
5,1962,-135.031692,230.057533,8.080798,17.417275,1,-1,-1,-1,0.380305,0.068974,2.046106,0.404310
5,1961,-192.247664,115.211793,15.659231,7.851128,1,-1,-1,-1,0.116315,0.080308,1.299121,0.373975
5,1960,127.339754,129.959919,8.840021,5.930040,1,-1,-1,-1,0.032033,0.008764,0.027282,0.065037
5,1959,-134.330101,182.935246,7.658766,16.188480,1,-1,-1,-1,0.006070,0.005069,0.288508,0.071423
6,1975,-121.209569,73.374037,7.894387,16.726015,1,-1,-1,-1,0.290863,0.087579,3.050436,0.680900
6,1974,147.856396,-112.629098,19.037407,9.314882,1,-1,-1,-1,0.230864,0.152434,2.869501,0.508886
6,1966,94.304818,80.558401,8.469289,18.737948,1,-1,-1,-1,0.068813,0.040363,1.049772,0.254693
6,1962,-129.210208,236.297005,7.965505,17.289586,1,-1,-1,-1,0.230170,0.048561,1.624985,0.343002
6,1961,-188.764840,123.277056,15.619206,8.114664,1,-1,-1,-1,0.091523,0.062400,1.007238,0.304161
6,1960,127.301079,129.950012,8.849563,5.930189,1,-1,-1,-1,0.045348,0.011114,0.032148,0.076213
7,1975,-120.682609,90.511668,8.445937,16.851768,1,-1,-1,-1,0.305727,0.093884,2.678523,0.703305
7,1974,131.163647,-113.063540,18.703850,9.744934,1,-1,-1,-1,0.150782,0.086991,2.147449,0.423436
7,1966,95.019634,82.564324,8.738418,18.350877,1,-1,-1,-1,0.162748,0.092274,1.865065,0.587606
7,1962,-119.107374,251.669510,8.358631,17.101370,1,-1,-1,-1,0.223890,0.082522,1.385413,0.346882
7,1961,-185.013052,142.883633,16.181693,8.862333,1,-1,-1,-1,0.098036,0.068376,1.077127,0.339191
7,1960,127.319246,129.950093,8.830714,5.929813,1,-1,-1,-1,0.022210,0.006828,0.022789,0.055419
8,1982,64.233040,-156.491495,8.852036,17.214515,1,-1,-1,-1,0.532008,0.130065,2.741538,0.553773
8,1975,-118.741889,105.649306,9.272150,17.376490,1,-1,-1,-1,0.294617,0.092650,2.622442,0.686610
8,1974,117.237126,-111.696572,18.996100,11.278991,1,-1,-1,-1,0.153683,0.090285,1.980369,0.368158
8,1966,95.904554,85.264910,9.306212,18.811521,1,-1,-1,-1,0.275597,0.188162,2.831504,0.840503
8,1962,-108.925920,265.012290,8.808379,17.115158,1,-1,-1,-1,0.324904,0.067033,1.400127,0.398299
8,1960,127.319970,129.959827,8.829801,5.920299,1,-1,-1,-1,0.015872,0.005540,0.019647,0.048926
9,1985,95.291643,55.891064,9.943780,18.766011,1,-1,-1,-1,0.200227,0.131692,5.068219,0.854141
9,1982,53.795982,-157.369313,8.775173,16.405937,1,-1,-1,-1,0.184114,0.067141,1.475162,0.481490
9,1975,-115.149964,106.916832,9.671116,17.480876,1,-1,-1,-1,0.240238,0.072361,2.173254,0.623858
9,1974,114.465171,-111.116176,19.431603,11.754749,1,-1,-1,-1,0.358513,0.195404,2.992180,0.727310
9,1971,122.507989,-126.254659,19.982959,11.618167,1,-1,-1,-1,0.339384,0.251505,3.521083,0.786897
9,1966,99.743637,85.054394,9.739717,18.337002,1,-1,-1,-1,0.207737,0.130628,2.806025,0.906443
9,1962,-103.267493,264.688769,8.550733,16.576678,1,-1,-1,-1,0.336699,0.088668,1.380345,0.503430
9,1960,127.349636,129.970010,8.820214,5.919922,1,-1,-1,-1,0.009389,0.003756,0.014901,0.037034
10,1978,-76.003006,163.709066,17.475036,9.770197,1,-1,-1,-1,0.406920,0.349647,3.886359,1.103834
10,1975,-110.772995,107.178967,9.985877,18.084934,1,-1,-1,-1,0.241323,0.076366,2.057726,0.588555
10,1974,116.886968,-110.662138,20.227848,12.654630,1,-1,-1,-1,0.243573,0.169963,3.219527,0.728094
10,1966,103.360224,85.444606,10.291676,18.561258,1,-1,-1,-1,0.210718,0.138135,3.145711,0.912632
10,1962,-98.054366,265.362798,8.741143,16.814543,1,-1,-1,-1,0.278550,0.069481,1.358802,0.423006
10,1960,127.369748,129.979979,8.819981,5.919978,1,-1,-1,-1,0.013409,0.004770,0.017789,0.045727
11,1992,55.518291,146.666029,20.661159,12.251826,1,-1,-1,-1,0.482917,0.276712,9.235094,1.621419
11,1978,-102.695660,157.268729,15.098720,13.334091,1,-1,-1,-1,0.349668,0.106812,3.198914,0.867783
11,1974,79.875923,-104.212728,20.621495,13.667346,1,-1,-1,-1,0.298461,0.220793,4.174678,0.985503
11,1960,127.340634,129.960086,8.829614,5.920089,1,-1,-1,-1,0.020485,0.006494,0.022078,0.054297
12,1992,63.618691,159.819338,21.298268,13.743386,1,-1,-1,-1,0.462683,0.305501,7.969316,1.872452
12,1960,127.369665,129.970009,8.820227,5.919920,1,-1,-1,-1,0.009480,0.003755,0.015189,0.038497
13,1992,70.327363,161.474379,21.086918,14.983929,1,-1,-1,-1,0.329373,0.223824,5.974191,1.777745
13,1982,-26.915655,-113.500228,15.103504,18.481006,1,-1,-1,-1,0.296820,0.271787,4.986043,0.955076
13,1960,127.350215,129.960052,8.819989,5.919984,1,-1,-1,-1,0.011787,0.004404,0.016595,0.041552
14,1960,127.349992,129.969968,8.819983,5.919989,1,-1,-1,-1,0.011329,0.004317,0.016269,0.041160
15,2009,-2.101394,49.199403,13.510674,13.247131,1,-1,-1,-1,0.169127,0.115737,3.042544,0.789192
15,1960,127.369769,129.969978,8.800292,5.910081,1,-1,-1,-1,0.008331,0.003467,0.013892,0.034940
16,2013,92.011614,109.777832,19.300032,15.265140,1,-1,-1,-1,0.386510,0.155942,7.202728,1.140191
16,2009,-4.287747,59.642920,14.916819,13.292801,1,-1,-1,-1,0.234931,0.202101,2.558022,0.853590
16,1966,159.420120,114.701058,15.205414,17.579537,1,-1,-1,-1,0.144347,0.095992,2.310993,0.799943
16,1960,127.399637,129.970095,8.809877,5.919772,1,-1,-1,-1,0.013535,0.004817,0.017426,0.044429
17,1992,129.698990,182.221491,12.915966,17.355132,1,-1,-1,-1,0.142224,0.127845,3.071636,1.079696
17,1960,127.350538,129.970013,8.809982,5.919982,1,-1,-1,-1,0.011328,0.004404,0.016753,0.042775
18,2015,64.477525,327.541087,16.482849,10.094166,1,-1,-1,-1,0.367867,0.091976,3.417593,0.763067
18,1992,139.815171,183.082693,11.222673,19.133400,1,-1,-1,-1,0.088194,0.066986,1.901401,0.491761
18,1960,127.340091,129.970009,8.809982,5.919988,1,-1,-1,-1,0.010996,0.004317,0.016264,0.041960
19,1960,127.349967,129.969966,8.819704,5.920074,1,-1,-1,-1,0.011440,0.004317,0.016424,0.042363
20,2041,-130.574188,121.564400,15.086750,8.156966,1,-1,-1,-1,0.097439,0.075509,1.169112,0.334797
20,2040,255.560861,348.545175,16.909747,9.130199,1,-1,-1,-1,0.364507,0.074653,1.955353,0.442179
20,2039,83.376104,116.037652,17.659527,8.565752,1,-1,-1,-1,0.111813,0.039206,1.857810,0.343305
20,2037,148.311411,402.200993,8.093126,15.382645,1,-1,-1,-1,0.151729,0.101560,1.749609,0.473031
20,2036,-156.086280,120.820039,15.314275,8.645254,1,-1,-1,-1,0.133576,0.092939,1.205174,0.366191
20,2035,164.310638,388.964812,8.150251,15.209494,1,-1,-1,-1,0.081459,0.054506,1.066979,0.362144
20,1960,127.349997,129.970004,8.819980,5.919997,1,-1,-1,-1,0.011105,0.004232,0.016102,0.040767
21,2041,-124.059258,130.805376,15.030185,7.872280,1,-1,-1,-1,0.157899,0.113996,1.589018,0.520113
21,2040,271.987032,342.858977,16.227460,8.256560,1,-1,-1,-1,0.383846,0.080419,1.708829,0.460758
21,2037,166.221781,401.070470,8.100112,15.326002,1,-1,-1,-1,0.109513,0.071119,1.238064,0.346956
21,2036,-150.097606,130.858448,15.490328,7.704236,1,-1,-1,-1,0.071299,0.055340,0.888318,0.265517
21,2035,180.454249,397.445054,7.708277,14.932188,1,-1,-1,-1,0.238637,0.249557,1.982838,0.705228
21,1960,127.330378,129.960103,8.839534,5.929855,1,-1,-1,-1,0.018192,0.005996,0.020187,0.050792
22,2053,41.495186,117.881482,19.044805,8.304301,1,-1,-1,-1,0.234794,0.158725,2.953611,0.349631
22,2052,120.640005,332.651437,15.877701,7.540735,1,-1,-1,-1,0.284399,0.084633,2.972828,0.660383
22,2051,124.469191,117.119789,17.412724,7.475533,1,-1,-1,-1,0.225526,0.072973,3.036328,0.423101
22,2049,172.726260,178.351884,8.468607,18.468176,1,-1,-1,-1,0.091319,0.067133,1.727612,0.302998
22,2041,-117.826062,131.722371,15.186663,7.657817,1,-1,-1,-1,0.142077,0.111279,1.426878,0.488096
22,2040,280.180251,342.359846,15.875168,7.905201,1,-1,-1,-1,0.350809,0.070660,1.385435,0.413602
22,2037,187.198737,405.787600,7.404401,14.724180,1,-1,-1,-1,0.117668,0.096410,1.093829,0.484142
22,2036,-143.493417,132.757186,15.289407,8.030873,1,-1,-1,-1,0.185418,0.134133,1.480544,0.536863
22,1960,127.300777,129.970053,8.878855,5.949634,1,-1,-1,-1,0.028002,0.007315,0.026037,0.060263
23,2053,47.725256,117.131889,19.609574,8.179417,1,-1,-1,-1,0.242854,0.041847,1.297012,0.191479
23,2052,127.911383,332.622950,15.985186,7.480446,1,-1,-1,-1,0.464237,0.119506,3.828679,0.802381
23,2051,106.183505,117.226124,17.587629,7.873578,1,-1,-1,-1,0.235829,0.051165,1.656819,0.271969
23,2049,179.654660,176.341514,8.915769,17.652510,1,-1,-1,-1,0.298183,0.237934,2.786525,0.718160
23,2041,-110.513725,131.939655,15.056226,7.741317,1,-1,-1,-1,0.254791,0.183234,1.806094,0.626923
23,2040,287.421913,342.807804,15.773158,7.760321,1,-1,-1,-1,0.363707,0.077379,1.425818,0.451632
23,2036,-136.697246,133.510926,15.182021,7.775341,1,-1,-1,-1,0.411789,0.313529,2.243886,0.864095
23,1960,127.338426,129.950152,8.831860,5.930323,1,-1,-1,-1,0.042089,0.010985,0.030727,0.074786
24,2057,246.468474,342.870140,16.200915,7.789645,1,-1,-1,-1,0.006386,0.004114,0.289930,0.065641
24,2053,80.732397,116.999364,17.547879,7.905475,1,-1,-1,-1,0.193230,0.083613,2.091030,0.570385
24,2052,134.470588,332.931010,16.630812,7.822358,1,-1,-1,-1,0.392266,0.099534,3.328754,0.668198
24,2051,110.149447,117.253695,17.008969,7.905869,1,-1,-1,-1,0.216372,0.072562,2.045132,0.416282
24,2041,-103.497244,131.965667,15.528805,7.913550,1,-1,-1,-1,0.204440,0.161100,1.866294,0.709637
24,2040,294.412805,343.089593,15.817239,7.932662,1,-1,-1,-1,0.289408,0.065132,1.249269,0.421787
24,2036,-128.928074,131.713843,15.544583,7.743030,1,-1,-1,-1,0.204084,0.142289,1.694047,0.646631
24,1960,127.310834,129.969673,8.829812,5.920407,1,-1,-1,-1,0.030290,0.008833,0.026041,0.063252
25,2060,195.033934,400.751912,8.172078,15.603905,1,-1,-1,-1,0.061618,0.046322,0.863785,0.226042
25,2057,254.181179,342.871206,16.233735,7.797510,1,-1,-1,-1,0.006316,0.004111,0.278104,0.065641
25,2053,91.906691,117.230791,17.163713,8.045054,1,-1,-1,-1,0.528974,0.123296,2.126166,0.463240
25,2052,140.839800,332.858519,17.870327,8.078516,1,-1,-1,-1,0.354662,0.097109,2.721165,0.605806
25,2051,117.156595,117.423241,17.373348,8.128496,1,-1,-1,-1,0.165489,0.044852,1.472465,0.267354
25,2050,59.373633,117.317102,19.182203,8.202087,1,-1,-1,-1,0.209643,0.051032,1.197560,0.193739
25,2041,-95.644099,131.271218,15.315181,7.765392,1,-1,-1,-1,0.156813,0.126800,1.383757,0.538754
25,2040,301.715800,343.159654,15.818052,7.824240,1,-1,-1,-1,0.318880,0.066878,1.186214,0.404602
25,1960,127.329155,129.989932,8.839801,5.929683,1,-1,-1,-1,0.038590,0.010250,0.028702,0.070735
26,2061,44.059991,334.278043,15.015544,7.481161,1,-1,-1,-1,0.124888,0.119776,1.530536,0.562914
26,2060,203.001606,401.093279,8.185447,15.810560,1,-1,-1,-1,0.103763,0.069557,1.148003,0.333662
26,2057,262.158781,342.870847,16.246962,7.808246,1,-1,-1,-1,0.006504,0.004193,0.276432,0.066884
26,2050,71.225286,117.285432,19.233133,8.259542,1,-1,-1,-1,0.482503,0.115915,1.520973,0.328834
26,2041,-87.174732,130.953860,15.583492,7.817532,1,-1,-1,-1,0.104451,0.077255,1.097455,0.416579
26,2040,309.543524,343.158479,15.831620,7.948656,1,-1,-1,-1,0.361877,0.086115,1.323186,0.488200
26,1960,127.310053,129.960139,8.830243,5.929929,1,-1,-1,-1,0.008756,0.003537,0.015029,0.036352
27,2065,198.383601,341.715686,16.820498,14.736817,1,-1,-1,-1,0.714423,0.424118,9.163700,2.435565
27,2061,56.579999,334.763359,15.613514,7.634503,1,-1,-1,-1,0.311022,0.255973,2.956863,0.955667
27,2060,211.316797,400.811793,8.092929,15.815943,1,-1,-1,-1,0.058463,0.043653,0.781669,0.226295
27,2057,270.433882,342.868994,16.215426,7.802030,1,-1,-1,-1,0.006187,0.004028,0.265929,0.065033
27,2041,-79.154345,130.831604,15.783393,8.002358,1,-1,-1,-1,0.089612,0.076959,1.018018,0.424700
27,2040,317.517730,343.159606,16.097827,8.072261,1,-1,-1,-1,0.315062,0.067477,1.225760,0.418775
27,1960,127.329766,129.979845,8.820100,5.920191,1,-1,-1,-1,0.011326,0.004360,0.016257,0.042354
28,2067,31.429105,348.935677,15.246233,7.765494,1,-1,-1,-1,0.084339,0.066170,0.941906,0.305555
28,2061,68.942078,334.516130,15.622044,7.737189,1,-1,-1,-1,0.270788,0.191040,2.620198,0.827135
28,2060,219.833426,401.233081,8.174595,15.979116,1,-1,-1,-1,0.089917,0.067017,0.949478,0.312274
28,2057,279.044819,342.869871,16.210572,7.800239,1,-1,-1,-1,0.006632,0.004191,0.267669,0.066882
28,2040,325.967361,343.256905,16.031344,8.182322,1,-1,-1,-1,0.278481,0.065484,1.104914,0.413087
28,1960,127.320078,129.970115,8.829901,5.929814,1,-1,-1,-1,0.010057,0.003908,0.015629,0.039608
29,2071,65.352399,348.652439,19.330339,8.430874,1,-1,-1,-1,0.115137,0.089601,1.659567,0.281036
29,2067,40.474705,349.125581,14.995318,7.773583,1,-1,-1,-1,0.091770,0.066273,0.949432,0.334287
29,2061,83.066628,334.632234,15.406822,7.625448,1,-1,-1,-1,0.114096,0.096755,1.441313,0.561498
29,2060,228.725508,400.777187,8.135381,15.710605,1,-1,-1,-1,0.083402,0.062067,0.871348,0.291849
29,2057,287.925875,342.869893,16.237397,7.790234,1,-1,-1,-1,0.006309,0.004108,0.263898,0.065033
29,2053,152.472588,117.380632,17.487154,8.224525,1,-1,-1,-1,0.089991,0.037528,1.298764,0.310477
29,2040,334.729555,343.280619,16.158392,8.215865,1,-1,-1,-1,0.306927,0.074683,1.197979,0.445456
29,1960,127.319978,129.970005,8.830001,5.929995,1,-1,-1,-1,0.013009,0.004722,0.017588,0.045297
30,2074,177.731969,131.197947,16.114425,7.616845,1,-1,-1,-1,0.302060,0.063270,1.764954,0.343736
30,2071,74.372235,349.004741,18.158971,8.554241,1,-1,-1,-1,0.109252,0.077479,1.794076,0.463454
30,2067,49.908534,349.562986,15.161864,8.066589,1,-1,-1,-1,0.113049,0.087652,1.105997,0.405609
30,2061,95.688412,334.743945,15.916209,7.689162,1,-1,-1,-1,0.094313,0.056479,1.092577,0.388326
30,2060,238.056579,400.977771,8.117850,15.691066,1,-1,-1,-1,0.068933,0.051683,0.733263,0.250251
30,2057,297.112896,342.869794,16.221851,7.790393,1,-1,-1,-1,0.006309,0.004108,0.262544,0.065026
30,2053,161.897163,116.945779,17.314633,8.094720,1,-1,-1,-1,0.142265,0.032424,1.628976,0.426055
30,2050,129.935561,116.639861,16.148795,8.082742,1,-1,-1,-1,0.307739,0.124453,1.575724,0.588509
30,2040,343.842130,343.051160,16.277661,8.073801,1,-1,-1,-1,0.322960,0.071267,1.215728,0.430275
30,1960,127.310138,129.970003,8.830000,5.930000,1,-1,-1,-1,0.018736,0.006116,0.020581,0.051779
31,2076,117.892634,364.396864,19.108250,9.655654,1,-1,-1,-1,0.418544,0.235362,4.463700,0.672754
31,2074,178.599283,131.271675,17.405311,8.106364,1,-1,-1,-1,0.124151,0.033976,1.262428,0.211910
31,2071,83.877991,348.914309,19.140908,8.405229,1,-1,-1,-1,0.070163,0.059476,1.099691,0.245675
31,2067,59.031910,348.817374,15.114743,7.857449,1,-1,-1,-1,0.086881,0.062811,0.928467,0.308083
31,2061,108.597893,334.786276,15.783072,7.892307,1,-1,-1,-1,0.140427,0.118842,1.352064,0.605084
31,2060,247.349547,400.937763,8.109958,15.606380,1,-1,-1,-1,0.076324,0.050640,0.754225,0.258758
31,2057,306.534330,342.870772,16.227420,7.798403,1,-1,-1,-1,0.006564,0.004233,0.265885,0.066882
31,2053,171.531833,117.477330,17.633321,8.249250,1,-1,-1,-1,0.255213,0.066572,1.745937,0.477973
31,2040,353.136252,343.041022,16.152505,8.117279,1,-1,-1,-1,0.368913,0.088314,1.289322,0.500986
31,1960,127.271404,129.960096,8.858832,5.939911,1,-1,-1,-1,0.040871,0.010454,0.030710,0.072014
32,2071,93.694209,348.698723,18.971191,8.256088,1,-1,-1,-1,0.066545,0.055417,0.998080,0.246483
32,2067,68.323239,348.991466,15.166749,7.736781,1,-1,-1,-1,0.100411,0.068863,0.945611,0.331969
32,2061,121.571819,333.868411,15.741648,7.608034,1,-1,-1,-1,0.120788,0.076483,1.145618,0.486307
32,2060,256.836586,401.024742,8.095760,15.595394,1,-1,-1,-1,0.088601,0.066706,0.814666,0.293594
32,2057,316.014190,342.870310,16.238095,7.799369,1,-1,-1,-1,0.006899,0.004361,0.269624,0.068154
32,2053,179.888821,117.304998,17.756221,8.241253,1,-1,-1,-1,0.145691,0.053587,1.533741,0.417961
32,2040,362.583645,342.803351,16.246404,8.095746,1,-1,-1,-1,0.315423,0.084384,1.337070,0.476299
32,1960,127.318863,129.950004,8.840493,5.930186,1,-1,-1,-1,0.023494,0.007242,0.023380,0.057005
33,2082,213.011158,332.577650,16.812959,7.916838,1,-1,-1,-1,0.267003,0.082886,3.127372,0.699944
33,2071,103.218898,348.909004,18.031909,8.219505,1,-1,-1,-1,0.176559,0.120248,1.616048,0.539519
33,2067,77.687812,349.651668,15.899679,8.496384,1,-1,-1,-1,0.088097,0.058535,1.004167,0.405395
33,2061,134.193395,334.933519,15.823296,7.681560,1,-1,-1,-1,0.164558,0.115552,1.426475,0.587117
33,2060,266.409646,400.970654,8.051521,15.711551,1,-1,-1,-1,0.057432,0.043403,0.665280,0.215966
33,2057,325.513227,342.869767,16.222155,7.800457,1,-1,-1,-1,0.006564,0.004190,0.262658,0.066270
33,2053,189.938053,117.241554,17.654170,8.049496,1,-1,-1,-1,0.161622,0.063540,1.608277,0.538943
33,2040,372.162959,342.923397,15.972744,7.902900,1,-1,-1,-1,0.312453,0.067978,1.098302,0.417827
33,1960,127.319899,129.959889,8.820482,5.920152,1,-1,-1,-1,0.018375,0.006177,0.020785,0.050831
34,2082,222.265747,332.325558,17.042860,7.910389,1,-1,-1,-1,0.236192,0.069596,2.649880,0.575209
34,2071,113.033174,348.508092,17.336029,8.041360,1,-1,-1,-1,0.103792,0.078045,1.368301,0.416635
34,2067,87.215201,349.324009,15.845083,8.172770,1,-1,-1,-1,0.073574,0.054160,0.853545,0.291566
34,2061,146.410663,333.961157,15.410073,7.557227,1,-1,-1,-1,0.089895,0.071486,0.925634,0.404783
34,2060,275.955668,400.976605,8.033521,15.651316,1,-1,-1,-1,0.054137,0.041713,0.576197,0.201637
34,2057,335.004878,342.858639,16.250387,7.772896,1,-1,-1,-1,0.006308,0.004108,0.261869,0.066262
34,2053,199.286819,117.427173,17.341350,8.205543,1,-1,-1,-1,0.374055,0.124789,2.017003,0.551998
34,2040,381.635815,343.093531,16.030565,7.845151,1,-1,-1,-1,0.304772,0.065389,1.072048,0.392821
34,1960,127.329794,129.970038,8.829886,5.929753,1,-1,-1,-1,0.018373,0.005996,0.020379,0.051792
35,2082,231.413353,332.616456,17.309979,7.996685,1,-1,-1,-1,0.233710,0.060555,2.279953,0.542283
35,2071,122.327706,348.857910,17.401388,8.106066,1,-1,-1,-1,0.117171,0.085383,1.459227,0.445808
35,2067,96.944070,349.574038,16.192799,8.577413,1,-1,-1,-1,0.087745,0.067983,1.025016,0.401571
35,2061,158.062131,334.686717,15.219928,7.793426,1,-1,-1,-1,0.304317,0.276189,1.564711,0.877765
35,2060,285.308126,401.030917,8.094660,15.675180,1,-1,-1,-1,0.070569,0.047715,0.693768,0.244709
35,2057,344.380249,342.881660,16.282166,7.786376,1,-1,-1,-1,0.006183,0.005114,0.272196,0.070748
35,2053,208.043632,117.052403,17.511719,8.105522,1,-1,-1,-1,0.093345,0.040609,1.369515,0.367734
35,2040,390.937745,342.976494,16.087258,7.829296,1,-1,-1,-1,0.331709,0.067889,1.090854,0.405089
35,1960,127.330084,129.960018,8.839613,5.930101,1,-1,-1,-1,0.024420,0.007242,0.023835,0.058034
36,2094,48.419607,39.267728,11.314540,21.073952,1,-1,-1,-1,0.128968,0.091229,2.044929,0.207759
36,2093,63.481631,83.710778,8.584741,18.344765,1,-1,-1,-1,0.109481,0.079299,2.158594,0.364605
36,2082,240.812526,332.526554,16.806064,7.981986,1,-1,-1,-1,0.320047,0.093202,2.407094,0.696865
36,2071,131.278989,348.296335,16.253578,8.041177,1,-1,-1,-1,0.067007,0.052165,0.937251,0.288619
36,2067,105.455447,348.801156,16.546854,8.164117,1,-1,-1,-1,0.115655,0.086769,1.214601,0.438259
36,2061,169.478032,333.895666,15.177590,7.635539,1,-1,-1,-1,0.146267,0.102934,1.220276,0.562242
36,2060,294.065818,400.913002,8.134951,15.689830,1,-1,-1,-1,0.080528,0.061156,0.779279,0.286159
36,2057,353.197655,342.870510,16.224785,7.808979,1,-1,-1,-1,0.006370,0.004149,0.259360,0.066280
36,2053,217.047057,116.901888,16.731411,7.882293,1,-1,-1,-1,0.289656,0.092205,1.521917,0.611265
36,2040,400.025611,343.083088,16.002575,7.907874,1,-1,-1,-1,0.291111,0.064761,1.041379,0.400370
36,1960,127.310363,129.959994,8.839987,5.930010,1,-1,-1,-1,0.019684,0.006239,0.021404,0.052804
37,2097,180.502362,131.114358,17.115139,7.854933,1,-1,-1,-1,0.199564,0.063959,1.846281,0.289225
37,2094,56.220759,39.398266,11.687440,21.247510,1,-1,-1,-1,0.148679,0.091952,2.055600,0.224181
37,2093,71.905212,83.516941,8.506047,17.982832,1,-1,-1,-1,0.100400,0.068392,1.847939,0.380337
37,2082,249.041132,332.318251,16.968749,7.869074,1,-1,-1,-1,0.615464,0.149702,3.147236,0.920900
37,2071,139.535080,349.199497,17.799703,8.334350,1,-1,-1,-1,0.130953,0.095961,1.197359,0.338130
37,2067,113.805535,349.368445,16.718108,8.340563,1,-1,-1,-1,0.105755,0.081355,1.294870,0.488971
37,2061,179.906774,333.903204,15.153802,7.677388,1,-1,-1,-1,0.295959,0.352664,1.690852,0.895089
37,2060,302.141298,400.922261,8.161562,15.705655,1,-1,-1,-1,0.095211,0.064767,0.860331,0.323225
37,2057,361.273355,342.868890,16.231956,7.792296,1,-1,-1,-1,0.006762,0.004274,0.264886,0.067516
37,2053,225.963201,117.473109,17.453823,8.209368,1,-1,-1,-1,0.362585,0.090871,1.747464,0.542888
37,2040,408.037915,343.512182,16.071293,8.059495,1,-1,-1,-1,0.298548,0.073181,1.116136,0.438141
37,1960,127.329616,129.969941,8.840003,5.930003,1,-1,-1,-1,0.020673,0.006239,0.021613,0.052791
38,2097,181.335795,130.906270,15.785237,7.786537,1,-1,-1,-1,0.476445,0.102692,1.471488,0.458595
38,2094,64.154743,38.573142,11.030443,20.999110,1,-1,-1,-1,0.067025,0.042435,1.132358,0.119689
38,2093,79.111331,83.422446,8.447239,17.965968,1,-1,-1,-1,0.054659,0.036644,1.124728,0.221955
38,2082,256.406286,332.836165,16.812535,8.190761,1,-1,-1,-1,0.303753,0.090827,2.680707,0.760397
38,2071,147.322883,349.486095,17.869024,8.701615,1,-1,-1,-1,0.170246,0.116646,1.604077,0.507954
38,2067,121.222208,349.294851,17.053805,8.333024,1,-1,-1,-1,0.111571,0.084385,1.362953,0.468636
38,2061,190.042114,333.934951,15.204546,7.764604,1,-1,-1,-1,0.415381,0.471237,2.153908,1.197676
38,2060,309.655257,400.844874,8.037256,15.593270,1,-1,-1,-1,0.064317,0.049134,0.676754,0.237459
38,2057,368.665575,342.869402,16.204157,7.791188,1,-1,-1,-1,0.006370,0.004148,0.256401,0.066267
38,2053,233.610101,117.057298,17.518958,8.181150,1,-1,-1,-1,0.364758,0.093406,1.915878,0.621543
38,2040,415.457465,342.743372,16.068254,7.919627,1,-1,-1,-1,0.296480,0.075304,1.151494,0.441771
38,1960,127.339850,129.959962,8.830132,5.920259,1,-1,-1,-1,0.020271,0.006492,0.021613,0.054316
39,2106,211.157148,117.420019,18.052133,8.183454,1,-1,-1,-1,0.377045,0.118054,3.475731,0.577713
39,2105,26.913061,117.008900,16.523144,7.790585,1,-1,-1,-1,0.207985,0.072531,2.873178,0.605359
39,2097,181.261604,130.584298,14.855863,7.514633,1,-1,-1,-1,0.179787,0.053039,0.695399,0.249649
39,2094,71.418062,39.280529,11.327273,20.546062,1,-1,-1,-1,0.187042,0.144318,2.080128,0.453919
39,2093,85.878631,83.423477,8.475890,18.240041,1,-1,-1,-1,0.114370,0.070920,1.411820,0.343142
39,2082,262.740514,332.586781,17.480937,8.000950,1,-1,-1,-1,0.270174,0.075634,2.200292,0.617552
39,2071,153.380640,349.103912,18.817799,8.874689,1,-1,-1,-1,0.107146,0.072799,1.206963,0.298123
39,2067,127.737110,349.482248,17.174637,8.530569,1,-1,-1,-1,0.126667,0.089215,1.443322,0.492434
39,2061,197.606647,333.895084,15.839023,7.774710,1,-1,-1,-1,0.110695,0.082791,1.375430,0.592181
39,2060,316.232257,401.088354,8.155023,15.664700,1,-1,-1,-1,0.056210,0.038221,0.617568,0.205626
39,2057,375.295101,342.880987,16.261134,7.787924,1,-1,-1,-1,0.006183,0.005165,0.268511,0.070748
39,2053,241.489681,117.469490,17.692605,8.200103,1,-1,-1,-1,0.607815,0.118468,2.193886,0.728618
39,2040,422.275424,343.315714,16.224783,8.090618,1,-1,-1,-1,0.303475,0.071185,1.153090,0.436006
39,1960,127.340027,129.950060,8.829994,5.920006,1,-1,-1,-1,0.025645,0.007611,0.024543,0.060275
40,2110,162.674127,116.862592,17.340960,7.772444,1,-1,-1,-1,0.529976,0.116743,4.917740,0.846080
40,2106,217.252343,117.035536,18.787305,8.307103,1,-1,-1,-1,0.111197,0.050778,1.743687,0.310610
40,2105,32.844619,117.041373,16.345952,7.700140,1,-1,-1,-1,0.158236,0.055827,2.145029,0.510384
40,2097,181.334460,130.494654,15.434731,7.656545,1,-1,-1,-1,0.065005,0.028645,0.542328,0.167919
40,2094,76.635642,40.314302,12.216500,20.919904,1,-1,-1,-1,0.200989,0.140250,2.508972,0.471456
40,2093,91.638709,83.980358,8.948040,18.542180,1,-1,-1,-1,0.182515,0.091384,1.806831,0.432377
40,2082,268.780218,332.625954,17.363451,8.025302,1,-1,-1,-1,0.224907,0.078394,2.041152,0.641043
40,2071,159.094105,349.021819,18.879461,8.865034,1,-1,-1,-1,0.137249,0.101424,1.436515,0.424741
40,2067,133.815686,349.263803,16.924127,8.544551,1,-1,-1,-1,0.156972,0.119601,1.476257,0.580959
40,2061,205.672486,334.153023,15.893019,7.854895,1,-1,-1,-1,0.147228,0.115224,1.410578,0.644678
40,2060,322.288876,400.989722,8.155559,15.661694,1,-1,-1,-1,0.070514,0.047223,0.686394,0.242928
40,2057,381.259834,342.869231,16.207253,7.791611,1,-1,-1,-1,0.006122,0.004026,0.254038,0.063836
40,2053,246.059752,117.583293,17.393407,8.278822,1,-1,-1,-1,0.272388,0.090175,1.997448,0.617558
40,2040,428.331557,343.280754,16.287194,8.163459,1,-1,-1,-1,0.331166,0.076711,1.186207,0.457004
40,1960,127.359506,129.959977,8.820383,5.919887,1,-1,-1,-1,0.024665,0.007611,0.023603,0.058611
41,2097,180.684818,133.876434,15.879581,8.136750,1,-1,-1,-1,0.278512,0.072068,1.040263,0.383604
41,2093,99.244028,82.119746,8.786587,18.600480,1,-1,-1,-1,0.071976,0.045222,1.202034,0.270107
41,2082,265.757196,339.063188,17.373024,8.149072,1,-1,-1,-1,0.221285,0.062481,1.897684,0.590797
41,2071,155.169384,350.709928,19.144973,9.158893,1,-1,-1,-1,0.133981,0.091827,1.298605,0.341604
41,2067,129.509655,349.542407,17.203267,8.434739,1,-1,-1,-1,0.108906,0.082203,1.383634,0.454380
41,2061,203.209428,338.216069,16.038105,8.164048,1,-1,-1,-1,0.089609,0.060750,0.942150,0.414600
41,2060,315.089352,409.494251,8.142663,15.455947,1,-1,-1,-1,0.052084,0.040107,0.572360,0.194036
41,2040,425.179033,357.290287,16.380144,8.568795,1,-1,-1,-1,0.300296,0.064777,1.082198,0.404476
41,1960,127.340278,129.960002,8.820008,5.919989,1,-1,-1,-1,0.014504,0.005164,0.018656,0.047552
42,2097,179.325866,139.412706,16.432617,8.491354,1,-1,-1,-1,0.680706,0.203353,1.966795,0.704023
42,2093,108.956707,80.461031,9.149480,18.471512,1,-1,-1,-1,0.269919,0.224754,2.145361,0.644872
42,2082,252.570301,352.634658,17.233501,8.943929,1,-1,-1,-1,0.244188,0.076074,1.864891,0.648288
42,2071,140.206700,354.178900,19.562357,10.139234,1,-1,-1,-1,0.135097,0.096968,1.333653,0.354559
42,2067,114.394294,350.109884,17.110413,9.150344,1,-1,-1,-1,0.107474,0.081990,1.212898,0.446380
42,1960,127.320310,129.950147,8.829874,5.929754,1,-1,-1,-1,0.017837,0.005878,0.020177,0.051294
43,2114,189.282560,347.787516,16.924370,10.075551,1,-1,-1,-1,0.117021,0.080071,1.602921,0.495002
43,2097,177.088493,139.978023,17.434861,8.824642,1,-1,-1,-1,0.566724,0.139085,2.287224,0.602654
43,2093,115.567032,80.037830,9.525743,18.475686,1,-1,-1,-1,0.405428,0.329828,3.161641,0.973813
43,2082,250.621106,355.826188,17.319695,9.568752,1,-1,-1,-1,0.203270,0.066713,1.712763,0.599341
43,2071,139.136635,354.621842,19.926663,10.878738,1,-1,-1,-1,0.100077,0.073345,1.093963,0.280317
43,2067,113.387883,349.815731,17.091356,9.445463,1,-1,-1,-1,0.079911,0.058388,1.022333,0.380789
43,1960,127.310269,129.959884,8.839626,5.930097,1,-1,-1,-1,0.022802,0.006891,0.022918,0.055878
44,2114,145.101036,358.358918,17.661322,11.879524,1,-1,-1,-1,0.295460,0.282831,2.668891,0.776601
44,2097,173.114469,152.840042,18.181458,10.742699,1,-1,-1,-1,0.292776,0.156348,2.652997,0.900329
44,2093,131.839582,80.301816,11.262794,18.472339,1,-1,-1,-1,0.356575,0.254526,4.015176,1.060815
44,2071,131.948977,369.192348,19.502807,11.989615,1,-1,-1,-1,0.274729,0.199381,1.744812,0.714375
44,1960,127.378955,129.979910,8.810700,5.920046,1,-1,-1,-1,0.013942,0.004963,0.017936,0.045763
45,2114,97.811298,370.424080,19.006972,14.629510,1,-1,-1,-1,0.290353,0.208088,3.260128,0.775793
45,2097,169.697901,158.671357,18.023862,11.486558,1,-1,-1,-1,0.427134,0.389407,2.983149,1.489494
45,2071,148.624813,392.571932,18.829941,14.085197,1,-1,-1,-1,0.290805,0.094984,1.862677,0.676080
45,1960,127.360361,129.970012,8.819712,5.920077,1,-1,-1,-1,0.013534,0.004865,0.017934,0.044877
46,2114,91.971123,393.152515,17.541856,16.270675,1,-1,-1,-1,0.233457,0.073652,2.189232,0.619436
46,2097,164.043459,166.245433,17.546814,12.746738,1,-1,-1,-1,0.319245,0.346327,2.711718,1.606187
46,1960,127.360034,129.970001,8.819985,5.920001,1,-1,-1,-1,0.013138,0.004817,0.017413,0.044875
47,2124,-26.819092,291.785580,17.353484,20.529673,1,-1,-1,-1,0.115247,0.089623,1.761319,0.331139
47,2123,-40.357065,264.720374,15.763801,17.538675,1,-1,-1,-1,0.152290,0.114213,2.167684,0.539700
47,1960,127.369923,129.970003,8.819995,5.919997,1,-1,-1,-1,0.010995,0.004232,0.016254,0.041562
48,2134,133.562622,71.856534,16.247470,19.998791,1,-1,-1,-1,0.611876,0.397973,10.228535,1.256570
48,2123,-50.434358,240.326969,13.609240,17.482081,1,-1,-1,-1,0.142267,0.103158,1.754002,0.483440
48,1960,127.360120,129.970003,8.819996,5.919997,1,-1,-1,-1,0.010568,0.004066,0.015625,0.040376
49,2123,-61.350195,200.144118,10.591110,16.722398,1,-1,-1,-1,0.086648,0.070080,1.044108,0.324155
49,1960,127.330416,129.979957,8.819995,5.919997,1,-1,-1,-1,0.014645,0.005164,0.018651,0.047514
50,2097,160.279936,174.679426,8.516594,15.706438,1,-1,-1,-1,0.068035,0.052047,0.671544,0.292479
50,1960,127.359333,129.970076,8.819994,5.919996,1,-1,-1,-1,0.024180,0.007387,0.023140,0.058571
51,2097,163.623798,175.632020,8.835846,16.116143,1,-1,-1,-1,0.090791,0.078827,0.999784,0.501233
51,1960,127.340407,129.960066,8.819994,5.919996,1,-1,-1,-1,0.022145,0.006960,0.022473,0.055898
52,2157,-32.020939,319.421536,8.242131,16.172830,1,-1,-1,-1,0.276345,0.077638,2.579661,0.602702
52,2155,-51.178888,201.079864,8.851179,18.510237,1,-1,-1,-1,0.123253,0.085472,1.788984,0.307946
52,2154,-101.545215,365.134994,15.676524,9.638157,1,-1,-1,-1,0.266911,0.214686,2.553277,0.806395
52,2097,165.848199,176.346522,8.294430,16.095375,1,-1,-1,-1,0.237782,0.194616,1.362079,0.688361
52,1960,127.330205,129.969933,8.819994,5.919996,1,-1,-1,-1,0.023256,0.007171,0.023142,0.058597
53,2162,171.801073,53.821761,8.275747,15.961613,1,-1,-1,-1,0.212019,0.139856,2.237384,0.530958
53,2160,-44.507213,159.629991,8.859083,16.072814,1,-1,-1,-1,0.199401,0.173717,2.406814,0.727538
53,2157,-27.638675,319.670799,8.111481,16.918394,1,-1,-1,-1,0.192235,0.069716,2.447855,0.574648
53,2155,-45.328937,198.227533,8.725589,19.091863,1,-1,-1,-1,0.081500,0.059775,1.208228,0.240868
53,2154,-96.215920,364.201399,15.721901,8.615290,1,-1,-1,-1,0.094752,0.068792,1.136162,0.337333
53,2097,172.133788,175.564710,8.151867,15.763172,1,-1,-1,-1,0.089252,0.064546,0.873919,0.360528
53,1960,127.329981,129.970003,8.819995,5.919996,1,-1,-1,-1,0.018925,0.006177,0.020984,0.053309
54,2162,178.103026,53.805505,8.486020,15.852388,1,-1,-1,-1,0.225333,0.170451,2.227964,0.638124
54,2160,-37.990792,156.070621,9.387498,16.476152,1,-1,-1,-1,0.091828,0.073509,1.322902,0.465738
54,2157,-22.230749,319.277366,8.627599,16.890270,1,-1,-1,-1,0.272568,0.083769,2.568392,0.622865
54,2155,-39.230763,194.878710,8.554531,18.931266,1,-1,-1,-1,0.064902,0.055027,1.013258,0.232767
54,2154,-89.486592,364.193326,15.425540,8.131103,1,-1,-1,-1,0.107132,0.083736,1.137560,0.394672
54,2097,178.562047,175.621750,7.788836,15.520873,1,-1,-1,-1,0.060716,0.045927,0.565738,0.230864
54,1960,127.329986,129.970002,8.819996,5.919997,1,-1,-1,-1,0.013401,0.004865,0.017758,0.045758
55,2172,200.019559,212.137089,7.761260,15.139219,1,-1,-1,-1,0.274222,0.269538,2.917200,0.788955
55,2170,-24.420300,428.070713,9.568790,16.975253,1,-1,-1,-1,0.004977,0.004500,0.282982,0.066287
55,2169,23.429002,130.589888,14.860949,7.190251,1,-1,-1,-1,0.003145,0.002625,0.153425,0.050338
55,2168,184.647150,79.237756,7.781273,15.323580,1,-1,-1,-1,0.146556,0.101637,1.626377,0.458961
55,2160,-30.910460,152.496240,10.477805,16.832306,1,-1,-1,-1,0.103247,0.070653,1.099004,0.485592
55,2157,-16.433309,319.569601,8.956369,17.178732,1,-1,-1,-1,0.486804,0.161450,3.328080,0.858375
55,2155,-32.639962,188.910760,8.275221,16.710314,1,-1,-1,-1,0.060473,0.047500,0.900063,0.276841
55,2154,-83.328330,363.942001,15.150962,7.839180,1,-1,-1,-1,0.167859,0.143737,1.593016,0.661582
55,2097,185.138166,175.380029,7.687482,15.377816,1,-1,-1,-1,0.133914,0.090521,0.881761,0.390158
55,1960,127.349758,129.970002,8.819996,5.919997,1,-1,-1,-1,0.012881,0.004817,0.017412,0.044877
56,2174,-75.140610,364.497069,12.780213,7.488181,1,-1,-1,-1,0.127793,0.104571,1.126870,0.491760
56,2173,-17.854155,477.964320,9.946714,19.472808,1,-1,-1,-1,0.608078,0.136423,3.275128,0.464508
56,2172,206.905344,212.005671,7.857397,15.138100,1,-1,-1,-1,0.256625,0.212625,2.551818,0.778140
56,2170,-18.028169,428.042964,9.486874,17.011570,1,-1,-1,-1,0.003508,0.003611,0.243567,0.057531
56,2169,30.229176,130.589983,14.869577,7.190017,1,-1,-1,-1,0.003112,0.002624,0.148470,0.050334
56,2168,192.003537,79.141923,7.613356,15.244834,1,-1,-1,-1,0.108211,0.085121,1.275239,0.384481
56,2160,-23.037469,147.540531,11.165670,16.622412,1,-1,-1,-1,0.198149,0.134824,1.281855,0.688746
56,2155,-25.626618,187.599836,8.122275,17.087703,1,-1,-1,-1,0.072281,0.059119,1.104536,0.327480
56,2097,192.163714,175.158070,7.656509,15.180016,1,-1,-1,-1,0.079272,0.066696,0.713445,0.302573
56,1960,127.340114,129.970002,8.819996,5.919997,1,-1,-1,-1,0.011901,0.004492,0.016740,0.043188
57,2174,-68.070603,364.892946,15.547194,8.167518,1,-1,-1,-1,0.095785,0.073201,1.138884,0.369783
57,2173,-10.642248,477.629834,9.397954,19.646425,1,-1,-1,-1,0.351334,0.093128,2.739083,0.431947
57,2170,-11.301665,427.943549,8.833604,16.901274,1,-1,-1,-1,0.006504,0.005379,0.296687,0.073395
57,2169,37.257980,130.599815,14.851571,7.190320,1,-1,-1,-1,0.003019,0.002572,0.143994,0.048915
57,2168,198.810882,79.118053,7.530581,15.102882,1,-1,-1,-1,0.111162,0.079133,1.064490,0.354840
57,2160,-15.417714,142.726124,11.881512,16.684353,1,-1,-1,-1,0.420841,0.323290,1.902702,1.181676
57,2155,-19.143284,184.318073,8.520196,17.265296,1,-1,-1,-1,0.096513,0.077019,1.411617,0.457331
57,2097,198.378698,175.449868,7.656187,15.249589,1,-1,-1,-1,0.271024,0.200646,1.209170,0.659650
57,1960,127.349899,129.970002,8.819996,5.919997,1,-1,-1,-1,0.011439,0.004317,0.016413,0.041560
58,2174,-61.562048,364.460130,16.081071,8.210506,1,-1,-1,-1,0.120801,0.096422,1.191479,0.411704
58,2173,-3.560016,477.481240,9.031716,19.289438,1,-1,-1,-1,0.200853,0.049085,1.324178,0.205046
58,2170,-4.786160,427.694699,8.174458,16.461863,1,-1,-1,-1,0.005771,0.004916,0.266756,0.068822
58,2169,43.840371,130.590066,14.859376,7.189909,1,-1,-1,-1,0.003111,0.002623,0.145520,0.050330
58,2168,205.033184,79.352894,7.684686,15.397108,1,-1,-1,-1,0.132904,0.116517,1.228839,0.482047
58,2160,-6.525428,139.164732,12.958255,16.721172,1,-1,-1,-1,0.226219,0.147317,1.596216,1.036305
58,2155,-12.603383,179.970778,8.481806,17.520283,1,-1,-1,-1,0.117092,0.092831,1.542258,0.478218
58,2097,205.292539,175.623690,8.098952,15.174241,1,-1,-1,-1,0.144215,0.094082,1.116464,0.505145
58,1960,127.359841,129.970038,8.810246,5.919924,1,-1,-1,-1,0.009199,0.003718,0.014583,0.037383
59,2180,-4.457389,248.980736,9.313584,20.095219,1,-1,-1,-1,0.187321,0.136250,3.397125,0.596023
59,2179,12.023902,319.293813,7.859802,16.318580,1,-1,-1,-1,0.171921,0.057003,2.198437,0.526386
59,2174,-55.872159,364.427200,16.088004,8.246320,1,-1,-1,-1,0.067353,0.052393,0.812679,0.260753
59,2173,2.559113,477.180066,8.886150,18.881231,1,-1,-1,-1,0.161048,0.044818,1.127663,0.203017
59,2170,1.364108,427.243972,7.934792,16.233796,1,-1,-1,-1,0.005381,0.004724,0.252508,0.067526
59,2169,49.981506,130.600337,14.859426,7.199252,1,-1,-1,-1,0.003205,0.002676,0.146157,0.050334
59,2168,211.707173,79.621304,7.960771,15.677863,1,-1,-1,-1,0.275640,0.196895,1.804801,0.625847
59,2160,2.511875,134.822678,14.117543,16.778684,1,-1,-1,-1,0.299126,0.203491,1.820315,1.223455
59,2155,-6.541636,175.871577,8.206867,17.924031,1,-1,-1,-1,0.090528,0.066865,1.245419,0.328992
59,2154,-91.294130,362.623766,9.321797,6.785286,1,-1,-1,-1,0.410964,0.304626,0.397392,0.759020
59,2097,211.556794,175.767410,8.065138,15.759337,1,-1,-1,-1,0.138741,0.114223,1.288918,0.575749
59,1960,127.360099,129.979927,8.819730,5.920073,1,-1,-1,-1,0.010464,0.004107,0.015935,0.040760
60,2180,1.186154,244.926132,9.275640,19.055426,1,-1,-1,-1,0.233007,0.180011,3.477141,0.767108
60,2179,17.856089,319.594761,7.827241,16.613754,1,-1,-1,-1,0.292385,0.074464,2.728446,0.667207
60,2174,-50.298486,364.321033,16.355117,8.350994,1,-1,-1,-1,0.118308,0.092948,1.038940,0.385042
60,2173,8.288047,477.012491,8.855855,18.926997,1,-1,-1,-1,0.216574,0.043054,1.058516,0.204652
60,2170,7.042325,426.464052,7.870835,16.204988,1,-1,-1,-1,0.004919,0.004449,0.250504,0.065648
60,2169,55.661348,130.599847,14.841618,7.200311,1,-1,-1,-1,0.003019,0.002571,0.140543,0.048915
60,2168,217.258611,79.041236,7.963249,15.459607,1,-1,-1,-1,0.388507,0.315079,2.040752,0.935543
60,2162,239.526322,48.947822,8.336071,13.155865,1,-1,-1,-1,0.337806,0.228877,1.783379,0.998939
60,2160,11.074551,130.569033,15.343712,16.910690,1,-1,-1,-1,0.384510,0.303801,2.541427,1.590300
60,2155,-0.762325,170.957803,7.954244,17.724627,1,-1,-1,-1,0.111573,0.084386,1.388796,0.427994
60,2097,217.221949,176.527287,8.248784,16.306221,1,-1,-1,-1,0.226260,0.160503,1.672518,0.699725
60,1960,127.350136,129.970045,8.819987,5.920002,1,-1,-1,-1,0.012628,0.004675,0.017411,0.044440
61,2180,6.256869,243.563199,8.930746,19.358258,1,-1,-1,-1,0.147112,0.111883,2.249419,0.489515
61,2179,23.144090,319.470255,7.864081,16.624250,1,-1,-1,-1,0.364105,0.098305,2.883087,0.733587
61,2174,-44.938499,364.396748,16.379769,8.470438,1,-1,-1,-1,0.177181,0.141590,1.327195,0.537403
61,2173,13.420221,476.954573,8.914771,19.081047,1,-1,-1,-1,0.092201,0.023282,0.734672,0.134241
61,2170,12.236487,425.268024,7.864072,16.169127,1,-1,-1,-1,0.004071,0.003948,0.229297,0.060311
61,2169,60.881718,130.599464,14.822277,7.191097,1,-1,-1,-1,0.002843,0.002470,0.136401,0.047080
61,2168,222.302383,79.922429,8.044267,15.784374,1,-1,-1,-1,0.327427,0.263679,2.246513,0.982112
61,2162,228.232889,53.725120,8.465301,14.384470,1,-1,-1,-1,0.363481,0.274463,2.233491,1.122481
61,2160,20.840897,126.440248,16.343550,16.193088,1,-1,-1,-1,0.372306,0.268820,2.653138,1.641551
61,2155,4.492660,166.619285,7.870679,18.038580,1,-1,-1,-1,0.107692,0.089293,1.372825,0.360320
61,2097,222.379646,176.272798,8.405029,16.421225,1,-1,-1,-1,0.131264,0.100109,1.361304,0.563823
61,1960,127.359814,129.970044,8.810280,5.919913,1,-1,-1,-1,0.011553,0.004448,0.016413,0.042775
62,2180,11.137551,239.908413,8.808938,18.073197,1,-1,-1,-1,0.317667,0.261714,2.750661,0.837948
62,2179,27.779868,319.556243,7.888030,16.540292,1,-1,-1,-1,0.259403,0.083604,2.499030,0.662599
62,2174,-39.824249,364.089507,16.598999,8.447833,1,-1,-1,-1,0.291564,0.258653,1.995702,0.879363
62,2173,18.284072,476.339132,8.830612,18.956569,1,-1,-1,-1,0.129346,0.042131,0.887688,0.181828
62,2170,16.989923,423.807480,7.859359,16.270980,1,-1,-1,-1,0.004071,0.004027,0.239613,0.062023
62,2169,65.674174,130.589783,14.839122,7.180502,1,-1,-1,-1,0.003049,0.002597,0.141040,0.049377
62,2168,227.373459,79.765340,7.970506,15.799429,1,-1,-1,-1,0.162212,0.120589,1.501046,0.543211
62,2162,227.467556,53.209964,7.613049,15.592496,1,-1,-1,-1,0.114746,0.085386,1.267466,0.446554
62,2160,28.670532,123.280141,19.358799,14.142932,1,-1,-1,-1,0.528033,0.243737,3.257437,1.129727
62,2155,8.828145,161.183265,8.416855,18.183848,1,-1,-1,-1,0.103727,0.072004,1.261931,0.355853
62,2097,227.607074,175.590837,8.113348,16.168843,1,-1,-1,-1,0.099055,0.077564,0.981104,0.418395
62,1960,127.340324,129.969961,8.819708,5.920078,1,-1,-1,-1,0.012629,0.004722,0.017411,0.044444
63,2180,15.457047,238.061070,8.386360,18.604509,1,-1,-1,-1,0.178720,0.128175,2.181850,0.516791
63,2179,32.190153,319.891202,8.075745,17.977948,1,-1,-1,-1,0.197734,0.068330,1.990699,0.340014
63,2174,-36.273069,364.034997,17.242407,8.365463,1,-1,-1,-1,0.247560,0.195603,2.177408,0.840954
63,2173,22.585132,476.218143,8.798929,19.160420,1,-1,-1,-1,0.146961,0.031503,0.833882,0.160990
63,2170,21.334991,421.863224,7.857500,16.179290,1,-1,-1,-1,0.002787,0.002495,0.200468,0.051328
63,2169,70.077087,130.600731,14.875661,7.188440,1,-1,-1,-1,0.003505,0.003332,0.151246,0.054824
63,2168,231.926897,79.239056,7.866948,15.630025,1,-1,-1,-1,0.215579,0.151716,1.427253,0.599457
63,2162,232.231756,53.810121,8.125667,15.566125,1,-1,-1,-1,0.283132,0.224922,1.817719,0.845359
63,2160,40.782048,119.265835,18.388774,11.762975,1,-1,-1,-1,0.382565,0.132862,2.215772,0.872156
63,2155,13.080928,156.121027,8.508251,18.611529,1,-1,-1,-1,0.068132,0.048227,0.967881,0.244442
63,2097,232.209785,175.251676,8.042217,16.333141,1,-1,-1,-1,0.111282,0.090720,1.119327,0.442931
63,1960,127.330123,129.969999,8.819986,5.920003,1,-1,-1,-1,0.013668,0.004914,0.017932,0.046181
64,2180,19.173056,235.927762,8.607434,19.306802,1,-1,-1,-1,0.098188,0.071041,1.241039,0.275218
64,2174,-32.297588,364.893909,16.809415,8.556217,1,-1,-1,-1,0.098270,0.073852,1.211699,0.429334
64,2173,26.678405,475.936626,8.804399,19.421849,1,-1,-1,-1,0.155089,0.033704,0.791890,0.156491
64,2170,25.250670,419.773575,7.889083,16.218951,1,-1,-1,-1,0.003368,0.002812,0.213057,0.054829
64,2169,74.083230,130.589403,14.843474,7.181264,1,-1,-1,-1,0.003079,0.002623,0.142124,0.049867
64,2168,236.316650,79.585583,8.037167,15.957199,1,-1,-1,-1,0.300882,0.204228,1.843162,0.672994
64,2155,16.733336,148.647560,8.294201,18.192921,1,-1,-1,-1,0.053104,0.043758,0.873479,0.271012
64,2097,236.364585,174.584996,7.798187,15.873908,1,-1,-1,-1,0.184262,0.153186,1.198387,0.566407
64,1960,127.320200,129.969957,8.829689,5.920085,1,-1,-1,-1,0.014079,0.005012,0.018288,0.045744
65,2180,22.960844,231.689965,8.721998,19.096074,1,-1,-1,-1,0.179368,0.134823,1.665147,0.486524
65,2174,-28.156198,364.324279,16.572538,8.298118,1,-1,-1,-1,0.139742,0.100594,1.234172,0.462562
65,2173,30.402273,475.281691,8.801644,19.372105,1,-1,-1,-1,0.204589,0.044180,0.894839,0.188620
65,2170,28.800562,417.346822,7.872698,16.326062,1,-1,-1,-1,0.004030,0.003947,0.241402,0.061423
65,2169,77.641315,130.602114,14.948237,7.205650,1,-1,-1,-1,0.003079,0.002596,0.146951,0.050333
65,2168,239.193713,79.310917,7.875425,15.483520,1,-1,-1,-1,0.113193,0.084238,1.024878,0.391862
65,2097,240.334822,177.536897,7.924588,16.821721,1,-1,-1,-1,0.192574,0.168423,1.623482,0.697877
65,1960,127.339627,129.970043,8.820301,5.919913,1,-1,-1,-1,0.014791,0.005216,0.018651,0.047074
66,2184,-45.108244,364.569460,9.763689,7.339055,1,-1,-1,-1,0.067898,0.077673,0.147564,0.242757
66,2180,26.141808,226.422073,8.886711,18.468345,1,-1,-1,-1,0.233624,0.163332,2.080627,0.677870
66,2174,-24.879261,364.475493,16.176710,8.162408,1,-1,-1,-1,0.089669,0.068729,0.916626,0.330762
66,2173,33.585967,475.421053,8.935297,19.636153,1,-1,-1,-1,0.247406,0.043345,0.954316,0.202545
66,2170,31.969604,414.497009,7.877130,16.258934,1,-1,-1,-1,0.004408,0.004190,0.242101,0.063802
66,2169,80.930463,130.598860,14.848840,7.202306,1,-1,-1,-1,0.002573,0.002303,0.130851,0.044457
66,2168,242.432371,79.293598,8.127711,15.541471,1,-1,-1,-1,0.147425,0.103392,1.116417,0.496189
66,2097,242.975849,175.953685,7.874608,16.299571,1,-1,-1,-1,0.116309,0.092145,1.137058,0.453514
66,1960,127.339989,129.970004,8.820008,5.919992,1,-1,-1,-1,0.015387,0.005374,0.019021,0.047984
67,2184,-42.125726,364.509377,9.612473,7.396937,1,-1,-1,-1,0.071733,0.078147,0.137746,0.246369
67,2180,29.313929,222.660567,8.973635,18.272456,1,-1,-1,-1,0.233124,0.149804,2.219200,0.642360
67,2179,46.328853,319.539689,8.186284,17.794284,1,-1,-1,-1,0.371404,0.113330,2.335289,0.728152
67,2174,-21.903802,364.492463,16.149952,8.166448,1,-1,-1,-1,0.076942,0.057281,0.859564,0.292754
67,2170,34.803722,411.455433,7.891715,16.292656,1,-1,-1,-1,0.004918,0.004493,0.251916,0.065634
67,2169,83.847364,130.621505,14.865951,7.236823,1,-1,-1,-1,0.002704,0.002397,0.134094,0.045741
67,2168,245.789438,79.508441,8.229201,15.657455,1,-1,-1,-1,0.346500,0.252284,1.600651,0.803020
67,2160,85.769717,116.225435,15.946657,7.880666,1,-1,-1,-1,0.277958,0.076081,1.421684,0.584007
67,2097,246.215927,175.927989,8.116005,16.314912,1,-1,-1,-1,0.354864,0.288698,1.738214,0.950392
67,1960,127.320221,129.960043,8.819997,5.919998,1,-1,-1,-1,0.012505,0.004675,0.017411,0.043194
68,2184,-39.276737,364.604064,9.358377,6.837689,1,-1,-1,-1,0.051011,0.043665,0.079234,0.134743
68,2180,31.384143,219.615794,9.545416,18.695903,1,-1,-1,-1,0.217582,0.135468,2.118502,0.621560
68,2179,49.063657,319.503428,8.224981,17.124849,1,-1,-1,-1,0.483210,0.117903,2.350392,0.787793
68,2174,-19.245866,364.594540,16.165619,8.276599,1,-1,-1,-1,0.088397,0.064143,0.870913,0.316416
68,2170,37.289476,408.019337,7.878187,16.285009,1,-1,-1,-1,0.004152,0.003986,0.237951,0.061459
68,2169,86.462978,130.598678,14.834950,7.212810,1,-1,-1,-1,0.002651,0.002350,0.132865,0.045308
68,2168,248.341367,79.361724,7.827132,15.263262,1,-1,-1,-1,0.180032,0.115791,1.267306,0.536321
68,2155,28.619377,122.993804,8.147926,18.581585,1,-1,-1,-1,0.067593,0.059560,1.059906,0.289053
68,1960,127.349650,129.970000,8.810249,5.919924,1,-1,-1,-1,0.009383,0.003830,0.014727,0.037748
69,2184,-36.744510,364.141119,9.203573,6.571952,1,-1,-1,-1,0.055973,0.047020,0.082440,0.130990
69,2180,32.966903,216.255847,9.732447,19.885927,1,-1,-1,-1,0.111550,0.083127,1.348280,0.338263
69,2179,50.844795,319.495030,8.445263,17.185949,1,-1,-1,-1,0.199408,0.063166,1.861418,0.520091
69,2174,-17.438440,364.779893,16.526237,8.326826,1,-1,-1,-1,0.102516,0.078904,0.972729,0.381895
69,2170,39.472093,404.272718,7.884836,16.289903,1,-1,-1,-1,0.004496,0.004232,0.245138,0.064405
69,2169,88.756036,130.599519,14.840582,7.200988,1,-1,-1,-1,0.002988,0.002545,0.137583,0.048440
69,2168,252.001079,79.389463,7.773017,15.396488,1,-1,-1,-1,0.674161,0.483316,1.978926,1.089284
69,2155,30.232162,115.337577,8.549077,18.575478,1,-1,-1,-1,0.075343,0.055079,1.026108,0.320991
69,1960,127.340174,129.969965,8.819743,5.920070,1,-1,-1,-1,0.009666,0.003869,0.015169,0.038847
70,2184,-34.540159,364.555424,9.177303,6.512124,1,-1,-1,-1,0.047018,0.033781,0.057921,0.101842
70,2180,34.739776,210.869894,9.957590,19.976595,1,-1,-1,-1,0.068162,0.055174,0.940342,0.245865
70,2179,53.214818,319.596962,8.316242,17.475593,1,-1,-1,-1,0.348754,0.107052,2.109598,0.726343
70,2174,-15.077248,364.513585,16.194746,8.253250,1,-1,-1,-1,0.102615,0.078235,0.914444,0.365317
70,2173,43.619844,469.231994,9.292180,19.473970,1,-1,-1,-1,0.341368,0.077321,1.346460,0.316888
70,2170,41.369993,400.158573,7.896839,16.238037,1,-1,-1,-1,0.003911,0.003831,0.229574,0.059741
70,2169,90.768125,130.600276,14.876794,7.199449,1,-1,-1,-1,0.003048,0.003046,0.143805,0.052281
70,2155,32.487566,107.376515,8.261731,18.627237,1,-1,-1,-1,0.102334,0.081807,1.196931,0.387735
70,1960,127.359768,129.960043,8.819988,5.920002,1,-1,-1,-1,0.013268,0.004817,0.017582,0.044437
71,2191,38.372606,245.191704,8.066843,16.757070,1,-1,-1,-1,0.237169,0.175513,3.252496,0.706014
71,2184,-33.172642,364.505491,9.528118,7.022601,1,-1,-1,-1,0.048798,0.042173,0.079670,0.136404
71,2180,36.885807,204.069648,9.082681,19.398953,1,-1,-1,-1,0.079007,0.063533,1.031026,0.320619
71,2174,-13.390773,364.479885,15.958108,8.214472,1,-1,-1,-1,0.041401,0.032121,0.514168,0.171345
71,2173,45.196486,467.469645,9.090903,20.033263,1,-1,-1,-1,0.271023,0.046847,1.025626,0.199109
71,2170,43.012340,395.785824,7.894474,16.294676,1,-1,-1,-1,0.004408,0.004148,0.244414,0.063199
71,2169,92.535826,130.599932,14.870642,7.200137,1,-1,-1,-1,0.002843,0.002495,0.138838,0.047539
71,2155,33.880136,99.717505,8.523508,18.766585,1,-1,-1,-1,0.129803,0.088282,1.260339,0.352417
71,1960,127.350162,129.969949,8.819996,5.919998,1,-1,-1,-1,0.015539,0.005374,0.019207,0.047979
72,2191,40.133185,242.343646,7.990699,16.034866,1,-1,-1,-1,0.108275,0.087400,1.412900,0.450768
72,2184,-31.536361,365.700916,10.242285,7.918449,1,-1,-1,-1,0.234388,0.145500,0.270322,0.495352
72,2180,38.194600,199.697047,8.848111,19.269421,1,-1,-1,-1,0.059001,0.049605,0.829639,0.197509
72,2174,-11.689403,364.898908,16.121429,8.516360,1,-1,-1,-1,0.081804,0.064629,0.742176,0.329475
72,2173,46.206019,465.484453,8.989963,20.195949,1,-1,-1,-1,0.067964,0.028000,0.655204,0.108124
72,2170,44.421607,391.081755,7.896830,16.284436,1,-1,-1,-1,0.004633,0.004274,0.244813,0.064411
72,2169,94.095843,130.589497,14.861734,7.191078,1,-1,-1,-1,0.003141,0.002649,0.142438,0.050327
72,2155,34.898690,90.737122,8.970105,18.112679,1,-1,-1,-1,0.087824,0.066685,1.216324,0.376661
72,1960,127.359853,129.970002,8.819996,5.919998,1,-1,-1,-1,0.018372,0.005996,0.020776,0.052280
73,2191,40.720138,238.484951,8.267433,16.268431,1,-1,-1,-1,0.116735,0.087133,1.412261,0.458489
73,2180,39.583310,194.589784,8.772421,19.693259,1,-1,-1,-1,0.080417,0.056661,0.803695,0.209630
73,2174,-9.948677,364.674454,16.324619,8.297129,1,-1,-1,-1,0.098711,0.076690,0.854048,0.358923
73,2173,47.795185,462.932519,9.034202,20.049800,1,-1,-1,-1,0.319246,0.075789,1.023151,0.244363
73,2170,45.588478,386.049627,7.888562,16.276512,1,-1,-1,-1,0.003576,0.003608,0.227229,0.057525
73,2169,95.435890,130.599594,14.870121,7.180780,1,-1,-1,-1,0.002815,0.002869,0.138714,0.050334
73,2155,35.746785,82.314404,9.195829,18.566536,1,-1,-1,-1,0.135490,0.094932,1.326574,0.412323
73,1960,127.340211,129.970001,8.819997,5.919998,1,-1,-1,-1,0.010996,0.004274,0.016252,0.041975
74,2191,41.878676,233.730906,8.274515,16.189203,1,-1,-1,-1,0.166773,0.120036,1.718148,0.628751
74,2180,40.339896,188.322979,8.866591,19.730511,1,-1,-1,-1,0.083583,0.058873,0.820806,0.213492
74,2174,-9.017865,364.529495,15.971880,8.290174,1,-1,-1,-1,0.071344,0.060625,0.733221,0.284981
74,2173,49.047863,460.036456,8.874923,19.747652,1,-1,-1,-1,0.453221,0.100401,1.336530,0.349894
74,2170,46.587945,380.709329,7.870010,16.268240,1,-1,-1,-1,0.003758,0.003755,0.230297,0.059158
74,2169,96.576192,130.590301,14.860144,7.189417,1,-1,-1,-1,0.002988,0.002571,0.139846,0.048451
74,2155,36.812583,72.939356,9.014108,18.682798,1,-1,-1,-1,0.158260,0.105249,1.385628,0.424316
74,1960,127.339999,129.979956,8.819997,5.919998,1,-1,-1,-1,0.014078,0.005012,0.018108,0.046619
75,2191,43.262403,226.658451,7.740958,15.395130,1,-1,-1,-1,0.140759,0.099754,1.170692,0.448430
75,2180,41.428195,182.284079,8.851904,19.838081,1,-1,-1,-1,0.076853,0.065344,0.865928,0.247159
75,2174,-7.869105,364.945442,16.100599,8.704019,1,-1,-1,-1,0.130534,0.102114,1.084555,0.497050
75,2170,47.401600,375.071723,7.877130,16.237104,1,-1,-1,-1,0.004918,0.004448,0.245851,0.065616
75,2169,97.556390,130.590017,14.859982,7.189960,1,-1,-1,-1,0.003141,0.002649,0.142312,0.050811
75,2155,37.924503,63.365839,9.087385,18.379389,1,-1,-1,-1,0.128158,0.092609,1.459649,0.523201
75,1960,127.330114,129.980005,8.819997,5.919998,1,-1,-1,-1,0.013138,0.004769,0.017756,0.044451
76,2191,43.361465,221.577245,8.240618,15.574330,1,-1,-1,-1,0.076036,0.058644,0.843301,0.358901
76,2180,42.550957,175.505157,8.566128,19.774053,1,-1,-1,-1,0.091664,0.081113,1.040242,0.299736
76,2174,-7.124968,364.996470,16.084291,8.690345,1,-1,-1,-1,0.096362,0.064866,0.942158,0.370107
76,2170,48.040322,369.132555,7.886125,16.233385,1,-1,-1,-1,0.004152,0.003947,0.234552,0.061459
76,2169,98.385822,130.599969,14.860010,7.190003,1,-1,-1,-1,0.002958,0.002985,0.142311,0.051792
76,2155,38.647703,53.387799,8.205492,18.699093,1,-1,-1,-1,0.074892,0.060090,1.054432,0.257837
76,1960,127.329986,129.970051,8.819997,5.919998,1,-1,-1,-1,0.014219,0.005063,0.018467,0.047071
77,2191,43.667760,215.169265,8.337216,15.359651,1,-1,-1,-1,0.039869,0.031530,0.471730,0.186778
77,2180,43.968576,165.365464,8.457033,17.886382,1,-1,-1,-1,0.100614,0.085859,1.108857,0.416378
77,2174,-5.853792,364.821889,15.297077,8.290366,1,-1,-1,-1,0.068040,0.043765,0.585673,0.223554
77,2170,48.550832,362.903996,7.895624,16.241702,1,-1,-1,-1,0.004452,0.004148,0.237924,0.062614
77,2169,99.085492,130.599996,14.860015,7.190007,1,-1,-1,-1,0.002900,0.002956,0.141027,0.051794
77,2155,39.281467,44.007473,8.200732,18.725357,1,-1,-1,-1,0.204373,0.147357,1.431428,0.520160
77,1960,127.329986,129.970001,8.819997,5.919998,1,-1,-1,-1,0.014791,0.005164,0.019020,0.047077
78,2199,60.048079,264.957702,8.789336,19.856540,1,-1,-1,-1,0.107928,0.043696,1.470623,0.245903
78,2191,44.355129,209.560211,8.684143,15.374176,1,-1,-1,-1,0.072634,0.052543,0.677755,0.298343
78,2180,44.512982,161.387742,9.040892,19.062412,1,-1,-1,-1,0.073392,0.057834,1.034213,0.222867
78,2174,-5.098210,365.013904,15.295084,8.339293,1,-1,-1,-1,0.142539,0.093023,0.890022,0.410960
78,2173,50.883589,448.129323,9.076168,20.249229,1,-1,-1,-1,0.173771,0.042111,0.885366,0.151210
78,2170,48.938504,356.330944,7.889006,16.227962,1,-1,-1,-1,0.004278,0.004026,0.232179,0.061449
78,2169,99.666300,130.590107,14.869164,7.189834,1,-1,-1,-1,0.003236,0.002702,0.144749,0.051794
78,2155,39.088684,33.267830,8.395880,18.708082,1,-1,-1,-1,0.094168,0.070122,1.059939,0.301004
78,1960,127.329990,129.970001,8.819997,5.919998,1,-1,-1,-1,0.011440,0.004360,0.017071,0.042780
79,2200,45.921504,251.368926,8.272900,17.828603,1,-1,-1,-1,0.231792,0.173927,3.714481,0.660535
79,2199,60.339240,264.849128,8.768037,19.745954,1,-1,-1,-1,0.158367,0.062597,1.666695,0.335115
79,2191,44.466921,203.532500,8.342604,15.789488,1,-1,-1,-1,0.078414,0.057837,0.821293,0.321564
79,2180,45.999986,155.657548,10.530966,19.171380,1,-1,-1,-1,0.107080,0.089764,1.490191,0.614132
79,2174,-5.544083,365.113681,15.747995,8.396785,1,-1,-1,-1,0.055317,0.041745,0.643969,0.228418
79,2173,51.589783,443.339520,9.428814,19.746724,1,-1,-1,-1,0.133040,0.045879,0.889049,0.203097
79,2170,49.230799,349.471785,7.880220,16.191734,1,-1,-1,-1,0.006121,0.005063,0.255621,0.070070
79,2169,100.164969,130.599894,14.860784,7.190161,1,-1,-1,-1,0.003110,0.002596,0.142251,0.049860
79,1960,127.329992,129.970001,8.819997,5.919998,1,-1,-1,-1,0.010887,0.004190,0.016412,0.040768
80,2200,46.642208,244.497885,8.050399,17.046179,1,-1,-1,-1,0.223503,0.161695,2.632985,0.740488
80,2191,44.855578,196.332720,8.137844,15.187441,1,-1,-1,-1,0.076228,0.059505,0.683379,0.281083
80,2180,48.411047,147.819586,11.829505,19.220401,1,-1,-1,-1,0.167613,0.126085,1.892640,0.966837
80,2174,-5.365298,365.337430,15.941057,8.763951,1,-1,-1,-1,0.117006,0.092150,0.944279,0.442135
80,2173,52.711021,439.351609,8.944609,19.804961,1,-1,-1,-1,0.222345,0.053993,1.044006,0.231404
80,2170,49.422268,342.369045,7.884409,16.245373,1,-1,-1,-1,0.005597,0.004817,0.256510,0.068808
80,2169,100.565847,130.600478,14.868504,7.199020,1,-1,-1,-1,0.003110,0.002622,0.143442,0.049855
80,1960,127.320127,129.970001,8.819997,5.919998,1,-1,-1,-1,0.015386,0.005374,0.019206,0.047971
81,2200,46.150076,239.130262,8.746465,16.823530,1,-1,-1,-1,0.100308,0.079543,1.629076,0.516011
81,2191,45.143106,189.731329,7.982436,15.299760,1,-1,-1,-1,0.083654,0.067928,0.769394,0.308630
81,2180,51.175214,142.274249,13.318344,19.262508,1,-1,-1,-1,0.252816,0.192563,2.412908,1.225939
81,2174,-5.298260,364.935606,16.132774,8.345155,1,-1,-1,-1,0.068758,0.055151,0.798785,0.279352
81,2173,54.011082,435.069126,8.781706,19.798002,1,-1,-1,-1,0.183764,0.038963,0.866812,0.185729
81,2170,49.535752,334.797054,7.890036,16.165261,1,-1,-1,-1,0.003611,0.003608,0.217674,0.057538
81,2169,100.913965,130.589573,14.861439,7.190927,1,-1,-1,-1,0.003048,0.002571,0.140930,0.049383
81,1960,127.329863,129.979957,8.819997,5.919998,1,-1,-1,-1,0.013401,0.004865,0.017931,0.045748
82,2201,-25.253107,364.783864,9.833869,7.034126,1,-1,-1,-1,0.453337,0.406561,0.841169,0.933998
82,2200,46.071577,232.941092,8.807401,16.586957,1,-1,-1,-1,0.102785,0.079632,1.302297,0.504357
82,2191,44.869900,183.500352,8.690370,15.806447,1,-1,-1,-1,0.044714,0.037888,0.630971,0.259085
82,2180,54.932368,135.843260,15.828029,18.869145,1,-1,-1,-1,0.171963,0.096684,2.410874,1.146263
82,2179,63.711615,319.375448,7.439918,13.869947,1,-1,-1,-1,0.113888,0.042519,0.819245,0.355043
82,2174,-5.145223,365.177830,16.170202,8.599997,1,-1,-1,-1,0.067929,0.055056,0.750562,0.268366
82,2173,54.555590,430.380422,8.717601,19.955449,1,-1,-1,-1,0.123874,0.030856,0.748442,0.142550
82,2170,49.587602,326.942548,7.897160,16.155651,1,-1,-1,-1,0.004111,0.003908,0.223718,0.060285
82,2169,101.205160,130.600731,14.858724,7.208439,1,-1,-1,-1,0.003141,0.002649,0.142115,0.049854
82,1960,127.320108,129.970048,8.819997,5.919998,1,-1,-1,-1,0.013009,0.004817,0.018108,0.045308
83,2201,-25.094684,365.030696,9.994272,7.246962,1,-1,-1,-1,0.287246,0.228072,0.601160,0.712270
83,2200,46.399588,227.621865,8.759226,16.627864,1,-1,-1,-1,0.186973,0.131948,1.696956,0.629791
83,2191,44.735097,176.022132,8.416440,15.685640,1,-1,-1,-1,0.062951,0.046786,0.682681,0.278147
83,2180,59.616253,129.131935,17.648227,17.962044,1,-1,-1,-1,0.291759,0.168675,2.800957,1.354186
83,2179,63.956404,319.485974,7.474313,14.456160,1,-1,-1,-1,0.149753,0.051469,0.883406,0.407507
83,2174,-4.749888,365.066973,16.252967,8.524729,1,-1,-1,-1,0.097660,0.077338,0.896101,0.354314
83,2173,55.449878,424.712415,9.290155,18.978047,1,-1,-1,-1,0.384327,0.109482,1.297663,0.414516
83,2170,49.579942,318.820677,7.885581,16.243198,1,-1,-1,-1,0.005433,0.004722,0.252910,0.068127
83,2169,101.451508,130.599271,14.814418,7.201484,1,-1,-1,-1,0.002732,0.002397,0.131231,0.045751
83,1960,127.329885,129.970001,8.819998,5.919998,1,-1,-1,-1,0.011439,0.004404,0.016738,0.042368
84,2201,-24.362421,364.592203,9.883966,7.206864,1,-1,-1,-1,0.363115,0.507693,0.809532,0.963527
84,2200,45.777896,221.814311,9.439422,16.480796,1,-1,-1,-1,0.200153,0.056510,1.080366,0.335945
84,2191,44.629635,169.785116,8.292688,15.484431,1,-1,-1,-1,0.048238,0.035030,0.506826,0.194875
84,2180,63.189252,125.344639,22.673064,14.011654,1,-1,-1,-1,0.223738,0.111845,1.957712,0.118637
84,2179,64.113428,321.564031,7.564894,15.533868,1,-1,-1,-1,0.136354,0.050514,1.188919,0.485366
84,2174,-4.659082,364.912192,16.174556,8.474994,1,-1,-1,-1,0.100629,0.076730,0.905991,0.358068
84,2173,54.373127,418.937223,9.566158,18.528494,1,-1,-1,-1,0.226190,0.061876,1.171868,0.320740
84,2170,49.531211,310.538165,7.921714,16.257070,1,-1,-1,-1,0.005433,0.004629,0.252012,0.067524
84,2169,101.634089,130.589385,14.839415,7.181326,1,-1,-1,-1,0.003018,0.002596,0.139445,0.049846
84,1960,127.329996,129.970000,8.819998,5.919998,1,-1,-1,-1,0.011439,0.004448,0.016738,0.042772
85,2200,46.262333,215.452318,9.132805,16.679704,1,-1,-1,-1,0.160624,0.123030,1.480835,0.608145
85,2191,43.747439,163.392805,9.232241,15.799264,1,-1,-1,-1,0.099379,0.073750,0.874092,0.482962
85,2180,70.178201,120.713333,22.603106,12.888200,1,-1,-1,-1,0.364626,0.125212,1.998533,0.432343
85,2179,64.072519,319.768898,7.724083,15.430065,1,-1,-1,-1,0.137387,0.048149,1.007949,0.412565
85,2174,-4.528269,364.728808,16.275548,8.254001,1,-1,-1,-1,0.051640,0.040529,0.665374,0.219525
85,2173,55.229645,412.542122,11.156087,17.497749,1,-1,-1,-1,0.472075,0.226598,1.931083,0.856313
85,2170,49.416766,302.381908,7.909216,16.275490,1,-1,-1,-1,0.005067,0.004448,0.249891,0.065648
85,2169,101.795264,130.600536,14.857445,7.188831,1,-1,-1,-1,0.003436,0.003299,0.148398,0.054825
85,1960,127.329997,129.970000,8.819998,5.919998,1,-1,-1,-1,0.011784,0.004492,0.016903,0.042773
86,2200,46.269506,209.026654,8.732037,16.715688,1,-1,-1,-1,0.101507,0.080884,1.264392,0.469789
86,2191,41.717459,157.522347,10.080683,16.116087,1,-1,-1,-1,0.130999,0.093295,1.022508,0.651461
86,2180,78.207198,118.153266,22.246382,11.495430,1,-1,-1,-1,0.316580,0.117691,1.837811,0.441223
86,2179,64.204277,320.560703,7.851232,15.722734,1,-1,-1,-1,0.151471,0.051975,1.159147,0.460791
86,2174,-4.292571,364.889728,16.385879,8.371497,1,-1,-1,-1,0.112809,0.088800,0.958793,0.407786
86,2170,49.348096,294.122498,7.852982,16.071856,1,-1,-1,-1,0.004111,0.003908,0.219053,0.060883
86,2169,101.876658,130.590730,14.923658,7.188589,1,-1,-1,-1,0.003172,0.002675,0.147232,0.051311
86,1960,127.329998,129.970000,8.819998,5.919999,1,-1,-1,-1,0.009860,0.003947,0.015623,0.038854
87,2205,62.817148,265.302935,7.426600,14.912968,1,-1,-1,-1,0.189584,0.059688,1.611342,0.468414
87,2200,45.941222,203.238656,8.841297,16.871075,1,-1,-1,-1,0.068843,0.058467,1.088813,0.388078
87,2191,39.597491,151.227037,10.737150,16.349214,1,-1,-1,-1,0.336808,0.284837,1.721119,1.210025
87,2180,86.718975,117.101829,21.495939,10.059703,1,-1,-1,-1,0.123975,0.039422,1.598993,0.383238
87,2179,64.368501,320.428958,7.882915,15.872675,1,-1,-1,-1,0.200028,0.064682,1.312007,0.541605
87,2174,-4.155776,364.782319,16.232808,8.377739,1,-1,-1,-1,0.140741,0.110082,1.086685,0.475903
87,2170,49.179998,286.267866,7.870935,16.167441,1,-1,-1,-1,0.005118,0.004537,0.242525,0.066241
87,2169,101.992548,130.610509,14.891364,7.208833,1,-1,-1,-1,0.003204,0.002675,0.144635,0.050817
87,1960,127.349797,129.970000,8.819998,5.919998,1,-1,-1,-1,0.011215,0.004360,0.016411,0.041156
88,2205,62.828895,265.130047,7.612795,15.292252,1,-1,-1,-1,0.168683,0.054205,1.417404,0.447693
88,2200,46.207156,197.422421,8.400628,17.220564,1,-1,-1,-1,0.096114,0.078227,1.232104,0.427999
88,2191,35.847356,146.238523,11.991803,16.477496,1,-1,-1,-1,0.405951,0.364417,2.361681,1.644325
88,2180,94.250387,116.443509,20.431190,9.509588,1,-1,-1,-1,0.453905,0.110568,1.714816,0.460694
88,2179,64.352887,321.099825,7.879546,16.213725,1,-1,-1,-1,0.197975,0.064728,1.458556,0.527783
88,2174,-4.061556,365.052735,16.440686,8.366093,1,-1,-1,-1,0.155568,0.121849,1.236886,0.533408
88,2170,49.056873,278.365886,7.878344,16.130083,1,-1,-1,-1,0.006498,0.004190,0.247355,0.066262
88,2169,102.063397,130.621142,14.906790,7.237636,1,-1,-1,-1,0.001926,0.001944,0.118893,0.038123
88,1960,127.349925,129.980003,8.810261,5.919922,1,-1,-1,-1,0.009763,0.003986,0.015470,0.039227
89,2205,62.833807,264.770573,7.630791,15.194157,1,-1,-1,-1,0.111924,0.039591,1.029572,0.350820
89,2203,63.543918,293.835128,8.043244,18.180341,1,-1,-1,-1,0.325172,0.097888,2.352697,0.422044
89,2200,46.103218,190.359579,8.293709,16.423248,1,-1,-1,-1,0.072775,0.062443,0.902765,0.334053
89,2191,29.443680,141.114789,15.300494,16.171601,1,-1,-1,-1,0.117996,0.070787,1.299881,0.513758
89,2179,64.471493,319.847950,7.853314,16.302566,1,-1,-1,-1,0.311964,0.100273,1.695092,0.667474
89,2174,-3.935765,364.677823,16.185319,8.066022,1,-1,-1,-1,0.112833,0.086877,1.011467,0.410150
89,2173,35.045620,390.760864,20.423183,15.454780,1,-1,-1,-1,0.073639,0.054097,1.873697,0.394876
89,2170,48.864200,270.523658,7.870903,16.083853,1,-1,-1,-1,0.005118,0.004537,0.233794,0.065030
89,2169,102.149208,130.608546,14.865812,7.213026,1,-1,-1,-1,0.002472,0.002258,0.128528,0.043592
89,1960,127.340074,129.980005,8.810004,5.919995,1,-1,-1,-1,0.007694,0.003399,0.013744,0.034269
90,2205,62.834117,264.694177,7.713975,14.954986,1,-1,-1,-1,0.208959,0.069593,1.154195,0.448013
90,2203,63.491034,293.806516,8.167495,18.101086,1,-1,-1,-1,0.151111,0.047104,1.793525,0.419252
90,2200,45.762052,184.199403,8.171972,16.518886,1,-1,-1,-1,0.111205,0.079670,1.073811,0.394386
90,2191,22.862615,136.205289,16.880896,15.199521,1,-1,-1,-1,0.145947,0.076711,1.348624,0.721117
90,2174,-4.125986,365.088703,15.867300,8.344629,1,-1,-1,-1,0.166238,0.153100,1.147064,0.578262
90,2170,48.705608,262.762593,7.864852,16.192168,1,-1,-1,-1,0.003834,0.003793,0.225751,0.059743
90,2169,102.221590,130.599420,14.861557,7.201237,1,-1,-1,-1,0.003079,0.002596,0.139308,0.049369
90,1960,127.369740,129.979960,8.819695,5.920086,1,-1,-1,-1,0.013137,0.004865,0.017408,0.044855
91,2205,62.872158,265.920252,7.773487,15.491013,1,-1,-1,-1,0.199880,0.066352,1.426548,0.529720
91,2203,63.780450,292.506747,8.008096,17.638696,1,-1,-1,-1,0.368897,0.139877,2.371959,0.663528
91,2200,45.889346,177.866201,8.454314,17.137411,1,-1,-1,-1,0.060236,0.021513,0.769676,0.168805
91,2191,16.157705,132.151712,18.291810,13.613880,1,-1,-1,-1,0.249862,0.106057,1.541437,0.706082
91,2174,-3.451469,364.531358,15.179825,7.829679,1,-1,-1,-1,0.098386,0.080779,0.804299,0.352491
91,2170,48.496935,254.883344,7.864479,16.272833,1,-1,-1,-1,0.005487,0.004769,0.256645,0.069411
91,2169,102.271875,130.600230,14.850336,7.209517,1,-1,-1,-1,0.002843,0.002470,0.135811,0.047081
91,1960,127.320548,129.970177,8.820179,5.929699,1,-1,-1,-1,0.013534,0.005063,0.018107,0.045307
92,2205,62.822386,265.299397,7.891325,15.483500,1,-1,-1,-1,0.271441,0.083057,1.452684,0.586525
92,2200,46.303340,169.212790,8.376191,16.261209,1,-1,-1,-1,0.118255,0.088741,0.959529,0.401954
92,2191,10.204817,129.637769,18.395335,11.272207,1,-1,-1,-1,0.258417,0.067381,1.192312,0.437631
92,2174,-3.038989,364.901622,15.280920,7.870487,1,-1,-1,-1,0.866548,0.757946,1.871285,1.223308
92,2170,48.316047,246.890026,7.875263,16.299867,1,-1,-1,-1,0.005597,0.004817,0.262075,0.069452
92,2169,102.302485,130.599769,14.869103,7.200488,1,-1,-1,-1,0.003110,0.002649,0.141867,0.050807
92,1960,127.319892,129.960088,8.810297,5.929907,1,-1,-1,-1,0.011668,0.004537,0.016904,0.042777
93,2205,62.821391,265.624416,7.998146,15.732834,1,-1,-1,-1,0.287320,0.088657,1.627703,0.628506
93,2200,46.443733,162.824495,9.166355,16.298513,1,-1,-1,-1,0.086989,0.066085,0.989211,0.441314
93,2191,4.032253,128.567184,18.068574,10.330907,1,-1,-1,-1,0.250371,0.069818,1.164739,0.432597
93,2170,48.092792,238.703445,7.870643,16.263103,1,-1,-1,-1,0.004869,0.004404,0.247909,0.065656
93,2169,102.340482,130.589140,14.862264,7.181806,1,-1,-1,-1,0.002704,0.002421,0.134627,0.046637
93,1960,127.330051,129.969788,8.819520,5.920377,1,-1,-1,-1,0.012381,0.004629,0.017239,0.044444
94,2211,133.552100,117.415541,18.394278,8.294782,1,-1,-1,-1,0.456823,0.301485,5.541200,0.836781
94,2205,62.905002,266.009803,7.988119,15.853221,1,-1,-1,-1,0.212365,0.067486,1.452680,0.552106
94,2200,47.434696,156.935838,9.418666,16.841679,1,-1,-1,-1,0.139225,0.107951,1.324006,0.653997
94,2191,-3.607527,128.135307,18.405623,9.380346,1,-1,-1,-1,0.245961,0.052527,1.190325,0.326676
94,2170,47.875349,230.453896,7.856043,16.362465,1,-1,-1,-1,0.005824,0.005012,0.270057,0.070745
94,2169,102.353094,130.600871,14.877120,7.198157,1,-1,-1,-1,0.002988,0.002545,0.140583,0.048907
94,1960,127.349719,129.979995,8.810257,5.919931,1,-1,-1,-1,0.010887,0.004317,0.016092,0.041962
95,2211,144.036529,116.983539,18.333990,7.997294,1,-1,-1,-1,0.257116,0.067013,3.016434,0.494713
95,2205,62.950199,266.530639,7.906015,16.279758,1,-1,-1,-1,0.410031,0.124002,2.000020,0.787853
95,2203,63.917908,293.409194,7.845744,16.049019,1,-1,-1,-1,0.408327,0.124734,2.126442,0.790331
95,2200,48.913336,149.231302,10.853667,17.032885,1,-1,-1,-1,0.175853,0.117575,1.366640,0.833958
95,2191,-8.422169,115.873891,18.969976,9.315605,1,-1,-1,-1,0.216847,0.157827,1.554737,0.563717
95,2170,47.635989,222.597781,7.883655,16.370265,1,-1,-1,-1,0.005379,0.004769,0.264638,0.069457
95,2169,102.372012,130.600175,14.888855,7.199651,1,-1,-1,-1,0.002900,0.002520,0.139430,0.048912
95,1960,127.340068,129.989975,8.810004,5.919995,1,-1,-1,-1,0.007177,0.003201,0.013082,0.031717
96,2211,149.812073,116.992356,18.779776,8.001375,1,-1,-1,-1,0.149976,0.052450,1.801002,0.302398
96,2200,50.434211,142.946635,12.164753,17.425458,1,-1,-1,-1,0.194157,0.142042,1.603720,1.014518
96,2191,-8.256083,113.766089,19.160529,9.279210,1,-1,-1,-1,0.267556,0.205212,1.829328,0.662762
96,2170,47.461663,215.436011,7.881670,16.307550,1,-1,-1,-1,0.005824,0.004963,0.262268,0.070104
96,2169,102.390962,130.599919,14.880788,7.200163,1,-1,-1,-1,0.002958,0.002571,0.139403,0.049381
96,1960,127.349925,129.980039,8.809998,5.919998,1,-1,-1,-1,0.008497,0.003608,0.014296,0.036305
97,2211,154.065398,116.896252,19.013726,7.958358,1,-1,-1,-1,0.204599,0.070305,1.787168,0.300505
97,2200,53.900093,136.787415,14.161790,17.284276,1,-1,-1,-1,0.194593,0.127903,1.592632,1.032257
97,2191,-6.467758,113.331107,18.468226,9.071090,1,-1,-1,-1,0.126987,0.094096,1.562406,0.450970
97,2170,47.281729,209.026487,7.870603,16.300210,1,-1,-1,-1,0.005118,0.004583,0.253863,0.066902
97,2169,102.410375,130.599796,14.861805,7.200408,1,-1,-1,-1,0.003048,0.002571,0.139393,0.049382
97,1960,127.340193,129.970000,8.819722,5.920077,1,-1,-1,-1,0.010258,0.004107,0.016091,0.040758
98,2211,158.833144,116.889771,18.411814,8.040235,1,-1,-1,-1,0.201386,0.063269,1.838365,0.508616
98,2200,57.949101,131.189058,15.591762,17.050786,1,-1,-1,-1,0.262421,0.187813,2.115060,1.344744
98,2191,-7.002662,114.136408,18.432069,9.282067,1,-1,-1,-1,0.169461,0.117353,1.784927,0.609608
98,2170,47.121078,203.333798,7.860821,16.281596,1,-1,-1,-1,0.004364,0.004107,0.239538,0.063225
98,2169,102.440161,130.599788,14.841825,7.200425,1,-1,-1,-1,0.002900,0.002495,0.135742,0.047533
98,1960,127.339926,129.970031,8.810227,5.919936,1,-1,-1,-1,0.008085,0.003467,0.014018,0.034940
99,2211,161.623716,118.033649,17.193683,8.712559,1,-1,-1,-1,0.151235,0.120036,1.595893,0.641572
99,2200,63.252567,125.519832,17.200143,15.573737,1,-1,-1,-1,0.246469,0.141758,2.104335,1.223835
99,2191,-6.836451,112.928288,18.109408,8.741923,1,-1,-1,-1,0.234970,0.185858,1.943237,0.806428
99,2170,46.983497,198.397163,7.875329,16.310405,1,-1,-1,-1,0.004193,0.004026,0.238991,0.062620
99,2169,102.458585,130.588895,14.804722,7.182296,1,-1,-1,-1,0.002678,0.002373,0.130959,0.045747
99,1960,127.330178,129.969962,8.819732,5.920073,1,-1,-1,-1,0.010057,0.004066,0.015933,0.040366
100,2200,69.660007,122.092036,17.784273,14.092720,1,-1,-1,-1,0.218741,0.162467,1.892429,1.162360
100,2191,-6.329444,113.714881,17.848280,8.870135,1,-1,-1,-1,0.220185,0.185977,2.005698,0.925191
100,2170,46.862170,194.154271,7.877511,16.333707,1,-1,-1,-1,0.003834,0.003793,0.235089,0.060302
100,2169,102.443588,130.590813,14.854698,7.188343,1,-1,-1,-1,0.003018,0.002596,0.139240,0.049846
100,1960,127.339826,129.970036,8.810253,5.919926,1,-1,-1,-1,0.009571,0.003908,0.015318,0.039226
