1,6646,-153.670000,195.640000,7.740000,20.200000,1,-1,-1,-1,10.000000,10.000000,10.000000,10.000000
1,6645,-295.050000,116.650000,18.950000,8.300000,1,-1,-1,-1,10.000000,10.000000,10.000000,10.000000
1,6644,-179.520000,215.450000,8.700000,18.270000,1,-1,-1,-1,10.000000,10.000000,10.000000,10.000000
1,6643,87.140000,131.130000,19.280000,8.300000,1,-1,-1,-1,10.000000,10.000000,10.000000,10.000000
1,6642,-181.850000,10.660000,8.300000,18.070000,1,-1,-1,-1,10.000000,10.000000,10.000000,10.000000
1,6641,-166.950000,41.020000,7.720000,16.010000,1,-1,-1,-1,10.000000,10.000000,10.000000,10.000000
1,6640,-181.550000,38.400000,7.930000,17.500000,1,-1,-1,-1,10.000000,10.000000,10.000000,10.000000
1,6639,-167.120000,70.410000,8.380000,18.950000,1,-1,-1,-1,10.000000,10.000000,10.000000,10.000000
1,6638,124.160000,130.930000,15.210000,7.850000,1,-1,-1,-1,10.000000,10.000000,10.000000,10.000000
1,6637,-179.260000,186.150000,7.810000,18.920000,1,-1,-1,-1,10.000000,10.000000,10.000000,10.000000
1,6636,-265.690000,115.140000,18.560000,7.880000,1,-1,-1,-1,10.000000,10.000000,10.000000,10.000000
1,6635,-236.810000,115.140000,16.890000,7.430000,1,-1,-1,-1,10.000000,10.000000,10.000000,10.000000
2,6647,230.680000,66.140000,21.080000,15.260000,1,-1,-1,-1,10.000000,10.000000,10.000000,10.000000
2,6646,-153.817986,195.685229,7.935981,20.689485,1,-1,-1,-1,0.999900,0.999900,9.990021,5.238095
2,6644,-179.756947,214.603600,8.633948,18.102986,1,-1,-1,-1,0.999900,0.999900,9.990021,5.238095
2,6643,87.211580,131.173587,19.156839,8.262821,1,-1,-1,-1,0.999900,0.999900,9.990021,5.238095
2,6642,-181.709266,10.228448,8.318502,18.103186,1,-1,-1,-1,0.999900,0.999900,9.990021,5.238095
2,6641,-167.086079,41.162064,7.812177,16.165829,1,-1,-1,-1,0.999900,0.999900,9.990021,5.238095
2,6640,-181.738695,38.381528,8.137407,17.456951,1,-1,-1,-1,0.999900,0.999900,9.990021,5.238095
2,6639,-167.118707,70.507018,8.357417,18.885951,1,-1,-1,-1,0.999900,0.999900,9.990021,5.238095
2,6638,124.150084,130.939965,15.229832,7.860067,1,-1,-1,-1,0.999900,0.999900,9.990021,5.238095
2,6637,-179.260000,186.150000,7.810000,18.920000,1,-1,-1,-1,0.999900,0.999900,9.990021,5.238095
2,6636,-265.690000,115.140000,18.560000,7.880000,1,-1,-1,-1,0.999900,0.999900,9.990021,5.238095
2,6635,-236.811192,115.140523,16.882386,7.428954,1,-1,-1,-1,0.999900,0.999900,9.990021,5.238095
3,6644,-179.673771,215.312786,8.802856,18.570357,1,-1,-1,-1,0.941153,0.941153,8.384601,3.841642
3,6643,86.959632,131.223297,19.276039,8.307518,1,-1,-1,-1,0.941153,0.941153,8.384601,3.841642
3,6642,-181.806142,10.528484,8.595796,18.630692,1,-1,-1,-1,0.941153,0.941153,8.384601,3.841642
3,6641,-167.136130,41.221377,7.760509,15.771936,1,-1,-1,-1,0.941153,0.941153,8.384601,3.841642
3,6640,-181.573121,38.340892,8.040951,17.138230,1,-1,-1,-1,0.941153,0.941153,8.384601,3.841642
3,6639,-167.209525,70.559939,8.227295,18.646590,1,-1,-1,-1,0.941153,0.941153,8.384601,3.841642
3,6638,124.154575,130.941213,15.220851,7.859338,1,-1,-1,-1,0.941153,0.941153,8.384601,3.841642
3,6637,-179.259531,186.138940,7.809062,18.913886,1,-1,-1,-1,0.941153,0.941153,8.384601,3.841642
3,6636,-265.690000,115.140000,18.560000,7.880000,1,-1,-1,-1,0.941153,0.941153,8.384601,3.841642
3,6635,-236.808043,115.138851,16.875499,7.422886,1,-1,-1,-1,0.941153,0.941153,8.384601,3.841642
4,6644,-179.620217,215.220864,9.022386,18.845500,1,-1,-1,-1,0.847083,0.847083,7.132717,3.262201
4,6643,86.927123,131.243251,19.357107,8.368173,1,-1,-1,-1,0.847083,0.847083,7.132717,3.262201
4,6642,-181.907632,10.595164,8.543705,18.403871,1,-1,-1,-1,0.847083,0.847083,7.132717,3.262201
4,6641,-167.313192,41.380268,7.897276,16.207898,1,-1,-1,-1,0.847083,0.847083,7.132717,3.262201
4,6640,-181.687768,38.549169,8.188898,17.432049,1,-1,-1,-1,0.847083,0.847083,7.132717,3.262201
4,6639,-167.120628,70.568193,8.206509,18.628679,1,-1,-1,-1,0.847083,0.847083,7.132717,3.262201
4,6638,124.151616,130.930411,15.218297,7.855114,1,-1,-1,-1,0.847083,0.847083,7.132717,3.262201
4,6637,-179.259871,186.147694,7.809742,18.916787,1,-1,-1,-1,0.847083,0.847083,7.132717,3.262201
4,6636,-265.690000,115.140000,18.560000,7.880000,1,-1,-1,-1,0.847083,0.847083,7.132717,3.262201
4,6635,-236.793667,115.139943,16.863827,7.419034,1,-1,-1,-1,0.847083,0.847083,7.132717,3.262201
5,6644,-179.680058,214.614561,8.633203,18.315132,1,-1,-1,-1,0.780933,0.780933,6.225018,2.988460
5,6643,86.881915,131.217202,19.430837,8.394566,1,-1,-1,-1,0.780933,0.780933,6.225018,2.988460
5,6642,-181.936828,10.787393,8.478676,18.344770,1,-1,-1,-1,0.780933,0.780933,6.225018,2.988460
5,6641,-167.263138,41.360292,7.888070,16.263758,1,-1,-1,-1,0.780933,0.780933,6.225018,2.988460
5,6640,-181.650598,38.306271,8.330666,17.468780,1,-1,-1,-1,0.780933,0.780933,6.225018,2.988460
5,6639,-167.108274,70.476269,8.238072,18.697889,1,-1,-1,-1,0.780933,0.780933,6.225018,2.988460
5,6638,124.152455,130.935471,15.222285,7.853838,1,-1,-1,-1,0.780933,0.780933,6.225018,2.988460
5,6637,-179.260000,186.149967,7.810000,18.918185,1,-1,-1,-1,0.780933,0.780933,6.225018,2.988460
5,6636,-265.697809,115.140000,18.560000,7.880000,1,-1,-1,-1,0.780933,0.780933,6.225018,2.988460
5,6635,-236.790656,115.140883,16.854398,7.416992,1,-1,-1,-1,0.780933,0.780933,6.225018,2.988460
6,6644,-179.784531,213.712289,8.308628,17.563984,1,-1,-1,-1,0.739812,0.739812,5.560040,2.851250
6,6643,87.211478,131.156027,19.194239,8.319566,1,-1,-1,-1,0.739812,0.739812,5.560040,2.851250
6,6642,-181.920737,10.817325,8.486162,18.465801,1,-1,-1,-1,0.739812,0.739812,5.560040,2.851250
6,6641,-167.276506,41.201326,7.846340,16.033411,1,-1,-1,-1,0.739812,0.739812,5.560040,2.851250
6,6640,-181.588476,38.277102,8.151682,16.991617,1,-1,-1,-1,0.739812,0.739812,5.560040,2.851250
6,6639,-167.186706,69.749859,8.125221,17.506352,1,-1,-1,-1,0.739812,0.739812,5.560040,2.851250
6,6638,124.155038,130.939768,15.219005,7.855707,1,-1,-1,-1,0.739812,0.739812,5.560040,2.851250
6,6637,-179.260051,186.150496,7.810102,18.918948,1,-1,-1,-1,0.739812,0.739812,5.560040,2.851250
6,6636,-265.700162,115.140000,18.560000,7.880000,1,-1,-1,-1,0.739812,0.739812,5.560040,2.851250
6,6635,-236.793207,115.140675,16.858159,7.417548,1,-1,-1,-1,0.739812,0.739812,5.560040,2.851250
7,6644,-179.552573,213.477216,8.148246,17.187272,1,-1,-1,-1,0.714060,0.714060,5.062690,2.780435
7,6643,87.292943,131.102963,19.082033,8.265042,1,-1,-1,-1,0.714060,0.714060,5.062690,2.780435
7,6642,-181.892782,10.585082,8.461512,18.468756,1,-1,-1,-1,0.714060,0.714060,5.062690,2.780435
7,6641,-167.220211,41.152469,7.836392,15.934121,1,-1,-1,-1,0.714060,0.714060,5.062690,2.780435
7,6640,-181.587592,38.407244,8.170300,16.984780,1,-1,-1,-1,0.714060,0.714060,5.062690,2.780435
7,6639,-167.150071,70.496218,8.227612,18.008203,1,-1,-1,-1,0.714060,0.714060,5.062690,2.780435
7,6638,124.152108,130.931876,15.218376,7.853653,1,-1,-1,-1,0.714060,0.714060,5.062690,2.780435
7,6637,-179.260069,186.150535,7.810138,18.919398,1,-1,-1,-1,0.714060,0.714060,5.062690,2.780435
7,6636,-265.700815,115.140000,18.560000,7.880000,1,-1,-1,-1,0.714060,0.714060,5.062690,2.780435
7,6635,-236.796079,115.142196,16.863304,7.421823,1,-1,-1,-1,0.714060,0.714060,5.062690,2.780435
8,6644,-179.392885,214.668905,8.268915,17.435526,1,-1,-1,-1,0.697349,0.697349,4.683127,2.743335
8,6643,87.269440,131.120430,19.026068,8.251531,1,-1,-1,-1,0.697349,0.697349,4.683127,2.743335
8,6642,-181.869243,10.725963,8.560113,18.656204,1,-1,-1,-1,0.697349,0.697349,4.683127,2.743335
8,6641,-167.145952,41.207751,7.817686,15.887790,1,-1,-1,-1,0.697349,0.697349,4.683127,2.743335
8,6640,-181.521801,38.502040,8.273360,17.274096,1,-1,-1,-1,0.697349,0.697349,4.683127,2.743335
8,6639,-167.105232,70.497778,8.258093,18.276703,1,-1,-1,-1,0.697349,0.697349,4.683127,2.743335
8,6638,124.146405,130.930555,15.227537,7.857061,1,-1,-1,-1,0.697349,0.697349,4.683127,2.743335
8,6637,-179.260073,186.150451,7.810147,18.919675,1,-1,-1,-1,0.697349,0.697349,4.683127,2.743335
8,6636,-265.700923,115.140000,18.560000,7.880000,1,-1,-1,-1,0.697349,0.697349,4.683127,2.743335
8,6635,-236.803002,115.141952,16.869870,7.424940,1,-1,-1,-1,0.697349,0.697349,4.683127,2.743335
9,6644,-179.343008,215.571136,8.397211,17.738189,1,-1,-1,-1,0.686065,0.686065,4.388218,2.723746
9,6643,87.190531,131.205888,19.165764,8.309593,1,-1,-1,-1,0.686065,0.686065,4.388218,2.723746
9,6642,-181.832336,10.583912,8.546589,18.684023,1,-1,-1,-1,0.686065,0.686065,4.388218,2.723746
9,6641,-167.022015,41.203972,7.727623,15.755444,1,-1,-1,-1,0.686065,0.686065,4.388218,2.723746
9,6640,-181.649113,38.576511,8.232193,17.367855,1,-1,-1,-1,0.686065,0.686065,4.388218,2.723746
9,6639,-167.135234,70.657085,8.307058,18.528322,1,-1,-1,-1,0.686065,0.686065,4.388218,2.723746
9,6638,124.149212,130.928339,15.228044,7.855052,1,-1,-1,-1,0.686065,0.686065,4.388218,2.723746
9,6637,-179.260071,186.150352,7.810143,18.919851,1,-1,-1,-1,0.686065,0.686065,4.388218,2.723746
9,6636,-265.694006,115.140000,18.560000,7.880000,1,-1,-1,-1,0.686065,0.686065,4.388218,2.723746
9,6635,-236.801145,115.141634,16.870352,7.426514,1,-1,-1,-1,0.686065,0.686065,4.388218,2.723746
10,6644,-179.334245,215.527330,8.454278,17.859956,1,-1,-1,-1,0.678159,0.678159,4.155461,2.713360
10,6643,87.168335,131.211915,19.196029,8.327640,1,-1,-1,-1,0.678159,0.678159,4.155461,2.713360
10,6642,-181.953323,10.470084,8.796927,18.824627,1,-1,-1,-1,0.678159,0.678159,4.155461,2.713360
10,6641,-166.987393,41.067779,7.729597,15.679617,1,-1,-1,-1,0.678159,0.678159,4.155461,2.713360
10,6640,-181.565185,38.297002,8.089141,17.084812,1,-1,-1,-1,0.678159,0.678159,4.155461,2.713360
10,6639,-167.114822,70.591515,8.282435,18.598451,1,-1,-1,-1,0.678159,0.678159,4.155461,2.713360
10,6638,124.178887,130.897704,15.184545,7.825932,1,-1,-1,-1,0.678159,0.678159,4.155461,2.713360
10,6637,-179.260067,186.150267,7.810134,18.919963,1,-1,-1,-1,0.678159,0.678159,4.155461,2.713360
10,6636,-265.691420,115.140000,18.560000,7.880000,1,-1,-1,-1,0.678159,0.678159,4.155461,2.713360
10,6635,-236.805584,115.141101,16.873973,7.427902,1,-1,-1,-1,0.678159,0.678159,4.155461,2.713360
11,6644,-179.490197,214.906113,8.434569,17.837265,1,-1,-1,-1,0.672446,0.672446,3.969193,2.707841
11,6643,86.944236,131.291186,19.288870,8.374678,1,-1,-1,-1,0.672446,0.672446,3.969193,2.707841
11,6642,-181.818731,10.780086,8.765816,18.867544,1,-1,-1,-1,0.672446,0.672446,3.969193,2.707841
11,6641,-167.100595,41.403321,7.853666,16.139838,1,-1,-1,-1,0.672446,0.672446,3.969193,2.707841
11,6640,-181.504709,38.478676,8.157976,17.310951,1,-1,-1,-1,0.672446,0.672446,3.969193,2.707841
11,6639,-167.153641,70.548529,8.278563,18.627357,1,-1,-1,-1,0.672446,0.672446,3.969193,2.707841
11,6638,124.167311,130.929532,15.200080,7.836812,1,-1,-1,-1,0.672446,0.672446,3.969193,2.707841
11,6637,-179.259931,186.148508,7.809863,18.916696,1,-1,-1,-1,0.672446,0.672446,3.969193,2.707841
11,6636,-265.695486,115.139866,18.563339,7.880268,1,-1,-1,-1,0.672446,0.672446,3.969193,2.707841
11,6635,-236.816837,115.148702,16.887797,7.432970,1,-1,-1,-1,0.672446,0.672446,3.969193,2.707841
12,6644,-179.513520,213.150062,8.269093,17.320646,1,-1,-1,-1,0.668212,0.668212,3.818265,2.704905
12,6643,87.176874,131.232664,19.259759,8.380122,1,-1,-1,-1,0.668212,0.668212,3.818265,2.704905
12,6642,-181.873261,10.375972,8.655245,18.668308,1,-1,-1,-1,0.668212,0.668212,3.818265,2.704905
12,6641,-167.200729,41.309344,7.767840,16.021351,1,-1,-1,-1,0.668212,0.668212,3.818265,2.704905
12,6640,-181.688887,38.805065,8.214810,17.433606,1,-1,-1,-1,0.668212,0.668212,3.818265,2.704905
12,6639,-167.178131,70.628420,8.263849,18.699861,1,-1,-1,-1,0.668212,0.668212,3.818265,2.704905
12,6638,124.159559,130.931683,15.206005,7.840655,1,-1,-1,-1,0.668212,0.668212,3.818265,2.704905
12,6637,-179.259975,186.150071,7.809950,18.917710,1,-1,-1,-1,0.668212,0.668212,3.818265,2.704905
12,6636,-265.699231,115.139916,18.562370,7.880168,1,-1,-1,-1,0.668212,0.668212,3.818265,2.704905
12,6635,-236.811820,115.140938,16.887924,7.429250,1,-1,-1,-1,0.668212,0.668212,3.818265,2.704905
13,6644,-179.547847,214.123036,8.417938,17.535018,1,-1,-1,-1,0.665009,0.665009,3.694582,2.703342
13,6643,87.206078,131.216719,19.198838,8.369003,1,-1,-1,-1,0.665009,0.665009,3.694582,2.703342
13,6642,-181.797114,10.827950,8.738987,18.773478,1,-1,-1,-1,0.665009,0.665009,3.694582,2.703342
13,6641,-167.056543,41.292681,7.771724,16.110757,1,-1,-1,-1,0.665009,0.665009,3.694582,2.703342
13,6640,-181.656079,39.087585,8.390744,17.901186,1,-1,-1,-1,0.665009,0.665009,3.694582,2.703342
13,6639,-167.126906,70.604973,8.251058,18.773165,1,-1,-1,-1,0.665009,0.665009,3.694582,2.703342
13,6638,124.157464,130.931810,15.213255,7.843576,1,-1,-1,-1,0.665009,0.665009,3.694582,2.703342
13,6637,-179.260000,186.150491,7.810000,18.918418,1,-1,-1,-1,0.665009,0.665009,3.694582,2.703342
13,6636,-265.700453,115.139947,18.561690,7.880105,1,-1,-1,-1,0.665009,0.665009,3.694582,2.703342
13,6635,-236.815526,115.146881,16.892516,7.430037,1,-1,-1,-1,0.665009,0.665009,3.694582,2.703342
14,6644,-179.602977,215.278885,8.638176,17.977455,1,-1,-1,-1,0.662548,0.662548,3.592165,2.702510
14,6643,87.202426,131.184765,19.164757,8.349824,1,-1,-1,-1,0.662548,0.662548,3.592165,2.702510
14,6642,-181.912958,10.548783,8.760415,18.720924,1,-1,-1,-1,0.662548,0.662548,3.592165,2.702510
14,6641,-167.041033,41.149683,7.758103,15.939635,1,-1,-1,-1,0.662548,0.662548,3.592165,2.702510
14,6640,-181.713940,38.075740,8.391267,17.318379,1,-1,-1,-1,0.662548,0.662548,3.592165,2.702510
14,6639,-167.130232,70.535044,8.265234,18.815704,1,-1,-1,-1,0.662548,0.662548,3.592165,2.702510
14,6638,124.155523,130.938069,15.218300,7.845580,1,-1,-1,-1,0.662548,0.662548,3.592165,2.702510
14,6637,-179.260015,186.150524,7.810029,18.918916,1,-1,-1,-1,0.662548,0.662548,3.592165,2.702510
14,6636,-265.694142,115.139967,18.561208,7.880066,1,-1,-1,-1,0.662548,0.662548,3.592165,2.702510
14,6635,-236.812743,115.149096,16.892519,7.430327,1,-1,-1,-1,0.662548,0.662548,3.592165,2.702510
15,6644,-179.607644,214.800372,8.550090,17.971996,1,-1,-1,-1,0.660633,0.660633,3.506534,2.702067
15,6643,87.089825,131.174897,19.248349,8.357775,1,-1,-1,-1,0.660633,0.660633,3.506534,2.702067
15,6641,-167.054262,41.116837,7.777525,15.879251,1,-1,-1,-1,0.660633,0.660633,3.506534,2.702067
15,6640,-182.054587,37.978874,8.704689,17.274672,1,-1,-1,-1,0.660633,0.660633,3.506534,2.702067
15,6639,-167.098786,70.433494,8.291138,18.862321,1,-1,-1,-1,0.660633,0.660633,3.506534,2.702067
15,6638,124.158831,130.933623,15.218730,7.846759,1,-1,-1,-1,0.660633,0.660633,3.506534,2.702067
15,6637,-179.260023,186.150446,7.810045,18.919267,1,-1,-1,-1,0.660633,0.660633,3.506534,2.702067
15,6636,-265.691666,115.139979,18.560865,7.880041,1,-1,-1,-1,0.660633,0.660633,3.506534,2.702067
15,6635,-236.793598,115.143337,16.889356,7.430335,1,-1,-1,-1,0.660633,0.660633,3.506534,2.702067
16,6644,-179.322574,214.824428,8.549461,18.092608,1,-1,-1,-1,0.659128,0.659128,3.434287,2.701831
16,6643,86.974410,131.154601,19.241120,8.341113,1,-1,-1,-1,0.659128,0.659128,3.434287,2.701831
16,6641,-167.155653,41.373228,7.819114,15.985663,1,-1,-1,-1,0.659128,0.659128,3.434287,2.701831
16,6640,-182.970153,39.079194,8.999955,17.532471,1,-1,-1,-1,0.659128,0.659128,3.434287,2.701831
16,6639,-166.991368,70.476538,8.287651,18.888275,1,-1,-1,-1,0.659128,0.659128,3.434287,2.701831
16,6638,124.159652,130.940105,15.219732,7.850672,1,-1,-1,-1,0.659128,0.659128,3.434287,2.701831
16,6637,-179.260027,186.150350,7.810054,18.919515,1,-1,-1,-1,0.659128,0.659128,3.434287,2.701831
16,6636,-265.670902,115.139987,18.560621,7.880026,1,-1,-1,-1,0.659128,0.659128,3.434287,2.701831
16,6635,-236.545098,115.139533,16.880099,7.426960,1,-1,-1,-1,0.659128,0.659128,3.434287,2.701831
17,6644,-179.303939,214.736224,8.476364,18.181207,1,-1,-1,-1,0.657936,0.657936,3.372813,2.701705
17,6643,86.541731,131.124205,19.234241,8.307959,1,-1,-1,-1,0.657936,0.657936,3.372813,2.701705
17,6641,-167.138561,41.158596,7.756936,15.872509,1,-1,-1,-1,0.657936,0.657936,3.372813,2.701705
17,6640,-182.706787,38.279196,8.666549,17.106383,1,-1,-1,-1,0.657936,0.657936,3.372813,2.701705
17,6639,-167.079906,70.410787,8.274155,18.871143,1,-1,-1,-1,0.657936,0.657936,3.372813,2.701705
17,6638,124.153251,130.941892,15.220343,7.853468,1,-1,-1,-1,0.657936,0.657936,3.372813,2.701705
17,6637,-179.246870,186.150264,7.810057,18.919690,1,-1,-1,-1,0.657936,0.657936,3.372813,2.701705
17,6636,-265.553377,115.148415,18.558200,7.882908,1,-1,-1,-1,0.657936,0.657936,3.372813,2.701705
17,6635,-235.951838,115.146766,16.883450,7.428079,1,-1,-1,-1,0.657936,0.657936,3.372813,2.701705
18,6644,-179.256588,214.101720,8.464803,18.050116,1,-1,-1,-1,0.656986,0.656986,3.320085,2.701638
18,6643,85.764697,131.215688,19.245558,8.359152,1,-1,-1,-1,0.656986,0.656986,3.320085,2.701638
18,6642,-182.105093,10.461768,8.848329,18.627510,1,-1,-1,-1,0.658927,0.658927,3.521602,2.835123
18,6641,-166.944300,41.025936,7.732660,15.610583,1,-1,-1,-1,0.656986,0.656986,3.320085,2.701638
18,6640,-182.559210,37.996179,8.483223,16.497161,1,-1,-1,-1,0.656986,0.656986,3.320085,2.701638
18,6639,-167.010238,70.521270,8.278904,18.974929,1,-1,-1,-1,0.656986,0.656986,3.320085,2.701638
18,6638,124.155848,130.933803,15.217097,7.852298,1,-1,-1,-1,0.656986,0.656986,3.320085,2.701638
18,6637,-179.209068,186.150196,7.810058,18.919814,1,-1,-1,-1,0.656986,0.656986,3.320085,2.701638
18,6636,-265.237246,115.149245,18.558654,7.882108,1,-1,-1,-1,0.656986,0.656986,3.320085,2.701638
18,6635,-234.919580,115.203786,16.815507,7.457892,1,-1,-1,-1,0.656986,0.656986,3.320085,2.701638
19,6644,-178.744221,214.181757,8.454152,18.025093,1,-1,-1,-1,0.656225,0.656225,3.274518,2.701603
19,6643,83.965921,131.119672,19.594776,8.324888,1,-1,-1,-1,0.656225,0.656225,3.274518,2.701603
19,6642,-182.179181,10.584757,8.943300,18.706142,1,-1,-1,-1,0.656409,0.656409,3.376861,2.772019
19,6641,-167.039193,41.195855,7.699142,15.656924,1,-1,-1,-1,0.656225,0.656225,3.274518,2.701603
19,6640,-181.666827,38.305802,8.261338,16.414997,1,-1,-1,-1,0.656225,0.656225,3.274518,2.701603
19,6639,-167.001808,70.711503,8.263609,19.045134,1,-1,-1,-1,0.656225,0.656225,3.274518,2.701603
19,6638,124.155587,130.930992,15.211804,7.851329,1,-1,-1,-1,0.656225,0.656225,3.274518,2.701603
19,6637,-179.109499,186.148357,7.809940,18.916913,1,-1,-1,-1,0.656225,0.656225,3.274518,2.701603
19,6636,-264.652749,115.149664,18.558995,7.881529,1,-1,-1,-1,0.656225,0.656225,3.274518,2.701603
19,6635,-233.512858,115.170415,16.835575,7.447559,1,-1,-1,-1,0.656225,0.656225,3.274518,2.701603
20,6644,-178.694953,214.195936,8.382322,18.012740,1,-1,-1,-1,0.655613,0.655613,3.234861,2.701584
20,6643,82.167898,131.061901,19.889432,8.276063,1,-1,-1,-1,0.655613,0.655613,3.234861,2.701584
20,6642,-181.841377,10.381717,8.910619,18.762137,1,-1,-1,-1,0.655618,0.655618,3.287338,2.738901
20,6641,-167.071963,41.167503,7.712391,15.789582,1,-1,-1,-1,0.655613,0.655613,3.234861,2.701584
20,6640,-180.844542,38.629106,8.186978,16.671626,1,-1,-1,-1,0.655613,0.655613,3.234861,2.701584
20,6639,-166.761224,70.801157,8.287176,19.159455,1,-1,-1,-1,0.655613,0.655613,3.234861,2.701584
20,6638,124.189758,130.880165,15.167497,7.819384,1,-1,-1,-1,0.655613,0.655613,3.234861,2.701584
20,6637,-178.934475,186.149947,7.809976,18.917796,1,-1,-1,-1,0.655613,0.655613,3.234861,2.701584
20,6636,-263.722802,115.150004,18.553315,7.880883,1,-1,-1,-1,0.655613,0.655613,3.234861,2.701584
20,6635,-231.677276,115.074951,16.837345,7.418792,1,-1,-1,-1,0.655613,0.655613,3.234861,2.701584
21,6644,-178.825751,214.324606,8.452734,17.974600,1,-1,-1,-1,0.655120,0.655120,3.200116,2.701574
21,6643,80.958913,130.909527,19.802013,8.178526,1,-1,-1,-1,0.655120,0.655120,3.200116,2.701574
21,6642,-181.401172,10.297952,8.791242,18.704512,1,-1,-1,-1,0.655123,0.655123,3.227155,2.721397
21,6641,-166.815068,41.259767,7.919093,16.224282,1,-1,-1,-1,0.655120,0.655120,3.200116,2.701574
21,6640,-179.858080,38.878155,8.148157,16.904323,1,-1,-1,-1,0.655120,0.655120,3.200116,2.701574
21,6639,-166.461814,70.846835,8.408855,19.314250,1,-1,-1,-1,0.655120,0.655120,3.200116,2.701574
21,6638,124.178664,130.916315,15.179123,7.827723,1,-1,-1,-1,0.655120,0.655120,3.200116,2.701574
21,6637,-178.659310,186.152201,7.810103,18.921383,1,-1,-1,-1,0.655120,0.655120,3.200116,2.701574
21,6636,-262.415498,115.154903,18.551602,7.877593,1,-1,-1,-1,0.655120,0.655120,3.200116,2.701574
21,6635,-229.456439,115.099882,16.900366,7.482361,1,-1,-1,-1,0.655120,0.655120,3.200116,2.701574
22,6644,-178.434299,214.863457,8.640880,18.154714,1,-1,-1,-1,0.654721,0.654721,3.169484,2.701568
22,6643,78.856192,130.934562,19.925578,8.128034,1,-1,-1,-1,0.654721,0.654721,3.169484,2.701568
22,6642,-180.942285,10.339519,8.703017,18.680298,1,-1,-1,-1,0.654730,0.654730,3.183444,2.712112
22,6641,-166.275441,41.297214,8.126773,16.344509,1,-1,-1,-1,0.654721,0.654721,3.169484,2.701568
22,6640,-179.200107,38.565254,8.171700,16.817682,1,-1,-1,-1,0.654721,0.654721,3.169484,2.701568
22,6639,-166.175650,70.987112,8.564727,19.398697,1,-1,-1,-1,0.654721,0.654721,3.169484,2.701568
22,6638,124.167727,130.928687,15.190407,7.833865,1,-1,-1,-1,0.654721,0.654721,3.169484,2.701568
22,6637,-178.268226,186.148823,7.809989,18.918098,1,-1,-1,-1,0.654721,0.654721,3.169484,2.701568
22,6636,-260.708078,115.172139,18.553919,7.878264,1,-1,-1,-1,0.654721,0.654721,3.169484,2.701568
22,6635,-226.809658,115.153083,16.991011,7.615701,1,-1,-1,-1,0.654721,0.654721,3.169484,2.701568
23,6644,-177.870391,213.579434,8.642151,17.692381,1,-1,-1,-1,0.654397,0.654397,3.142321,2.701565
23,6643,77.201015,130.852721,19.723126,8.084162,1,-1,-1,-1,0.654397,0.654397,3.142321,2.701565
23,6642,-180.421769,10.372441,8.829167,18.683100,1,-1,-1,-1,0.654408,0.654408,3.149527,2.707178
23,6641,-165.435784,41.377883,8.089693,16.340607,1,-1,-1,-1,0.654397,0.654397,3.142321,2.701565
23,6640,-178.557038,38.426584,8.171856,16.843600,1,-1,-1,-1,0.654397,0.654397,3.142321,2.701565
23,6639,-165.739116,70.828413,8.512280,19.183095,1,-1,-1,-1,0.654397,0.654397,3.142321,2.701565
23,6638,124.171337,130.924141,15.192260,7.835141,1,-1,-1,-1,0.654397,0.654397,3.142321,2.701565
23,6637,-177.764054,186.140010,7.806904,18.912273,1,-1,-1,-1,0.654397,0.654397,3.142321,2.701565
23,6636,-258.585439,115.184999,18.558515,7.878840,1,-1,-1,-1,0.654397,0.654397,3.142321,2.701565
23,6635,-223.726233,115.225495,17.110925,7.810198,1,-1,-1,-1,0.654397,0.654397,3.142321,2.701565
24,6644,-177.359612,214.316623,8.911260,17.942892,1,-1,-1,-1,0.654134,0.654134,3.118101,2.701564
24,6643,75.652842,130.997328,19.289155,8.136994,1,-1,-1,-1,0.654134,0.654134,3.118101,2.701564
24,6642,-180.048921,9.944175,8.800150,17.943636,1,-1,-1,-1,0.654145,0.654145,3.121813,2.704552
24,6641,-165.203336,41.396036,8.246012,16.152674,1,-1,-1,-1,0.654134,0.654134,3.118101,2.701564
24,6640,-177.662061,38.433337,8.070221,16.480356,1,-1,-1,-1,0.654134,0.654134,3.118101,2.701564
24,6639,-165.192812,71.064382,8.678849,19.113992,1,-1,-1,-1,0.654134,0.654134,3.118101,2.701564
24,6638,124.171074,130.923867,15.202771,7.839320,1,-1,-1,-1,0.654134,0.654134,3.118101,2.701564
24,6637,-177.122637,186.145770,7.807684,18.911522,1,-1,-1,-1,0.654134,0.654134,3.118101,2.701564
24,6636,-256.013684,115.202808,18.558926,7.879158,1,-1,-1,-1,0.654134,0.654134,3.118101,2.701564
24,6635,-220.214708,115.305460,17.264799,8.065655,1,-1,-1,-1,0.654134,0.654134,3.118101,2.701564
25,6644,-176.619099,215.247326,9.073266,18.303534,1,-1,-1,-1,0.653921,0.653921,3.096395,2.701563
25,6643,72.481686,131.062776,19.511926,8.255321,1,-1,-1,-1,0.653921,0.653921,3.096395,2.701563
25,6642,-179.036760,10.239944,8.646829,17.932693,1,-1,-1,-1,0.653930,0.653930,3.098300,2.703154
25,6641,-164.318509,41.548013,8.486222,16.305934,1,-1,-1,-1,0.653921,0.653921,3.096395,2.701563
25,6640,-177.066804,38.766875,8.154872,16.375345,1,-1,-1,-1,0.653921,0.653921,3.096395,2.701563
25,6639,-164.508920,70.872893,8.733874,18.986593,1,-1,-1,-1,0.653921,0.653921,3.096395,2.701563
25,6638,124.193085,130.872832,15.169050,7.812039,1,-1,-1,-1,0.653921,0.653921,3.096395,2.701563
25,6637,-176.361189,186.148115,7.808255,18.910978,1,-1,-1,-1,0.653921,0.653921,3.096395,2.701563
25,6636,-253.022097,115.224311,18.556792,7.882201,1,-1,-1,-1,0.653921,0.653921,3.096395,2.701563
25,6635,-216.278735,115.383139,17.440815,8.373039,1,-1,-1,-1,0.653921,0.653921,3.096395,2.701563
26,6644,-175.727345,215.270362,8.945124,18.222889,1,-1,-1,-1,0.653747,0.653747,3.076849,2.701563
26,6643,69.186232,130.968926,19.854854,8.557868,1,-1,-1,-1,0.653747,0.653747,3.076849,2.701563
26,6642,-178.250881,10.204958,8.635425,18.128861,1,-1,-1,-1,0.653755,0.653755,3.077820,2.702410
26,6641,-163.560479,41.621285,8.568763,16.291552,1,-1,-1,-1,0.653747,0.653747,3.076849,2.701563
26,6640,-175.828628,38.581940,8.010075,16.044426,1,-1,-1,-1,0.653747,0.653747,3.076849,2.701563
26,6639,-163.564751,70.966037,8.712782,19.088028,1,-1,-1,-1,0.653747,0.653747,3.076849,2.701563
26,6638,124.175106,130.900227,15.182710,7.819538,1,-1,-1,-1,0.653747,0.653747,3.076849,2.701563
26,6637,-175.464414,186.142576,7.808672,18.910584,1,-1,-1,-1,0.653747,0.653747,3.076849,2.701563
26,6636,-249.613969,115.244827,18.555207,7.884412,1,-1,-1,-1,0.653747,0.653747,3.076849,2.701563
26,6635,-212.016134,115.321866,17.643163,8.765906,1,-1,-1,-1,0.653747,0.653747,3.076849,2.701563
27,6644,-174.520872,213.243434,8.704734,17.448041,1,-1,-1,-1,0.653605,0.653605,3.059169,2.701562
27,6643,66.632888,130.887703,20.207801,9.103813,1,-1,-1,-1,0.653605,0.653605,3.059169,2.701562
27,6642,-177.565473,10.813848,8.853243,18.432071,1,-1,-1,-1,0.653612,0.653612,3.059659,2.702014
27,6641,-162.446476,40.961026,8.334550,16.129960,1,-1,-1,-1,0.653605,0.653605,3.059169,2.701562
27,6640,-174.775405,38.626739,8.187953,16.467858,1,-1,-1,-1,0.653605,0.653605,3.059169,2.701562
27,6639,-162.407407,71.304384,8.645703,19.178904,1,-1,-1,-1,0.653605,0.653605,3.059169,2.701562
27,6638,124.164260,130.907713,15.189372,7.821999,1,-1,-1,-1,0.653605,0.653605,3.059169,2.701562
27,6637,-174.433278,186.147095,7.808979,18.910300,1,-1,-1,-1,0.653605,0.653605,3.059169,2.701562
27,6636,-245.771299,115.265139,18.548269,7.885865,1,-1,-1,-1,0.653605,0.653605,3.059169,2.701562
27,6635,-207.572851,115.152306,17.979314,9.406084,1,-1,-1,-1,0.653605,0.653605,3.059169,2.701562
28,6644,-173.322472,213.976181,8.757431,17.635393,1,-1,-1,-1,0.653490,0.653490,3.043111,2.701562
28,6643,63.249235,130.875182,20.922911,10.038293,1,-1,-1,-1,0.653490,0.653490,3.043111,2.701562
28,6641,-161.417165,40.852532,8.357002,15.875275,1,-1,-1,-1,0.653490,0.653490,3.043111,2.701562
28,6640,-174.035261,38.679150,8.851658,16.925158,1,-1,-1,-1,0.653490,0.653490,3.043111,2.701562
28,6639,-161.317681,70.909324,8.559303,18.995954,1,-1,-1,-1,0.653490,0.653490,3.043111,2.701562
28,6638,124.167354,130.910164,15.197108,7.823885,1,-1,-1,-1,0.653490,0.653490,3.043111,2.701562
28,6637,-173.261843,186.142343,7.809205,18.910097,1,-1,-1,-1,0.653490,0.653490,3.043111,2.701562
28,6636,-241.474613,115.283582,18.539945,7.883989,1,-1,-1,-1,0.653490,0.653490,3.043111,2.701562
28,6635,-202.757427,114.863744,18.355761,10.230082,1,-1,-1,-1,0.653490,0.653490,3.043111,2.701562
29,6644,-171.717670,214.496605,8.744233,17.712932,1,-1,-1,-1,0.653396,0.653396,3.028469,2.701562
29,6643,60.048212,130.842037,21.618490,11.263983,1,-1,-1,-1,0.653396,0.653396,3.028469,2.701562
29,6641,-159.974145,41.283755,8.162453,15.894740,1,-1,-1,-1,0.653396,0.653396,3.028469,2.701562
29,6640,-172.601646,38.799142,9.057773,17.322948,1,-1,-1,-1,0.653396,0.653396,3.028469,2.701562
29,6639,-160.134380,70.951569,8.679780,19.029467,1,-1,-1,-1,0.653396,0.653396,3.028469,2.701562
29,6638,124.157297,130.922777,15.209468,7.834027,1,-1,-1,-1,0.653396,0.653396,3.028469,2.701562
29,6637,-171.954637,186.148959,7.809439,18.912818,1,-1,-1,-1,0.653396,0.653396,3.028469,2.701562
29,6636,-237.008559,115.310119,18.539651,7.882780,1,-1,-1,-1,0.653396,0.653396,3.028469,2.701562
29,6635,-197.440949,114.410598,18.689586,11.179324,1,-1,-1,-1,0.653396,0.653396,3.028469,2.701562
30,6644,-170.777610,214.258647,9.312187,18.001870,1,-1,-1,-1,0.653319,0.653319,3.015070,2.701562
30,6643,56.835654,130.358398,22.196770,12.659442,1,-1,-1,-1,0.653319,0.653319,3.015070,2.701562
30,6641,-158.448605,41.383799,8.173424,15.959271,1,-1,-1,-1,0.653319,0.653319,3.015070,2.701562
30,6640,-171.565117,38.849853,9.047106,17.605288,1,-1,-1,-1,0.653319,0.653319,3.015070,2.701562
30,6639,-158.598023,71.022116,8.944696,19.193426,1,-1,-1,-1,0.653319,0.653319,3.015070,2.701562
30,6638,124.162443,130.934252,15.215846,7.844151,1,-1,-1,-1,0.653319,0.653319,3.015070,2.701562
30,6637,-170.500447,186.151010,7.809606,18.914796,1,-1,-1,-1,0.653319,0.653319,3.015070,2.701562
30,6636,-232.864263,115.326584,18.539454,7.881905,1,-1,-1,-1,0.653319,0.653319,3.015070,2.701562
30,6635,-192.215970,113.592047,18.885498,12.383466,1,-1,-1,-1,0.653319,0.653319,3.015070,2.701562
31,6641,-156.693900,41.082319,8.030689,15.734849,1,-1,-1,-1,0.653256,0.653256,3.002767,2.701562
31,6640,-170.501089,38.330144,8.639141,17.356332,1,-1,-1,-1,0.653256,0.653256,3.002767,2.701562
31,6639,-156.972287,70.813010,8.968819,19.059531,1,-1,-1,-1,0.653256,0.653256,3.002767,2.701562
31,6638,124.158933,130.933101,15.222664,7.845883,1,-1,-1,-1,0.653256,0.653256,3.002767,2.701562
31,6637,-168.903564,186.149781,7.806812,18.913018,1,-1,-1,-1,0.653256,0.653256,3.002767,2.701562
31,6636,-229.225711,115.339200,18.533621,7.881145,1,-1,-1,-1,0.653256,0.653256,3.002767,2.701562
31,6635,-186.780476,111.567077,18.762357,13.573629,1,-1,-1,-1,0.653256,0.653256,3.002767,2.701562
32,6666,-215.143808,165.573300,25.472575,11.732079,1,-1,-1,-1,0.847083,0.847083,7.132717,3.262201
32,6641,-155.012346,40.912046,7.895334,15.598543,1,-1,-1,-1,0.653205,0.653205,2.991436,2.701562
32,6640,-169.101650,38.573815,8.545595,17.508019,1,-1,-1,-1,0.653205,0.653205,2.991436,2.701562
32,6639,-155.147364,70.706861,8.845236,19.034953,1,-1,-1,-1,0.653205,0.653205,2.991436,2.701562
32,6638,124.156119,130.936003,15.228190,7.852824,1,-1,-1,-1,0.653205,0.653205,2.991436,2.701562
32,6637,-167.153331,186.151271,7.807691,18.914948,1,-1,-1,-1,0.653205,0.653205,2.991436,2.701562
32,6636,-226.176862,115.358604,18.532585,7.883510,1,-1,-1,-1,0.653205,0.653205,2.991436,2.701562
32,6635,-181.085448,108.739350,18.149541,14.630239,1,-1,-1,-1,0.653205,0.653205,2.991436,2.701562
33,6667,-165.679999,10.336412,8.162090,18.229811,1,-1,-1,-1,0.847083,0.847083,7.132717,3.262201
33,6666,-212.896176,165.275880,25.326871,11.556868,1,-1,-1,-1,0.780933,0.780933,6.225018,2.988460
33,6641,-153.114048,41.319756,8.012346,16.034988,1,-1,-1,-1,0.653163,0.653163,2.980969,2.701562
33,6640,-167.378350,38.179707,8.319524,17.212326,1,-1,-1,-1,0.653163,0.653163,2.980969,2.701562
33,6639,-153.308112,70.940030,8.945145,19.236513,1,-1,-1,-1,0.653163,0.653163,2.980969,2.701562
33,6638,124.174384,130.922180,15.211195,7.846004,1,-1,-1,-1,0.653163,0.653163,2.980969,2.701562
33,6637,-165.258982,186.151497,7.808330,18.916349,1,-1,-1,-1,0.653163,0.653163,2.980969,2.701562
33,6636,-223.718883,115.365187,18.528982,7.885175,1,-1,-1,-1,0.653163,0.653163,2.980969,2.701562
33,6635,-176.048615,105.019766,17.046994,15.449729,1,-1,-1,-1,0.653163,0.653163,2.980969,2.701562
34,6667,-163.455467,10.737538,8.619638,18.911010,1,-1,-1,-1,0.780933,0.780933,6.225018,2.988460
34,6666,-211.542812,165.412754,25.583060,11.667859,1,-1,-1,-1,0.739812,0.739812,5.560040,2.851250
34,6644,-163.476753,210.734538,8.147553,16.143102,1,-1,-1,-1,0.655025,0.655025,3.133212,2.835011
34,6641,-151.056515,41.779543,8.156493,16.793705,1,-1,-1,-1,0.653129,0.653129,2.971273,2.701562
34,6640,-165.301996,38.080752,8.140067,16.757027,1,-1,-1,-1,0.653129,0.653129,2.971273,2.701562
34,6639,-151.145518,70.769176,8.872987,19.295817,1,-1,-1,-1,0.653129,0.653129,2.971273,2.701562
34,6638,124.151356,130.943679,15.231963,7.861692,1,-1,-1,-1,0.653129,0.653129,2.971273,2.701562
34,6637,-163.215163,186.151328,7.808794,18.917367,1,-1,-1,-1,0.653129,0.653129,2.971273,2.701562
34,6636,-221.512091,115.365166,18.523205,7.883501,1,-1,-1,-1,0.653129,0.653129,2.971273,2.701562
34,6635,-171.484004,100.778496,15.768027,16.051525,1,-1,-1,-1,0.653129,0.653129,2.971273,2.701562
35,6667,-161.576139,10.467393,9.334896,19.606080,1,-1,-1,-1,0.739812,0.739812,5.560040,2.851250
35,6666,-208.947860,165.470899,25.506635,11.625180,1,-1,-1,-1,0.714060,0.714060,5.062690,2.780435
35,6644,-161.267285,210.413084,8.000627,15.753919,1,-1,-1,-1,0.653275,0.653275,3.046874,2.771961
35,6641,-149.169538,41.238423,8.047351,16.393921,1,-1,-1,-1,0.653101,0.653101,2.962268,2.701562
35,6640,-163.029316,38.020629,8.082843,16.514299,1,-1,-1,-1,0.653101,0.653101,2.962268,2.701562
35,6639,-149.014077,70.254081,8.938433,19.140133,1,-1,-1,-1,0.653101,0.653101,2.962268,2.701562
35,6638,124.138309,130.947377,15.235355,7.869953,1,-1,-1,-1,0.653101,0.653101,2.962268,2.701562
35,6637,-161.026520,186.151076,7.809131,18.918106,1,-1,-1,-1,0.653101,0.653101,2.962268,2.701562
35,6636,-219.305410,115.366886,18.522160,7.885180,1,-1,-1,-1,0.653101,0.653101,2.962268,2.701562
35,6635,-167.066908,96.474564,14.392492,16.449566,1,-1,-1,-1,0.653101,0.653101,2.962268,2.701562
36,6667,-159.527407,10.395899,9.372937,19.492392,1,-1,-1,-1,0.714060,0.714060,5.062690,2.780435
36,6666,-207.112417,165.387735,25.589840,11.633897,1,-1,-1,-1,0.697349,0.697349,4.683127,2.743335
36,6644,-158.804441,210.690879,7.895718,15.613445,1,-1,-1,-1,0.653081,0.653081,2.998340,2.738870
36,6641,-146.651974,41.579783,8.156197,16.836518,1,-1,-1,-1,0.653078,0.653078,2.953887,2.701562
36,6640,-160.816172,38.293391,8.019342,16.566294,1,-1,-1,-1,0.653078,0.653078,2.953887,2.701562
36,6639,-146.743460,69.969216,8.903726,19.032190,1,-1,-1,-1,0.653078,0.653078,2.953887,2.701562
36,6638,124.136767,130.936947,15.242918,7.870433,1,-1,-1,-1,0.653078,0.653078,2.953887,2.701562
36,6637,-158.694951,186.150841,7.809376,18.918643,1,-1,-1,-1,0.653078,0.653078,2.953887,2.701562
36,6636,-217.009400,115.366897,18.521400,7.886406,1,-1,-1,-1,0.653078,0.653078,2.953887,2.701562
36,6635,-162.995913,92.320035,13.035567,16.685236,1,-1,-1,-1,0.653078,0.653078,2.953887,2.701562
37,6667,-157.445668,10.094643,9.045582,18.887889,1,-1,-1,-1,0.697349,0.697349,4.683127,2.743335
37,6666,-204.854151,165.488985,25.740436,11.750477,1,-1,-1,-1,0.686065,0.686065,4.388218,2.723746
37,6644,-156.234599,210.784915,7.719652,15.422221,1,-1,-1,-1,0.653064,0.653064,2.969487,2.721381
37,6641,-144.126358,41.914631,8.333527,17.636599,1,-1,-1,-1,0.653059,0.653059,2.946067,2.701562
37,6640,-158.282118,38.406157,7.892593,16.531720,1,-1,-1,-1,0.653059,0.653059,2.946067,2.701562
37,6639,-144.123424,68.549668,8.759972,18.502749,1,-1,-1,-1,0.653059,0.653059,2.946067,2.701562
37,6638,124.139343,130.943094,15.246060,7.876346,1,-1,-1,-1,0.653059,0.653059,2.946067,2.701562
37,6637,-156.221289,186.150648,7.809554,18.919032,1,-1,-1,-1,0.653059,0.653059,2.946067,2.701562
37,6636,-214.587816,115.366364,18.520848,7.887302,1,-1,-1,-1,0.653059,0.653059,2.946067,2.701562
37,6635,-159.502810,88.550011,11.911893,16.848876,1,-1,-1,-1,0.653059,0.653059,2.946067,2.701562
38,6667,-155.515399,10.329760,8.976324,18.687722,1,-1,-1,-1,0.686065,0.686065,4.388218,2.723746
38,6644,-153.582042,210.839924,7.646624,15.310880,1,-1,-1,-1,0.653055,0.653055,2.951107,2.712104
38,6641,-141.697065,41.018796,8.080490,16.950231,1,-1,-1,-1,0.653044,0.653044,2.938756,2.701562
38,6640,-155.573046,38.514680,7.843733,16.552210,1,-1,-1,-1,0.653044,0.653044,2.938756,2.701562
38,6639,-141.599725,70.209059,8.646737,18.668373,1,-1,-1,-1,0.653044,0.653044,2.938756,2.701562
38,6638,124.135143,130.944295,15.251117,7.880700,1,-1,-1,-1,0.653044,0.653044,2.938756,2.701562
38,6637,-153.599389,186.142112,7.809635,18.916494,1,-1,-1,-1,0.653044,0.653044,2.938756,2.701562
38,6636,-212.020697,115.365711,18.520448,7.887958,1,-1,-1,-1,0.653044,0.653044,2.938756,2.701562
38,6635,-156.182206,85.132984,10.974073,16.939167,1,-1,-1,-1,0.653044,0.653044,2.938756,2.701562
39,6667,-153.001792,10.649251,8.725632,18.563467,1,-1,-1,-1,0.678159,0.678159,4.155461,2.713360
39,6644,-150.851464,210.711288,7.570495,15.167405,1,-1,-1,-1,0.653044,0.653044,2.938420,2.707173
39,6641,-138.997021,40.968392,7.943496,16.491126,1,-1,-1,-1,0.653031,0.653031,2.931907,2.701562
39,6640,-152.918273,38.283230,7.816237,16.263873,1,-1,-1,-1,0.653031,0.653031,2.931907,2.701562
39,6639,-138.748748,70.612558,8.600201,18.794904,1,-1,-1,-1,0.653031,0.653031,2.931907,2.701562
39,6638,124.142050,130.943973,15.249122,7.883730,1,-1,-1,-1,0.653031,0.653031,2.931907,2.701562
39,6637,-150.833587,186.139318,7.809695,18.914648,1,-1,-1,-1,0.653031,0.653031,2.931907,2.701562
39,6636,-209.307379,115.365081,18.520161,7.888439,1,-1,-1,-1,0.653031,0.653031,2.931907,2.701562
39,6635,-152.892624,82.122044,10.184789,16.978849,1,-1,-1,-1,0.653031,0.653031,2.931907,2.701562
40,6667,-150.110169,10.662422,8.586660,18.523797,1,-1,-1,-1,0.672446,0.672446,3.969193,2.707841
40,6644,-147.918615,211.056164,7.649570,15.249865,1,-1,-1,-1,0.653033,0.653033,2.928911,2.704550
40,6641,-135.995040,40.963778,7.824660,16.040359,1,-1,-1,-1,0.653021,0.653021,2.925479,2.701562
40,6640,-150.042081,38.491179,7.964432,16.302207,1,-1,-1,-1,0.653021,0.653021,2.925479,2.701562
40,6639,-135.479736,70.692618,8.480317,18.944829,1,-1,-1,-1,0.653021,0.653021,2.925479,2.701562
40,6638,124.145659,130.919044,15.246403,7.869017,1,-1,-1,-1,0.653021,0.653021,2.925479,2.701562
40,6637,-147.938663,186.145133,7.809741,18.913304,1,-1,-1,-1,0.653021,0.653021,2.925479,2.701562
40,6636,-206.461056,115.364516,18.519955,7.888791,1,-1,-1,-1,0.653021,0.653021,2.925479,2.701562
40,6635,-149.573386,79.481545,9.515780,16.980522,1,-1,-1,-1,0.653021,0.653021,2.925479,2.701562
41,6666,-192.711571,165.565755,25.104876,11.597561,1,-1,-1,-1,0.667041,0.667041,3.930852,2.837618
41,6644,-144.867874,211.413477,7.658201,15.345981,1,-1,-1,-1,0.653023,0.653023,2.921241,2.703153
41,6641,-132.749468,41.552575,7.995658,16.283655,1,-1,-1,-1,0.653013,0.653013,2.919436,2.701562
41,6640,-147.068779,38.067020,7.871088,15.868750,1,-1,-1,-1,0.653013,0.653013,2.919436,2.701562
41,6639,-132.546147,70.845122,8.508733,18.985387,1,-1,-1,-1,0.653013,0.653013,2.919436,2.701562
41,6638,124.140459,130.934453,15.245440,7.872376,1,-1,-1,-1,0.653013,0.653013,2.919436,2.701562
41,6637,-144.900692,186.141066,7.809776,18.912326,1,-1,-1,-1,0.653013,0.653013,2.919436,2.701562
41,6636,-203.472148,115.363998,18.522619,7.889097,1,-1,-1,-1,0.653013,0.653013,2.919436,2.701562
41,6635,-146.201341,77.171245,8.948893,16.953699,1,-1,-1,-1,0.653013,0.653013,2.919436,2.701562
42,6644,-141.742136,211.181267,7.610416,15.247709,1,-1,-1,-1,0.653015,0.653015,2.914692,2.702410
42,6641,-129.736840,42.225089,8.396117,17.320376,1,-1,-1,-1,0.653006,0.653006,2.913746,2.701562
42,6640,-143.761945,37.871468,7.822521,15.678062,1,-1,-1,-1,0.653006,0.653006,2.913746,2.701562
42,6639,-129.338819,70.892754,8.494436,19.091552,1,-1,-1,-1,0.653006,0.653006,2.913746,2.701562
42,6638,124.137007,130.929488,15.241495,7.869148,1,-1,-1,-1,0.653006,0.653006,2.913746,2.701562
42,6637,-141.714452,186.148100,7.809847,18.914424,1,-1,-1,-1,0.653006,0.653006,2.913746,2.701562
42,6636,-200.328465,115.363551,18.524562,7.889319,1,-1,-1,-1,0.653006,0.653006,2.913746,2.701562
42,6635,-142.778251,75.218213,8.549788,16.938848,1,-1,-1,-1,0.653006,0.653006,2.913746,2.701562
43,6641,-126.268623,41.057408,8.132599,16.709089,1,-1,-1,-1,0.653000,0.653000,2.908379,2.701562
43,6640,-140.401868,38.984363,8.053555,16.469125,1,-1,-1,-1,0.653000,0.653000,2.908379,2.701562
43,6639,-125.929304,70.793358,8.449095,19.116400,1,-1,-1,-1,0.653000,0.653000,2.908379,2.701562
43,6638,124.145305,130.941989,15.253461,7.878282,1,-1,-1,-1,0.653000,0.653000,2.908379,2.701562
43,6637,-138.386366,186.142149,7.807050,18.912898,1,-1,-1,-1,0.653000,0.653000,2.908379,2.701562
43,6636,-197.036382,115.365027,18.526226,7.892285,1,-1,-1,-1,0.653000,0.653000,2.908379,2.701562
43,6635,-139.348655,73.509013,8.267042,16.915666,1,-1,-1,-1,0.653000,0.653000,2.908379,2.701562
44,6682,-122.480244,16.715921,7.990738,19.073213,1,-1,-1,-1,0.847083,0.847083,7.132717,3.262201
44,6641,-122.796291,41.838794,8.475373,17.510391,1,-1,-1,-1,0.652996,0.652996,2.903309,2.701562
44,6640,-136.900919,38.423889,8.009675,16.249339,1,-1,-1,-1,0.652996,0.652996,2.903309,2.701562
44,6639,-122.361487,70.778714,8.383846,19.038303,1,-1,-1,-1,0.652996,0.652996,2.903309,2.701562
44,6638,124.147538,130.941469,15.253314,7.879153,1,-1,-1,-1,0.652996,0.652996,2.903309,2.701562
44,6637,-134.888647,186.127097,7.805014,18.911798,1,-1,-1,-1,0.652996,0.652996,2.903309,2.701562
44,6636,-193.560995,115.343472,18.524387,7.891601,1,-1,-1,-1,0.652996,0.652996,2.903309,2.701562
44,6635,-135.805421,72.047494,8.060912,16.898247,1,-1,-1,-1,0.652996,0.652996,2.903309,2.701562
45,6684,83.556539,48.980097,8.346688,19.882498,1,-1,-1,-1,0.847083,0.847083,7.132717,3.262201
45,6682,-118.837081,16.896285,8.066679,19.423703,1,-1,-1,-1,0.780933,0.780933,6.225018,2.988460
45,6666,-179.534263,165.457783,25.391766,11.610726,1,-1,-1,-1,0.659891,0.659891,3.600380,2.850791
45,6641,-119.096733,42.800325,8.620927,18.167364,1,-1,-1,-1,0.652992,0.652992,2.898514,2.701562
45,6640,-133.347860,38.686103,8.188240,16.775110,1,-1,-1,-1,0.652992,0.652992,2.898514,2.701562
45,6639,-118.632140,70.676458,8.360834,18.926243,1,-1,-1,-1,0.652992,0.652992,2.898514,2.701562
45,6638,124.143637,130.942905,15.256179,7.882628,1,-1,-1,-1,0.652992,0.652992,2.898514,2.701562
45,6637,-131.217989,186.103764,7.806374,18.914045,1,-1,-1,-1,0.652992,0.652992,2.898514,2.701562
45,6636,-189.916332,115.311005,18.526085,7.893946,1,-1,-1,-1,0.652992,0.652992,2.898514,2.701562
45,6635,-132.116989,70.786922,7.907794,16.882480,1,-1,-1,-1,0.652992,0.652992,2.898514,2.701562
46,6684,87.223395,43.384120,8.282002,19.637260,1,-1,-1,-1,0.780933,0.780933,6.225018,2.988460
46,6682,-115.020428,17.169848,8.083364,19.562094,1,-1,-1,-1,0.739812,0.739812,5.560040,2.851250
46,6666,-176.061943,165.471347,25.548603,11.721161,1,-1,-1,-1,0.657179,0.657179,3.434277,2.780196
46,6644,-127.432008,211.554595,7.586315,15.361002,1,-1,-1,-1,0.654888,0.654888,3.047463,2.835111
46,6641,-115.426457,43.491111,8.828546,18.598403,1,-1,-1,-1,0.652989,0.652989,2.893973,2.701562
46,6640,-129.425520,38.232448,8.044047,16.363237,1,-1,-1,-1,0.652989,0.652989,2.893973,2.701562
46,6639,-114.772989,70.554278,8.351827,18.788407,1,-1,-1,-1,0.652989,0.652989,2.893973,2.701562
46,6638,124.143517,130.942767,15.261034,7.885199,1,-1,-1,-1,0.652989,0.652989,2.893973,2.701562
46,6637,-127.392297,186.064867,7.804488,18.909854,1,-1,-1,-1,0.652989,0.652989,2.893973,2.701562
46,6636,-186.109820,115.265604,18.524516,7.895612,1,-1,-1,-1,0.652989,0.652989,2.893973,2.701562
46,6635,-128.287185,69.672212,7.790263,16.848926,1,-1,-1,-1,0.652989,0.652989,2.893973,2.701562
47,6684,90.938458,39.096681,8.345431,20.206332,1,-1,-1,-1,0.739812,0.739812,5.560040,2.851250
47,6682,-111.153813,17.068298,8.128393,19.702081,1,-1,-1,-1,0.714060,0.714060,5.062690,2.780435
47,6666,-172.318590,165.423833,25.637572,11.769188,1,-1,-1,-1,0.656238,0.656238,3.332376,2.743209
47,6644,-123.487235,210.738840,7.546173,15.184591,1,-1,-1,-1,0.653164,0.653164,2.970154,2.772013
47,6641,-111.631900,40.840404,8.453590,17.442363,1,-1,-1,-1,0.652986,0.652986,2.889667,2.701562
47,6640,-125.403618,38.187397,7.973764,16.337333,1,-1,-1,-1,0.652986,0.652986,2.889667,2.701562
47,6639,-110.884697,70.137396,8.294635,18.419511,1,-1,-1,-1,0.652986,0.652986,2.889667,2.701562
47,6638,124.127029,130.936573,15.269604,7.878750,1,-1,-1,-1,0.652986,0.652986,2.889667,2.701562
47,6637,-123.477132,186.026747,7.803156,18.909603,1,-1,-1,-1,0.652986,0.652986,2.889667,2.701562
47,6636,-182.214358,115.222011,18.526163,7.896868,1,-1,-1,-1,0.652986,0.652986,2.889667,2.701562
47,6635,-124.377689,68.765347,7.710291,16.832648,1,-1,-1,-1,0.652986,0.652986,2.889667,2.701562
48,6687,-107.433057,-14.596269,7.966952,18.114265,1,-1,-1,-1,0.847083,0.847083,7.132717,3.262201
48,6684,94.990594,34.107917,8.163729,19.907080,1,-1,-1,-1,0.714060,0.714060,5.062690,2.780435
48,6682,-107.194811,16.650957,8.162450,19.838255,1,-1,-1,-1,0.697349,0.697349,4.683127,2.743335
48,6666,-167.970031,165.430900,25.640381,11.808687,1,-1,-1,-1,0.655624,0.655624,3.264286,2.723679
48,6644,-119.584848,210.835727,7.618002,15.166797,1,-1,-1,-1,0.652991,0.652991,2.927996,2.738897
48,6641,-107.504939,40.187961,8.180520,16.659826,1,-1,-1,-1,0.652984,0.652984,2.885579,2.701562
48,6640,-121.515559,38.780592,8.115518,16.773904,1,-1,-1,-1,0.652984,0.652984,2.885579,2.701562
48,6639,-106.909143,70.618625,8.325926,18.583148,1,-1,-1,-1,0.652984,0.652984,2.885579,2.701562
48,6638,124.129351,130.939158,15.262217,7.879403,1,-1,-1,-1,0.652984,0.652984,2.885579,2.701562
48,6637,-119.499800,186.006057,7.802187,18.909429,1,-1,-1,-1,0.652984,0.652984,2.885579,2.701562
48,6636,-178.256070,115.198891,18.530152,7.897821,1,-1,-1,-1,0.652984,0.652984,2.885579,2.701562
48,6635,-120.416927,68.009330,7.651963,16.818002,1,-1,-1,-1,0.652984,0.652984,2.885579,2.701562
49,6687,-103.380588,-14.769738,7.852921,17.631164,1,-1,-1,-1,0.780933,0.780933,6.225018,2.988460
49,6684,99.227669,29.905399,8.030675,19.559550,1,-1,-1,-1,0.697349,0.697349,4.683127,2.743335
49,6682,-103.237008,16.585121,8.224712,20.123946,1,-1,-1,-1,0.686065,0.686065,4.388218,2.723746
49,6666,-163.871460,165.149184,25.603937,11.677723,1,-1,-1,-1,0.655135,0.655135,3.215080,2.713324
49,6644,-115.513521,211.225184,7.629053,15.207598,1,-1,-1,-1,0.652989,0.652989,2.904097,2.721396
49,6641,-103.259310,42.247528,8.404352,17.487305,1,-1,-1,-1,0.652983,0.652983,2.881694,2.701562
49,6640,-117.529694,38.741549,8.175521,17.069593,1,-1,-1,-1,0.652983,0.652983,2.881694,2.701562
49,6639,-102.896803,70.339292,8.297000,18.377083,1,-1,-1,-1,0.652983,0.652983,2.881694,2.701562
49,6638,124.133239,130.950249,15.259964,7.885495,1,-1,-1,-1,0.652983,0.652983,2.881694,2.701562
49,6637,-115.470507,186.000437,7.801521,18.912100,1,-1,-1,-1,0.652983,0.652983,2.881694,2.701562
49,6636,-174.246548,115.183697,18.533055,7.898513,1,-1,-1,-1,0.652983,0.652983,2.881694,2.701562
49,6635,-116.411217,67.390687,7.606587,16.801630,1,-1,-1,-1,0.652983,0.652983,2.881694,2.701562
50,6687,-99.386950,-13.574869,8.118881,18.418968,1,-1,-1,-1,0.739812,0.739812,5.560040,2.851250
50,6684,103.135756,25.797334,8.125038,19.046547,1,-1,-1,-1,0.686065,0.686065,4.388218,2.723746
50,6682,-99.248242,16.067690,8.201420,19.885590,1,-1,-1,-1,0.678159,0.678159,4.155461,2.713360
50,6666,-160.168406,165.211291,25.609273,11.644264,1,-1,-1,-1,0.654737,0.654737,3.177073,2.707822
50,6644,-111.282461,211.612489,7.607193,15.357854,1,-1,-1,-1,0.652995,0.652995,2.889837,2.712112
50,6640,-113.373425,38.332298,8.138952,16.955452,1,-1,-1,-1,0.652981,0.652981,2.877997,2.701562
50,6639,-98.855247,70.440052,8.285224,18.376610,1,-1,-1,-1,0.652981,0.652981,2.877997,2.701562
50,6638,124.126914,130.943100,15.255151,7.884311,1,-1,-1,-1,0.652981,0.652981,2.877997,2.701562
50,6637,-111.394685,185.986145,7.798138,18.905475,1,-1,-1,-1,0.652981,0.652981,2.877997,2.701562
50,6636,-170.182967,115.178139,18.532376,7.898977,1,-1,-1,-1,0.652981,0.652981,2.877997,2.701562
50,6635,-112.362529,66.904570,7.576473,16.800942,1,-1,-1,-1,0.652981,0.652981,2.877997,2.701562
51,6682,-95.138701,16.415385,8.213088,19.893129,1,-1,-1,-1,0.672446,0.672446,3.969193,2.707841
51,6666,-156.226216,165.222196,25.567295,11.586285,1,-1,-1,-1,0.654411,0.654411,3.146149,2.704895
51,6644,-107.238247,211.485010,7.687404,15.418663,1,-1,-1,-1,0.652995,0.652995,2.880731,2.707177
51,6640,-109.333389,38.196827,8.197827,17.020528,1,-1,-1,-1,0.652980,0.652980,2.874476,2.701562
51,6639,-94.768950,70.353366,8.244578,18.223935,1,-1,-1,-1,0.652980,0.652980,2.874476,2.701562
51,6638,124.130910,130.942343,15.260160,7.886364,1,-1,-1,-1,0.652980,0.652980,2.874476,2.701562
51,6637,-107.283118,185.990616,7.795712,18.903446,1,-1,-1,-1,0.652980,0.652980,2.874476,2.701562
51,6636,-166.092619,115.182792,18.531876,7.899314,1,-1,-1,-1,0.652980,0.652980,2.874476,2.701562
51,6635,-108.285775,66.489154,7.551634,16.792040,1,-1,-1,-1,0.652980,0.652980,2.874476,2.701562
52,6682,-91.032086,16.321189,8.214668,19.762115,1,-1,-1,-1,0.668212,0.668212,3.818265,2.704905
52,6666,-151.644472,165.288246,25.537321,11.605170,1,-1,-1,-1,0.654147,0.654147,3.120018,2.703337
52,6644,-103.126867,211.698066,7.627073,15.495175,1,-1,-1,-1,0.652993,0.652993,2.874419,2.704552
52,6640,-105.074643,38.172099,8.197504,16.972227,1,-1,-1,-1,0.652979,0.652979,2.871119,2.701562
52,6639,-90.559539,70.608246,8.280808,18.408965,1,-1,-1,-1,0.652979,0.652979,2.871119,2.701562
52,6638,124.120399,130.948171,15.266576,7.887892,1,-1,-1,-1,0.652979,0.652979,2.871119,2.701562
52,6637,-103.127186,185.994769,7.796770,18.904972,1,-1,-1,-1,0.652979,0.652979,2.871119,2.701562
52,6636,-161.955612,115.178258,18.531509,7.899559,1,-1,-1,-1,0.652979,0.652979,2.871119,2.701562
52,6635,-104.156265,66.197716,7.539437,16.808157,1,-1,-1,-1,0.652979,0.652979,2.871119,2.701562
53,6682,-86.872345,16.004185,8.206687,19.763317,1,-1,-1,-1,0.665009,0.665009,3.694582,2.703342
53,6666,-147.183952,165.253134,25.474545,11.557004,1,-1,-1,-1,0.653931,0.653931,3.097347,2.702507
53,6644,-98.798125,211.318709,7.626032,15.459892,1,-1,-1,-1,0.652990,0.652990,2.869654,2.703154
53,6640,-100.966951,38.127988,8.224634,16.893195,1,-1,-1,-1,0.652978,0.652978,2.867916,2.701562
53,6639,-86.389485,70.725597,8.289690,18.531210,1,-1,-1,-1,0.652978,0.652978,2.867916,2.701562
53,6638,124.118185,130.941718,15.265502,7.886122,1,-1,-1,-1,0.652978,0.652978,2.867916,2.701562
53,6637,-98.949011,185.986198,7.794690,18.900319,1,-1,-1,-1,0.652978,0.652978,2.867916,2.701562
53,6636,-157.788498,115.183266,18.534022,7.899772,1,-1,-1,-1,0.652978,0.652978,2.867916,2.701562
53,6635,-100.007523,65.950620,7.530554,16.820013,1,-1,-1,-1,0.652978,0.652978,2.867916,2.701562
54,6687,-82.911981,-13.213340,8.274034,18.896412,1,-1,-1,-1,0.680305,0.680305,4.407867,2.852345
54,6686,-97.296005,10.359450,9.031827,17.242483,1,-1,-1,-1,0.670587,0.670587,4.099583,2.881010
54,6682,-82.713994,16.414622,8.234325,19.759361,1,-1,-1,-1,0.662548,0.662548,3.592165,2.702510
54,6666,-142.740672,165.286431,25.099286,11.485449,1,-1,-1,-1,0.653755,0.653755,3.077318,2.702066
54,6644,-94.663519,211.187451,7.600105,15.402701,1,-1,-1,-1,0.652988,0.652988,2.865769,2.702410
54,6640,-96.846523,38.072688,8.213458,16.803964,1,-1,-1,-1,0.652978,0.652978,2.864857,2.701562
54,6639,-82.182620,70.568827,8.263073,18.457876,1,-1,-1,-1,0.652978,0.652978,2.864857,2.701562
54,6638,124.117649,130.937668,15.264553,7.882039,1,-1,-1,-1,0.652978,0.652978,2.864857,2.701562
54,6637,-94.741734,185.994203,7.796029,18.902704,1,-1,-1,-1,0.652978,0.652978,2.864857,2.701562
54,6636,-153.597020,115.178855,18.533067,7.899889,1,-1,-1,-1,0.652978,0.652978,2.864857,2.701562
54,6635,-95.834034,65.754446,7.524168,16.834280,1,-1,-1,-1,0.652978,0.652978,2.864857,2.701562
55,6687,-78.828522,-14.149922,8.153038,18.359406,1,-1,-1,-1,0.672667,0.672667,4.079049,2.781005
55,6682,-78.544521,16.264139,8.196286,19.648635,1,-1,-1,-1,0.660633,0.660633,3.506534,2.702067
55,6666,-139.213654,165.375966,25.314829,11.619095,1,-1,-1,-1,0.653612,0.653612,3.059400,2.701830
55,6644,-90.552558,211.000201,7.628231,15.319187,1,-1,-1,-1,0.652985,0.652985,2.862410,2.702014
55,6640,-92.587798,38.239351,8.359388,17.068596,1,-1,-1,-1,0.652977,0.652977,2.861934,2.701562
55,6639,-77.963984,70.708554,8.299957,18.619152,1,-1,-1,-1,0.652977,0.652977,2.861934,2.701562
55,6638,124.117729,130.928426,15.263702,7.876270,1,-1,-1,-1,0.652977,0.652977,2.861934,2.701562
55,6637,-90.524119,185.995304,7.794193,18.901470,1,-1,-1,-1,0.652977,0.652977,2.861934,2.701562
55,6636,-149.383025,115.183903,18.532368,7.899974,1,-1,-1,-1,0.652977,0.652977,2.861934,2.701562
55,6635,-91.631518,65.581579,7.522266,16.842173,1,-1,-1,-1,0.652977,0.652977,2.861934,2.701562
56,6687,-74.527043,-15.011499,7.896628,17.680227,1,-1,-1,-1,0.668222,0.668222,3.866204,2.743635
56,6666,-134.714949,165.268391,25.400585,11.606919,1,-1,-1,-1,0.653495,0.653495,3.043227,2.701705
56,6644,-86.350012,210.879876,7.699362,15.285251,1,-1,-1,-1,0.652984,0.652984,2.859384,2.701803
56,6640,-88.233723,38.320112,8.362753,17.187007,1,-1,-1,-1,0.652977,0.652977,2.859137,2.701562
56,6639,-73.716412,70.605197,8.293516,18.581792,1,-1,-1,-1,0.652977,0.652977,2.859137,2.701562
56,6638,124.115924,130.936235,15.260591,7.877581,1,-1,-1,-1,0.652977,0.652977,2.859137,2.701562
56,6637,-86.270260,185.996149,7.792858,18.900582,1,-1,-1,-1,0.652977,0.652977,2.859137,2.701562
56,6636,-145.136538,115.179469,18.531855,7.900035,1,-1,-1,-1,0.652977,0.652977,2.859137,2.701562
56,6635,-87.402515,65.460813,7.520966,16.853523,1,-1,-1,-1,0.652977,0.652977,2.859137,2.701562
57,6687,-70.205386,-14.441113,7.910161,17.764766,1,-1,-1,-1,0.665010,0.665010,3.715104,2.723905
57,6666,-130.891404,165.416291,25.535560,11.708485,1,-1,-1,-1,0.653400,0.653400,3.028532,2.701638
57,6644,-82.042062,210.264106,7.666864,15.130710,1,-1,-1,-1,0.652982,0.652982,2.856586,2.701690
57,6640,-83.959580,38.349945,8.251161,16.991293,1,-1,-1,-1,0.652977,0.652977,2.856459,2.701562
57,6639,-69.454151,70.771831,8.290755,18.684359,1,-1,-1,-1,0.652977,0.652977,2.856459,2.701562
57,6638,124.128887,130.938990,15.258308,7.878533,1,-1,-1,-1,0.652977,0.652977,2.856459,2.701562
57,6637,-82.009941,185.990193,7.794667,18.900133,1,-1,-1,-1,0.652977,0.652977,2.856459,2.701562
57,6636,-140.892827,115.177950,18.531478,7.900079,1,-1,-1,-1,0.652977,0.652977,2.856459,2.701562
57,6635,-83.163033,65.361147,7.522844,16.864804,1,-1,-1,-1,0.652977,0.652977,2.856459,2.701562
58,6687,-65.790327,-14.911581,7.850366,17.235429,1,-1,-1,-1,0.662553,0.662553,3.600571,2.713444
58,6686,-80.765915,8.158304,9.840259,15.305462,1,-1,-1,-1,0.661221,0.661221,3.680206,2.855720
58,6666,-126.291342,165.306645,25.455890,11.614676,1,-1,-1,-1,0.653322,0.653322,3.015109,2.701603
58,6644,-77.685515,210.779462,7.592578,15.166923,1,-1,-1,-1,0.652981,0.652981,2.853958,2.701630
58,6640,-79.853602,38.223867,8.288231,16.557479,1,-1,-1,-1,0.652976,0.652976,2.853893,2.701562
58,6639,-65.259563,70.303598,8.228750,18.329599,1,-1,-1,-1,0.652976,0.652976,2.853893,2.701562
58,6638,124.122080,130.939928,15.248297,7.879103,1,-1,-1,-1,0.652976,0.652976,2.853893,2.701562
58,6637,-77.745491,185.998475,7.796053,18.905366,1,-1,-1,-1,0.652976,0.652976,2.853893,2.701562
58,6636,-136.632492,115.184063,18.531201,7.900110,1,-1,-1,-1,0.652976,0.652976,2.853893,2.701562
58,6635,-78.910208,65.276398,7.524187,16.870284,1,-1,-1,-1,0.652976,0.652976,2.853893,2.701562
59,6682,-61.601362,16.113690,8.226701,19.586935,1,-1,-1,-1,0.658157,0.658157,3.471004,2.835070
59,6666,-122.321852,165.252920,25.528627,11.609541,1,-1,-1,-1,0.653259,0.653259,3.002797,2.701584
59,6644,-73.304269,210.472620,7.550541,15.049623,1,-1,-1,-1,0.652980,0.652980,2.851467,2.701598
59,6640,-75.469013,38.425075,8.287202,16.789488,1,-1,-1,-1,0.652976,0.652976,2.851434,2.701562
59,6639,-61.014762,70.273897,8.203838,18.153937,1,-1,-1,-1,0.652976,0.652976,2.851434,2.701562
59,6638,124.126071,130.938186,15.257503,7.876969,1,-1,-1,-1,0.652976,0.652976,2.851434,2.701562
59,6637,-73.457323,186.000962,7.794288,18.908999,1,-1,-1,-1,0.652976,0.652976,2.851434,2.701562
59,6636,-132.348007,115.186525,18.530996,7.900131,1,-1,-1,-1,0.652976,0.652976,2.851434,2.701562
59,6635,-74.635769,65.225952,7.522435,16.876905,1,-1,-1,-1,0.652976,0.652976,2.851434,2.701562
60,6702,-56.491086,41.358941,8.246613,17.321050,1,-1,-1,-1,0.847083,0.847083,7.132717,3.262201
60,6682,-57.339679,15.993701,8.244044,19.630983,1,-1,-1,-1,0.655795,0.655795,3.335131,2.771992
60,6666,-118.356952,165.237961,25.591277,11.642861,1,-1,-1,-1,0.653207,0.653207,2.991462,2.701574
60,6644,-69.130791,210.737901,7.643676,15.076128,1,-1,-1,-1,0.652979,0.652979,2.849091,2.701581
60,6640,-71.074317,38.437365,8.302462,16.856114,1,-1,-1,-1,0.652976,0.652976,2.849075,2.701562
60,6639,-56.643526,70.599872,8.275049,18.421184,1,-1,-1,-1,0.652976,0.652976,2.849075,2.701562
60,6638,124.112049,130.937838,15.272533,7.875517,1,-1,-1,-1,0.652976,0.652976,2.849075,2.701562
60,6637,-69.157865,185.999425,7.795746,18.909065,1,-1,-1,-1,0.652976,0.652976,2.849075,2.701562
60,6636,-128.056003,115.181047,18.530844,7.900146,1,-1,-1,-1,0.652976,0.652976,2.849075,2.701562
60,6635,-70.358379,65.184171,7.521167,16.881768,1,-1,-1,-1,0.652976,0.652976,2.849075,2.701562
61,6702,-52.016403,39.132775,7.531004,14.402156,1,-1,-1,-1,0.780933,0.780933,6.225018,2.988460
61,6682,-53.058889,16.055591,8.249608,19.651026,1,-1,-1,-1,0.655124,0.655124,3.251754,2.738886
61,6666,-113.950168,165.267290,25.630254,11.638299,1,-1,-1,-1,0.653165,0.653165,2.980994,2.701568
61,6644,-64.938330,210.677360,7.608177,15.022189,1,-1,-1,-1,0.652978,0.652978,2.846817,2.701572
61,6640,-66.871724,38.427698,8.234705,16.817987,1,-1,-1,-1,0.652976,0.652976,2.846809,2.701562
61,6639,-52.402056,70.201120,8.277257,18.126351,1,-1,-1,-1,0.652976,0.652976,2.846809,2.701562
61,6638,124.114517,130.925898,15.269219,7.865934,1,-1,-1,-1,0.652976,0.652976,2.846809,2.701562
61,6637,-64.851968,186.000817,7.796842,18.911890,1,-1,-1,-1,0.652976,0.652976,2.846809,2.701562
61,6636,-123.756162,115.185608,18.530731,7.900155,1,-1,-1,-1,0.652976,0.652976,2.846809,2.701562
61,6635,-66.079677,64.996233,7.530578,16.802010,1,-1,-1,-1,0.652976,0.652976,2.846809,2.701562
62,6702,-47.911250,42.122666,8.312555,16.530615,1,-1,-1,-1,0.739812,0.739812,5.560040,2.851250
62,6687,-48.523013,-15.166960,7.640556,17.077459,1,-1,-1,-1,0.658931,0.658931,3.521703,2.836409
62,6682,-48.780966,16.004786,8.230305,19.677951,1,-1,-1,-1,0.654724,0.654724,3.196203,2.721390
62,6666,-109.752463,165.302319,25.680030,11.700233,1,-1,-1,-1,0.653130,0.653130,2.971297,2.701565
62,6644,-60.610953,210.751392,7.572425,15.040344,1,-1,-1,-1,0.652978,0.652978,2.844637,2.701568
62,6640,-62.561306,38.431347,8.253662,16.912259,1,-1,-1,-1,0.652976,0.652976,2.844634,2.701562
62,6639,-48.051035,70.387549,8.264931,18.130441,1,-1,-1,-1,0.652976,0.652976,2.844634,2.701562
62,6638,124.130656,130.932438,15.270256,7.872847,1,-1,-1,-1,0.652976,0.652976,2.844634,2.701562
62,6637,-60.525720,186.007479,7.797643,18.913953,1,-1,-1,-1,0.652976,0.652976,2.844634,2.701562
62,6636,-119.441715,115.193973,18.530647,7.900162,1,-1,-1,-1,0.652976,0.652976,2.844634,2.701562
62,6635,-61.766925,65.094056,7.527164,16.827100,1,-1,-1,-1,0.652976,0.652976,2.844634,2.701562
63,6702,-43.703671,42.880831,8.629657,17.562460,1,-1,-1,-1,0.714060,0.714060,5.062690,2.780435
63,6687,-44.262905,-15.156563,7.647046,17.128799,1,-1,-1,-1,0.656412,0.656412,3.376861,2.772691
63,6682,-44.480959,16.106458,8.239048,19.768389,1,-1,-1,-1,0.654407,0.654407,3.156175,2.712108
63,6666,-104.950937,165.270231,25.579358,11.657889,1,-1,-1,-1,0.653102,0.653102,2.962293,2.701564
63,6644,-56.081622,211.053147,7.558751,15.104497,1,-1,-1,-1,0.652977,0.652977,2.842544,2.701565
63,6640,-58.216799,38.417345,8.309919,17.036933,1,-1,-1,-1,0.652976,0.652976,2.842542,2.701562
63,6639,-43.691652,70.783750,8.316952,18.404535,1,-1,-1,-1,0.652976,0.652976,2.842542,2.701562
63,6638,124.136614,130.940278,15.270986,7.877886,1,-1,-1,-1,0.652976,0.652976,2.842542,2.701562
63,6637,-56.188654,186.012579,7.795398,18.909747,1,-1,-1,-1,0.652976,0.652976,2.842542,2.701562
63,6636,-115.116523,115.210285,18.530583,7.900165,1,-1,-1,-1,0.652976,0.652976,2.842542,2.701562
63,6635,-57.445104,65.132639,7.524671,16.845470,1,-1,-1,-1,0.652976,0.652976,2.842542,2.701562
64,6704,-54.481596,11.079304,8.943969,16.766893,1,-1,-1,-1,0.847083,0.847083,7.132717,3.262201
64,6702,-39.314912,42.230916,8.612234,17.776903,1,-1,-1,-1,0.697349,0.697349,4.683127,2.743335
64,6687,-39.626129,-15.164129,7.693979,16.953187,1,-1,-1,-1,0.655621,0.655621,3.287372,2.739255
64,6682,-40.142846,16.327199,8.256624,19.838354,1,-1,-1,-1,0.654146,0.654146,3.125286,2.707176
64,6666,-101.011055,165.427919,25.653671,11.720086,1,-1,-1,-1,0.653079,0.653079,2.953911,2.701563
64,6644,-51.854877,210.465006,7.485636,14.956377,1,-1,-1,-1,0.652977,0.652977,2.840532,2.701564
64,6640,-53.853599,38.345910,8.346085,17.176431,1,-1,-1,-1,0.652975,0.652975,2.840531,2.701562
64,6639,-39.350646,70.736286,8.309160,18.447707,1,-1,-1,-1,0.652975,0.652975,2.840531,2.701562
64,6638,124.121213,130.923665,15.273870,7.873275,1,-1,-1,-1,0.652975,0.652975,2.840531,2.701562
64,6637,-51.851273,186.013338,7.796506,18.904078,1,-1,-1,-1,0.652975,0.652975,2.840531,2.701562
64,6636,-110.783769,115.221178,18.527603,7.897366,1,-1,-1,-1,0.652975,0.652975,2.840531,2.701562
64,6635,-53.120955,65.149849,7.522889,16.861682,1,-1,-1,-1,0.652975,0.652975,2.840531,2.701562
65,6704,-50.133075,10.630572,8.785138,16.407736,1,-1,-1,-1,0.780933,0.780933,6.225018,2.988460
65,6687,-35.328130,-14.681685,7.701475,17.020596,1,-1,-1,-1,0.655125,0.655125,3.227257,2.721585
65,6682,-35.838088,16.510344,8.280284,19.881550,1,-1,-1,-1,0.653932,0.653932,3.100116,2.704551
65,6666,-96.219073,165.237690,25.634087,11.636238,1,-1,-1,-1,0.653060,0.653060,2.946091,2.701563
65,6644,-47.377292,211.384461,7.504310,15.137921,1,-1,-1,-1,0.652977,0.652977,2.838596,2.701563
65,6640,-49.521917,38.312129,8.370422,17.169920,1,-1,-1,-1,0.652975,0.652975,2.838596,2.701562
65,6639,-35.035834,70.770068,8.314106,18.613880,1,-1,-1,-1,0.652975,0.652975,2.838596,2.701562
65,6638,124.123251,130.924689,15.278735,7.869943,1,-1,-1,-1,0.652975,0.652975,2.838596,2.701562
65,6637,-47.498093,186.023069,7.797345,18.902722,1,-1,-1,-1,0.652975,0.652975,2.838596,2.701562
65,6636,-106.438665,115.234191,18.528361,7.898125,1,-1,-1,-1,0.652975,0.652975,2.838596,2.701562
65,6635,-48.786593,65.147225,7.527100,16.871111,1,-1,-1,-1,0.652975,0.652975,2.838596,2.701562
66,6704,-46.066791,8.348894,9.300295,14.465269,1,-1,-1,-1,0.739812,0.739812,5.560040,2.851250
66,6687,-30.964139,-14.768631,7.637595,17.004729,1,-1,-1,-1,0.654732,0.654732,3.183609,2.712212
66,6682,-31.494847,17.057828,8.268136,20.228123,1,-1,-1,-1,0.653756,0.653756,3.078770,2.703154
66,6666,-91.697031,165.223997,25.555401,11.591580,1,-1,-1,-1,0.653044,0.653044,2.938779,2.701562
66,6644,-43.122013,211.685266,7.511305,15.246622,1,-1,-1,-1,0.652976,0.652976,2.836733,2.701563
66,6640,-45.098025,38.200843,8.309789,17.024049,1,-1,-1,-1,0.652975,0.652975,2.836732,2.701562
66,6639,-30.710625,70.638773,8.306811,18.578572,1,-1,-1,-1,0.652975,0.652975,2.836732,2.701562
66,6638,124.116578,130.921052,15.282403,7.870280,1,-1,-1,-1,0.652975,0.652975,2.836732,2.701562
66,6637,-43.146696,186.027031,7.797959,18.901736,1,-1,-1,-1,0.652975,0.652975,2.836732,2.701562
66,6636,-102.087755,115.238974,18.526142,7.898648,1,-1,-1,-1,0.652975,0.652975,2.836732,2.701562
66,6635,-44.444676,65.143696,7.524608,16.874920,1,-1,-1,-1,0.652975,0.652975,2.836732,2.701562
67,6687,-26.646997,-14.798451,7.663706,16.945983,1,-1,-1,-1,0.654410,0.654410,3.149740,2.707231
67,6682,-27.166652,17.321596,8.287564,20.537455,1,-1,-1,-1,0.653613,0.653613,3.060156,2.702410
67,6666,-87.083494,165.282963,25.487043,11.564453,1,-1,-1,-1,0.653032,0.653032,2.931929,2.701562
67,6644,-38.746708,211.753048,7.552929,15.352221,1,-1,-1,-1,0.652976,0.652976,2.834938,2.701562
67,6640,-40.786917,38.193858,8.229211,16.911100,1,-1,-1,-1,0.652975,0.652975,2.834938,2.701562
67,6639,-26.289371,70.787555,8.336987,18.715164,1,-1,-1,-1,0.652975,0.652975,2.834938,2.701562
67,6638,124.131297,130.903854,15.262339,7.856421,1,-1,-1,-1,0.652975,0.652975,2.834938,2.701562
67,6637,-38.777577,186.037126,7.798437,18.903790,1,-1,-1,-1,0.652975,0.652975,2.834938,2.701562
67,6636,-97.724843,115.240619,18.527290,7.899058,1,-1,-1,-1,0.652975,0.652975,2.834938,2.701562
67,6635,-40.082666,65.139386,7.522769,16.874958,1,-1,-1,-1,0.652975,0.652975,2.834938,2.701562
68,6702,-22.130485,41.763575,8.679715,18.641088,1,-1,-1,-1,0.670279,0.670279,4.062265,2.839909
68,6687,-22.512805,-14.298411,7.707075,17.378658,1,-1,-1,-1,0.654146,0.654146,3.122057,2.704580
68,6682,-22.783497,17.015866,8.301175,20.622647,1,-1,-1,-1,0.653496,0.653496,3.043614,2.702014
68,6666,-82.840324,165.279917,25.518306,11.540267,1,-1,-1,-1,0.653022,0.653022,2.925501,2.701562
68,6644,-34.322523,211.024692,7.553343,15.277465,1,-1,-1,-1,0.652976,0.652976,2.833208,2.701562
68,6640,-36.347226,38.343351,8.292421,17.060865,1,-1,-1,-1,0.652975,0.652975,2.833208,2.701562
68,6639,-21.914475,70.760591,8.355321,18.775985,1,-1,-1,-1,0.652975,0.652975,2.833208,2.701562
68,6638,124.140204,130.922178,15.267667,7.860374,1,-1,-1,-1,0.652975,0.652975,2.833208,2.701562
68,6637,-34.402833,186.042469,7.798814,18.908058,1,-1,-1,-1,0.652975,0.652975,2.833208,2.701562
68,6636,-93.354261,115.241104,18.528126,7.899357,1,-1,-1,-1,0.652975,0.652975,2.833208,2.701562
68,6635,-35.718582,65.154818,7.524297,16.883461,1,-1,-1,-1,0.652975,0.652975,2.833208,2.701562
69,6702,-17.723245,40.265344,8.164688,17.144362,1,-1,-1,-1,0.665217,0.665217,3.809419,2.774519
69,6687,-17.977165,-14.638661,7.744028,17.363587,1,-1,-1,-1,0.653931,0.653931,3.098559,2.703169
69,6682,-18.457410,16.748121,8.336674,20.572112,1,-1,-1,-1,0.653401,0.653401,3.028723,2.701803
69,6666,-78.298856,165.285934,25.425982,11.523661,1,-1,-1,-1,0.653013,0.653013,2.919457,2.701562
69,6644,-29.987955,211.152649,7.562734,15.274247,1,-1,-1,-1,0.652976,0.652976,2.831541,2.701562
69,6640,-32.058195,38.416451,8.382696,17.189741,1,-1,-1,-1,0.652975,0.652975,2.831540,2.701562
69,6639,-17.492549,70.791424,8.394246,18.871825,1,-1,-1,-1,0.652975,0.652975,2.831540,2.701562
69,6638,124.134222,130.922015,15.268774,7.863218,1,-1,-1,-1,0.652975,0.652975,2.831540,2.701562
69,6637,-30.020454,186.043712,7.799090,18.911175,1,-1,-1,-1,0.652975,0.652975,2.831540,2.701562
69,6636,-88.975000,115.232758,18.528584,7.896806,1,-1,-1,-1,0.652975,0.652975,2.831540,2.701562
69,6635,-31.343762,65.161227,7.525386,16.886917,1,-1,-1,-1,0.652975,0.652975,2.831540,2.701562
70,6702,-13.262711,39.340047,7.923139,15.591430,1,-1,-1,-1,0.662556,0.662556,3.646801,2.740218
70,6687,-13.583374,-14.476487,7.679713,17.437329,1,-1,-1,-1,0.653755,0.653755,3.078085,2.702418
70,6682,-14.058868,16.959139,8.295785,20.628254,1,-1,-1,-1,0.653323,0.653323,3.015196,2.701690
70,6666,-74.475897,165.347760,25.518828,11.601118,1,-1,-1,-1,0.653006,0.653006,2.913765,2.701562
70,6644,-25.537007,211.180945,7.514312,15.255443,1,-1,-1,-1,0.652976,0.652976,2.829932,2.701562
70,6640,-27.676570,38.486247,8.534124,17.421417,1,-1,-1,-1,0.652975,0.652975,2.829932,2.701562
70,6639,-13.121202,70.720549,8.399414,18.862540,1,-1,-1,-1,0.652975,0.652975,2.829932,2.701562
70,6638,124.135491,130.927993,15.275103,7.865357,1,-1,-1,-1,0.652975,0.652975,2.829932,2.701562
70,6637,-25.642646,186.033294,7.799238,18.907918,1,-1,-1,-1,0.652975,0.652975,2.829932,2.701562
70,6636,-84.599895,115.238398,18.529069,7.897712,1,-1,-1,-1,0.652975,0.652975,2.829932,2.701562
70,6635,-26.965479,65.167874,7.526218,16.892219,1,-1,-1,-1,0.652975,0.652975,2.829932,2.701562
71,6702,-8.919168,41.798919,8.263028,16.647615,1,-1,-1,-1,0.660634,0.660634,3.532513,2.722095
71,6687,-9.329342,-14.564582,7.662682,17.505248,1,-1,-1,-1,0.653612,0.653612,3.059922,2.702018
71,6682,-9.713668,17.218993,8.288745,20.795364,1,-1,-1,-1,0.653259,0.653259,3.002829,2.701630
71,6666,-69.819968,165.277202,25.527116,11.603211,1,-1,-1,-1,0.653001,0.653001,2.908397,2.701562
71,6644,-21.071745,210.682886,7.547600,15.175541,1,-1,-1,-1,0.652976,0.652976,2.828380,2.701562
71,6640,-23.224464,38.385587,8.518743,17.357106,1,-1,-1,-1,0.652975,0.652975,2.828379,2.701562
71,6639,-8.855757,70.499466,8.380382,18.749337,1,-1,-1,-1,0.652975,0.652975,2.828379,2.701562
71,6638,124.133842,130.923454,15.268650,7.866779,1,-1,-1,-1,0.652975,0.652975,2.828379,2.701562
71,6637,-21.254448,186.040167,7.799401,18.911076,1,-1,-1,-1,0.652975,0.652975,2.828379,2.701562
71,6636,-80.214006,115.233814,18.529420,7.898373,1,-1,-1,-1,0.652975,0.652975,2.828379,2.701562
71,6635,-22.579926,65.179937,7.526861,16.898868,1,-1,-1,-1,0.652975,0.652975,2.828379,2.701562
72,6702,-4.559478,42.424861,8.475683,17.116797,1,-1,-1,-1,0.659134,0.659134,3.446514,2.712483
72,6682,-5.309073,17.089486,8.258601,20.852293,1,-1,-1,-1,0.653208,0.653208,2.991465,2.701598
72,6666,-65.280195,165.197958,25.401285,11.493394,1,-1,-1,-1,0.652996,0.652996,2.903327,2.701562
72,6644,-16.657302,210.946971,7.565644,15.245891,1,-1,-1,-1,0.652975,0.652975,2.826881,2.701562
72,6640,-18.940163,38.389201,8.494108,17.364731,1,-1,-1,-1,0.652975,0.652975,2.826881,2.701562
72,6639,-4.408242,70.721351,8.383036,18.903782,1,-1,-1,-1,0.652975,0.652975,2.826881,2.701562
72,6638,124.137203,130.917762,15.258170,7.862227,1,-1,-1,-1,0.652975,0.652975,2.826881,2.701562
72,6637,-16.856577,186.042199,7.799520,18.913383,1,-1,-1,-1,0.652975,0.652975,2.826881,2.701562
72,6636,-75.818177,115.238451,18.529674,7.898854,1,-1,-1,-1,0.652975,0.652975,2.826881,2.701562
72,6635,-18.190278,65.192937,7.530129,16.906646,1,-1,-1,-1,0.652975,0.652975,2.826881,2.701562
73,6704,-15.163103,10.847724,8.957487,17.644592,1,-1,-1,-1,0.667043,0.667043,3.964785,2.867953
73,6702,-0.220241,43.016076,8.691897,17.799489,1,-1,-1,-1,0.657944,0.657944,3.378447,2.707375
73,6682,-0.871900,16.928107,8.244621,20.883447,1,-1,-1,-1,0.653165,0.653165,2.980982,2.701581
73,6666,-60.837331,165.278466,25.458353,11.524911,1,-1,-1,-1,0.652992,0.652992,2.898531,2.701562
73,6644,-12.409848,210.852959,7.557969,15.180221,1,-1,-1,-1,0.652975,0.652975,2.825433,2.701562
73,6640,-14.487670,38.509724,8.562368,17.421905,1,-1,-1,-1,0.652975,0.652975,2.825433,2.701562
73,6639,0.027001,70.575401,8.366093,18.854247,1,-1,-1,-1,0.652975,0.652975,2.825433,2.701562
73,6638,124.143003,130.928530,15.264704,7.867354,1,-1,-1,-1,0.652975,0.652975,2.825433,2.701562
73,6637,-12.455809,186.042528,7.799608,18.915068,1,-1,-1,-1,0.652975,0.652975,2.825433,2.701562
73,6636,-71.412629,115.231681,18.529715,7.896440,1,-1,-1,-1,0.652975,0.652975,2.825433,2.701562
73,6635,-13.788888,65.197011,7.532517,16.912329,1,-1,-1,-1,0.652975,0.652975,2.825433,2.701562
74,6704,-11.055794,10.480656,9.194935,17.599541,1,-1,-1,-1,0.662752,0.662752,3.719900,2.789131
74,6702,4.223731,42.724947,8.663767,18.086556,1,-1,-1,-1,0.656993,0.656993,3.322591,2.704657
74,6682,3.497828,16.787661,8.310570,20.689801,1,-1,-1,-1,0.653130,0.653130,2.971278,2.701572
74,6666,-56.757217,165.299924,25.529971,11.542709,1,-1,-1,-1,0.652989,0.652989,2.893990,2.701562
74,6644,-7.924130,211.724412,7.556469,15.340540,1,-1,-1,-1,0.652975,0.652975,2.824035,2.701562
74,6640,-10.116879,38.554945,8.577047,17.521475,1,-1,-1,-1,0.652975,0.652975,2.824034,2.701562
74,6639,4.435127,70.525141,8.358791,18.726255,1,-1,-1,-1,0.652975,0.652975,2.824034,2.701562
74,6638,124.156164,130.923399,15.258282,7.868198,1,-1,-1,-1,0.652975,0.652975,2.824034,2.701562
74,6637,-8.048112,186.032019,7.799622,18.910772,1,-1,-1,-1,0.652975,0.652975,2.824034,2.701562
74,6636,-67.008786,115.237904,18.532651,7.897469,1,-1,-1,-1,0.652975,0.652975,2.824034,2.701562
74,6635,-9.383408,65.203920,7.534263,16.916484,1,-1,-1,-1,0.652975,0.652975,2.824034,2.701562
75,6704,-6.479019,10.709802,8.957943,17.734195,1,-1,-1,-1,0.660646,0.660646,3.567465,2.747911
75,6702,8.583502,43.218063,8.836028,18.592517,1,-1,-1,-1,0.656232,0.656232,3.275570,2.703210
75,6682,7.922897,17.000196,8.270211,20.728067,1,-1,-1,-1,0.653102,0.653102,2.962270,2.701568
75,6666,-52.490724,165.221453,25.559191,11.507440,1,-1,-1,-1,0.652986,0.652986,2.889683,2.701562
75,6644,-3.503203,214.569404,7.866792,16.131568,1,-1,-1,-1,0.652975,0.652975,2.822683,2.701562
75,6640,-5.659788,38.409246,8.583338,17.458422,1,-1,-1,-1,0.652975,0.652975,2.822682,2.701562
75,6639,8.874059,70.454605,8.317228,18.552031,1,-1,-1,-1,0.652975,0.652975,2.822682,2.701562
75,6638,124.127645,130.946455,15.270541,7.877291,1,-1,-1,-1,0.652975,0.652975,2.822682,2.701562
75,6637,-3.638475,186.028756,7.799634,18.907642,1,-1,-1,-1,0.652975,0.652975,2.822682,2.701562
75,6636,-62.597331,115.233549,18.532028,7.898192,1,-1,-1,-1,0.652975,0.652975,2.822682,2.701562
75,6635,-4.976774,65.213460,7.535569,16.922287,1,-1,-1,-1,0.652975,0.652975,2.822682,2.701562
76,6704,-1.960518,10.587085,8.695551,17.652397,1,-1,-1,-1,0.659136,0.659136,3.463318,2.726168
76,6702,12.975952,42.779592,8.856020,18.843295,1,-1,-1,-1,0.655619,0.655619,3.235261,2.702440
76,6682,12.288465,17.028079,8.258359,20.799819,1,-1,-1,-1,0.653079,0.653079,2.953887,2.701565
76,6666,-47.869729,165.404297,25.455673,11.532757,1,-1,-1,-1,0.652984,0.652984,2.885594,2.701562
76,6644,0.705444,212.020542,7.754749,15.802572,1,-1,-1,-1,0.652975,0.652975,2.821375,2.701562
76,6640,-1.358599,38.508783,8.694797,17.580060,1,-1,-1,-1,0.652975,0.652975,2.821375,2.701562
76,6639,13.272362,70.549256,8.320335,18.550715,1,-1,-1,-1,0.652975,0.652975,2.821375,2.701562
76,6638,124.123305,130.939525,15.281748,7.872885,1,-1,-1,-1,0.652975,0.652975,2.821375,2.701562
76,6637,0.764725,186.036482,7.799668,18.908123,1,-1,-1,-1,0.652975,0.652975,2.821375,2.701562
76,6636,-58.194092,115.231743,18.531572,7.898719,1,-1,-1,-1,0.652975,0.652975,2.821375,2.701562
76,6635,-0.576573,65.210979,7.536471,16.921006,1,-1,-1,-1,0.652975,0.652975,2.821375,2.701562
77,6704,2.528427,10.866669,8.655396,17.986288,1,-1,-1,-1,0.657949,0.657949,3.386536,2.714645
77,6702,17.377593,41.218763,8.837372,18.558394,1,-1,-1,-1,0.655124,0.655124,3.200242,2.702030
77,6682,16.704530,17.175099,8.247758,20.910030,1,-1,-1,-1,0.653060,0.653060,2.946067,2.701564
77,6666,-43.264870,165.402089,25.145075,11.542087,1,-1,-1,-1,0.652983,0.652983,2.881708,2.701562
77,6644,5.208995,212.140976,7.801287,15.942014,1,-1,-1,-1,0.652975,0.652975,2.820111,2.701562
77,6640,3.094966,38.386662,8.611275,17.500551,1,-1,-1,-1,0.652975,0.652975,2.820111,2.701562
77,6639,17.639445,70.691815,8.318606,18.664433,1,-1,-1,-1,0.652975,0.652975,2.820111,2.701562
77,6638,124.132335,130.960215,15.271192,7.883231,1,-1,-1,-1,0.652975,0.652975,2.820111,2.701562
77,6637,5.179865,186.032731,7.802456,18.908621,1,-1,-1,-1,0.652975,0.652975,2.820111,2.701562
77,6636,-53.787904,115.229067,18.531100,7.896342,1,-1,-1,-1,0.652975,0.652975,2.820111,2.701562
77,6635,3.833864,65.210337,7.537161,16.922843,1,-1,-1,-1,0.652975,0.652975,2.820111,2.701562
78,6704,7.020702,10.465955,8.505310,18.005595,1,-1,-1,-1,0.657000,0.657000,3.326500,2.708525
78,6702,21.806505,41.460808,8.769376,18.605548,1,-1,-1,-1,0.654724,0.654724,3.169510,2.701811
78,6687,21.306311,-14.408605,7.928331,17.313509,1,-1,-1,-1,0.655027,0.655027,3.168909,2.864219
78,6682,21.131564,16.857116,8.240492,20.872844,1,-1,-1,-1,0.653045,0.653045,2.938756,2.701563
78,6666,-38.636184,165.443905,25.047001,11.551208,1,-1,-1,-1,0.652981,0.652981,2.878010,2.701562
78,6644,9.501284,211.356825,7.744306,15.710383,1,-1,-1,-1,0.652975,0.652975,2.818887,2.701562
78,6640,7.480839,38.309490,8.547247,17.386880,1,-1,-1,-1,0.652975,0.652975,2.818887,2.701562
78,6639,22.124445,70.857943,8.368036,18.823206,1,-1,-1,-1,0.652975,0.652975,2.818887,2.701562
78,6638,124.125911,130.935226,15.273829,7.874354,1,-1,-1,-1,0.652975,0.652975,2.818887,2.701562
78,6637,9.581690,186.039700,7.801754,18.911600,1,-1,-1,-1,0.652975,0.652975,2.818887,2.701562
78,6636,-49.381178,115.236875,18.530893,7.897368,1,-1,-1,-1,0.652975,0.652975,2.818887,2.701562
78,6635,8.232917,65.220670,7.534908,16.924059,1,-1,-1,-1,0.652975,0.652975,2.818887,2.701562
79,6702,26.228888,41.145530,8.762039,18.692719,1,-1,-1,-1,0.654400,0.654400,3.142322,2.701695
79,6687,25.689769,-14.119888,7.941643,17.627718,1,-1,-1,-1,0.653284,0.653284,3.065297,2.787189
79,6682,25.500352,16.763712,8.273776,20.794368,1,-1,-1,-1,0.653032,0.653032,2.931907,2.701563
79,6644,14.145661,210.707134,7.677057,15.533539,1,-1,-1,-1,0.652975,0.652975,2.817703,2.701562
79,6640,11.967482,38.360780,8.517665,17.410653,1,-1,-1,-1,0.652975,0.652975,2.817702,2.701562
79,6639,26.521030,70.776467,8.395274,18.929737,1,-1,-1,-1,0.652975,0.652975,2.817702,2.701562
79,6638,124.129265,130.943177,15.276303,7.881685,1,-1,-1,-1,0.652975,0.652975,2.817702,2.701562
79,6637,13.987044,186.038042,7.801194,18.908257,1,-1,-1,-1,0.652975,0.652975,2.817702,2.701562
79,6636,-44.972751,115.233108,18.533500,7.898142,1,-1,-1,-1,0.652975,0.652975,2.817702,2.701562
79,6635,12.638146,65.217911,7.535977,16.919568,1,-1,-1,-1,0.652975,0.652975,2.817702,2.701562
80,6702,30.562203,41.465184,8.688984,18.659439,1,-1,-1,-1,0.654137,0.654137,3.118106,2.701633
80,6687,29.903537,-14.407570,7.873117,17.721311,1,-1,-1,-1,0.653095,0.653095,3.007995,2.746890
80,6682,29.806534,17.027027,8.252729,20.903473,1,-1,-1,-1,0.653022,0.653022,2.925479,2.701562
80,6644,18.243811,210.398183,7.600054,15.332145,1,-1,-1,-1,0.652975,0.652975,2.816556,2.701562
80,6640,16.198094,38.413843,8.559980,17.469903,1,-1,-1,-1,0.652975,0.652975,2.816556,2.701562
80,6639,30.760664,70.648415,8.352766,18.823022,1,-1,-1,-1,0.652975,0.652975,2.816556,2.701562
80,6638,124.136648,130.944888,15.278087,7.887030,1,-1,-1,-1,0.652975,0.652975,2.816556,2.701562
80,6637,18.269181,186.041748,7.800835,18.911339,1,-1,-1,-1,0.652975,0.652975,2.816556,2.701562
80,6636,-40.697032,115.238055,18.535400,7.898705,1,-1,-1,-1,0.652975,0.652975,2.816556,2.701562
80,6635,16.912319,65.223068,7.536787,16.919063,1,-1,-1,-1,0.652975,0.652975,2.816556,2.701562
81,6715,249.455317,79.979308,8.261269,16.755417,1,-1,-1,-1,0.847083,0.847083,7.132717,3.262201
81,6702,34.475457,38.803917,8.559358,16.306863,1,-1,-1,-1,0.653923,0.653923,3.096412,2.701600
81,6687,34.094687,-14.593038,7.931857,17.787708,1,-1,-1,-1,0.653077,0.653077,2.974604,2.725627
81,6682,33.825032,17.117866,8.255548,20.915690,1,-1,-1,-1,0.653013,0.653013,2.919437,2.701562
81,6644,22.389189,211.322539,7.643005,15.456881,1,-1,-1,-1,0.652975,0.652975,2.815445,2.701562
81,6640,20.356291,38.289048,8.592498,17.389952,1,-1,-1,-1,0.652975,0.652975,2.815445,2.701562
81,6639,34.738978,70.368033,8.340919,18.605011,1,-1,-1,-1,0.652975,0.652975,2.815445,2.701562
81,6638,124.137358,130.940798,15.276390,7.885382,1,-1,-1,-1,0.652975,0.652975,2.815445,2.701562
81,6637,22.321474,186.042596,7.800573,18.913589,1,-1,-1,-1,0.652975,0.652975,2.815445,2.701562
81,6636,-36.648049,115.239817,18.536784,7.899115,1,-1,-1,-1,0.652975,0.652975,2.815445,2.701562
81,6635,20.960391,65.226446,7.537357,16.915945,1,-1,-1,-1,0.652975,0.652975,2.815445,2.701562
82,6704,23.314047,10.570186,8.849817,17.599686,1,-1,-1,-1,0.656642,0.656642,3.354622,2.835831
82,6702,38.313266,40.909594,8.582354,16.836598,1,-1,-1,-1,0.653748,0.653748,3.076879,2.701582
82,6687,37.829867,-14.416953,7.915687,17.963924,1,-1,-1,-1,0.653068,0.653068,2.953851,2.714358
82,6682,37.632783,16.845247,8.275513,20.780705,1,-1,-1,-1,0.653006,0.653006,2.913746,2.701562
82,6666,-22.680677,165.304913,25.324835,11.628123,1,-1,-1,-1,0.654873,0.654873,3.015098,2.835011
82,6644,26.193258,211.502478,7.634790,15.503980,1,-1,-1,-1,0.652975,0.652975,2.814369,2.701562
82,6640,24.113184,38.333917,8.585747,17.331491,1,-1,-1,-1,0.652975,0.652975,2.814369,2.701562
82,6639,38.650452,70.625330,8.361897,18.755232,1,-1,-1,-1,0.652975,0.652975,2.814369,2.701562
82,6638,124.136066,130.931089,15.272282,7.881389,1,-1,-1,-1,0.652975,0.652975,2.814369,2.701562
82,6637,26.130087,186.040608,7.800359,18.912476,1,-1,-1,-1,0.652975,0.652975,2.814369,2.701562
82,6636,-32.836772,115.233870,18.535033,7.899389,1,-1,-1,-1,0.652975,0.652975,2.814369,2.701562
82,6635,24.770979,65.233138,7.535045,16.916310,1,-1,-1,-1,0.652975,0.652975,2.814369,2.701562
83,6704,27.095799,10.809529,8.699681,17.882718,1,-1,-1,-1,0.654581,0.654581,3.237796,2.772389
83,6702,41.842035,42.405689,8.678172,17.521845,1,-1,-1,-1,0.653606,0.653606,3.059209,2.701573
83,6687,41.212415,-13.618189,8.107989,18.621595,1,-1,-1,-1,0.653055,0.653055,2.939917,2.708372
83,6682,41.220314,17.011362,8.264712,20.893441,1,-1,-1,-1,0.653001,0.653001,2.908379,2.701562
83,6644,29.723126,211.309279,7.649824,15.437364,1,-1,-1,-1,0.652975,0.652975,2.813326,2.701562
83,6640,27.650788,38.296152,8.536432,17.249319,1,-1,-1,-1,0.652975,0.652975,2.813325,2.701562
83,6639,42.122808,71.062951,8.336660,19.047489,1,-1,-1,-1,0.652975,0.652975,2.813325,2.701562
83,6638,124.129747,130.928085,15.269277,7.878473,1,-1,-1,-1,0.652975,0.652975,2.813325,2.701562
83,6637,29.670833,186.040022,7.800203,18.911665,1,-1,-1,-1,0.652975,0.652975,2.813325,2.701562
83,6636,-29.295129,115.231544,18.533755,7.899589,1,-1,-1,-1,0.652975,0.652975,2.813325,2.701562
83,6635,28.313876,65.250381,7.536197,16.924985,1,-1,-1,-1,0.652975,0.652975,2.813325,2.701562
84,6704,30.184320,10.820177,8.876719,17.986940,1,-1,-1,-1,0.654143,0.654143,3.167794,2.739096
84,6702,45.147428,42.527674,8.677652,17.923228,1,-1,-1,-1,0.653491,0.653491,3.043158,2.701568
84,6687,44.666755,-14.602995,8.024371,18.398038,1,-1,-1,-1,0.653042,0.653042,2.929749,2.705188
84,6682,44.468207,16.991003,8.261370,20.931976,1,-1,-1,-1,0.652996,0.652996,2.903310,2.701562
84,6644,32.898661,211.521615,7.589774,15.441147,1,-1,-1,-1,0.652975,0.652975,2.812315,2.701562
84,6640,30.880486,38.386221,8.525519,17.244719,1,-1,-1,-1,0.652975,0.652975,2.812314,2.701562
84,6639,45.461536,70.855242,8.374457,19.068574,1,-1,-1,-1,0.652975,0.652975,2.812314,2.701562
84,6638,124.133584,130.925541,15.275249,7.873661,1,-1,-1,-1,0.652975,0.652975,2.812314,2.701562
84,6637,32.935198,186.039922,7.800091,18.911076,1,-1,-1,-1,0.652975,0.652975,2.812314,2.701562
84,6636,-26.028629,115.228722,18.535450,7.896999,1,-1,-1,-1,0.652975,0.652975,2.812314,2.701562
84,6635,31.578149,65.235282,7.536916,16.917533,1,-1,-1,-1,0.652975,0.652975,2.812314,2.701562
85,6704,32.917404,9.664990,9.452888,17.526013,1,-1,-1,-1,0.653928,0.653928,3.122433,2.721501
85,6702,48.061881,42.944154,8.800463,18.420673,1,-1,-1,-1,0.653396,0.653396,3.028520,2.701565
85,6687,47.655099,-14.426765,8.010847,18.434331,1,-1,-1,-1,0.653030,0.653030,2.921731,2.703493
85,6682,47.453475,16.741117,8.304375,20.743347,1,-1,-1,-1,0.652992,0.652992,2.898515,2.701562
85,6644,35.911865,210.930193,7.561729,15.265124,1,-1,-1,-1,0.652975,0.652975,2.811334,2.701562
85,6640,33.946394,38.333895,8.555933,17.220452,1,-1,-1,-1,0.652975,0.652975,2.811334,2.701562
85,6639,48.320016,70.678081,8.320342,19.165727,1,-1,-1,-1,0.652975,0.652975,2.811334,2.701562
85,6638,124.132008,130.929224,15.277052,7.875641,1,-1,-1,-1,0.652975,0.652975,2.811334,2.701562
85,6637,35.929024,186.039906,7.802766,18.910781,1,-1,-1,-1,0.652975,0.652975,2.811334,2.701562
85,6636,-23.045001,115.236535,18.534058,7.897843,1,-1,-1,-1,0.652975,0.652975,2.811334,2.701562
85,6635,34.562672,65.243292,7.537493,16.917625,1,-1,-1,-1,0.652975,0.652975,2.811334,2.701562
86,6704,35.713771,10.333213,9.124248,17.750526,1,-1,-1,-1,0.653761,0.653761,3.090584,2.712167
86,6702,50.852124,41.623837,8.745088,18.474551,1,-1,-1,-1,0.653319,0.653319,3.015123,2.701564
86,6687,50.311179,-14.987241,7.870047,17.969644,1,-1,-1,-1,0.653021,0.653021,2.914997,2.702590
86,6682,50.180180,16.991006,8.277310,20.882499,1,-1,-1,-1,0.652989,0.652989,2.893974,2.701562
86,6666,-10.060443,165.237847,25.484359,11.582790,1,-1,-1,-1,0.654879,0.654879,3.020157,2.850493
86,6644,38.631571,211.034033,7.539009,15.267357,1,-1,-1,-1,0.652975,0.652975,2.810383,2.701562
86,6640,36.671519,38.303129,8.492345,17.148338,1,-1,-1,-1,0.652975,0.652975,2.810383,2.701562
86,6639,51.148790,70.693300,8.343357,19.173044,1,-1,-1,-1,0.652975,0.652975,2.810383,2.701562
86,6638,124.133256,130.912458,15.280556,7.860525,1,-1,-1,-1,0.652975,0.652975,2.810383,2.701562
86,6637,38.648985,186.040005,7.801963,18.910433,1,-1,-1,-1,0.652975,0.652975,2.810383,2.701562
86,6636,-20.320068,115.232823,18.533040,7.898459,1,-1,-1,-1,0.652975,0.652975,2.810383,2.701562
86,6635,37.280736,65.250170,7.537943,16.920456,1,-1,-1,-1,0.652975,0.652975,2.810383,2.701562
87,6702,53.208297,41.826527,8.730393,18.623069,1,-1,-1,-1,0.653256,0.653256,3.002821,2.701563
87,6687,53.031566,-15.022512,7.803840,17.665767,1,-1,-1,-1,0.653012,0.653012,2.909078,2.702110
87,6682,52.649752,17.071913,8.241688,20.884404,1,-1,-1,-1,0.652987,0.652987,2.889668,2.701562
87,6666,-7.540540,165.199777,25.512178,11.528952,1,-1,-1,-1,0.653162,0.653162,2.938625,2.780040
87,6644,40.949112,210.624021,7.518912,15.125161,1,-1,-1,-1,0.652975,0.652975,2.809460,2.701562
87,6640,39.048606,38.234217,8.412606,17.040087,1,-1,-1,-1,0.652975,0.652975,2.809460,2.701562
87,6639,53.606751,70.567572,8.351260,19.013189,1,-1,-1,-1,0.652975,0.652975,2.809460,2.701562
87,6638,124.106794,130.941451,15.303086,7.869045,1,-1,-1,-1,0.652975,0.652975,2.809460,2.701562
87,6637,41.101128,186.031675,7.801355,18.907426,1,-1,-1,-1,0.652975,0.652975,2.809460,2.701562
87,6636,-17.868081,115.229421,18.529416,7.896130,1,-1,-1,-1,0.652975,0.652975,2.809460,2.701562
87,6635,39.736073,65.241918,7.535447,16.914143,1,-1,-1,-1,0.652975,0.652975,2.809460,2.701562
88,6702,55.050216,40.637800,8.504500,17.884015,1,-1,-1,-1,0.653205,0.653205,2.991489,2.701563
88,6687,55.280711,-14.664417,7.766010,17.697677,1,-1,-1,-1,0.653006,0.653006,2.903717,2.701854
88,6682,54.791075,16.845009,8.286835,20.719559,1,-1,-1,-1,0.652984,0.652984,2.885580,2.701562
88,6644,43.316179,211.382540,7.560668,15.303205,1,-1,-1,-1,0.652975,0.652975,2.808564,2.701562
88,6640,41.265738,38.431887,8.495103,17.211876,1,-1,-1,-1,0.652975,0.652975,2.808564,2.701562
88,6639,55.748939,70.608022,8.332069,18.958346,1,-1,-1,-1,0.652975,0.652975,2.808564,2.701562
88,6638,124.097464,130.951027,15.316744,7.875214,1,-1,-1,-1,0.652975,0.652975,2.808564,2.701562
88,6637,43.279147,186.037458,7.800935,18.907990,1,-1,-1,-1,0.652975,0.652975,2.808564,2.701562
88,6636,-15.694517,115.230415,18.529652,7.897209,1,-1,-1,-1,0.652975,0.652975,2.808564,2.701562
88,6635,41.910493,65.251739,7.536432,16.915177,1,-1,-1,-1,0.652975,0.652975,2.808564,2.701562
89,6702,57.158185,40.518330,8.266395,17.366037,1,-1,-1,-1,0.653163,0.653163,2.981020,2.701562
89,6687,57.194594,-14.991001,7.870319,17.500219,1,-1,-1,-1,0.653000,0.653000,2.898767,2.701718
89,6682,56.697848,17.040611,8.284513,20.745469,1,-1,-1,-1,0.652983,0.652983,2.881694,2.701562
89,6644,45.241490,210.776938,7.543452,15.149312,1,-1,-1,-1,0.652975,0.652975,2.807695,2.701562
89,6640,43.173846,38.549905,8.576567,17.452945,1,-1,-1,-1,0.652975,0.652975,2.807695,2.701562
89,6639,57.692362,70.264609,8.299393,18.649554,1,-1,-1,-1,0.652975,0.652975,2.807695,2.701562
89,6638,124.099838,130.953638,15.310163,7.879530,1,-1,-1,-1,0.652975,0.652975,2.807695,2.701562
89,6637,45.187667,186.031148,7.800607,18.905648,1,-1,-1,-1,0.652975,0.652975,2.807695,2.701562
89,6636,-13.781483,115.237141,18.529823,7.897995,1,-1,-1,-1,0.652975,0.652975,2.807695,2.701562
89,6635,43.823478,65.250223,7.537155,16.915939,1,-1,-1,-1,0.652975,0.652975,2.807695,2.701562
90,6723,-75.363604,114.700286,16.240758,8.112111,1,-1,-1,-1,0.847083,0.847083,7.132717,3.262201
90,6702,58.647244,40.541997,8.024477,16.921282,1,-1,-1,-1,0.653129,0.653129,2.971322,2.701562
90,6687,58.665152,-14.910738,7.808201,17.507852,1,-1,-1,-1,0.652996,0.652996,2.894144,2.701645
90,6682,58.319508,17.016506,8.293818,20.762217,1,-1,-1,-1,0.652981,0.652981,2.877997,2.701562
90,6644,46.679884,210.666538,7.602509,15.101330,1,-1,-1,-1,0.652975,0.652975,2.806851,2.701562
90,6640,44.830299,38.403430,8.615492,17.416706,1,-1,-1,-1,0.652975,0.652975,2.806851,2.701562
90,6639,59.222119,70.254499,8.320780,18.475952,1,-1,-1,-1,0.652975,0.652975,2.806851,2.701562
90,6638,124.107484,130.964079,15.313835,7.888264,1,-1,-1,-1,0.652975,0.652975,2.806851,2.701562
90,6637,46.848414,186.037588,7.800390,18.906696,1,-1,-1,-1,0.652975,0.652975,2.806851,2.701562
90,6636,-12.125810,115.233023,18.529946,7.898569,1,-1,-1,-1,0.652975,0.652975,2.806851,2.701562
90,6635,45.478846,65.238642,7.537617,16.908234,1,-1,-1,-1,0.652975,0.652975,2.806851,2.701562
91,6723,-72.622337,114.692242,15.760229,7.803366,1,-1,-1,-1,0.780933,0.780933,6.225018,2.988460
91,6702,60.218350,40.544969,7.830645,16.368102,1,-1,-1,-1,0.653101,0.653101,2.962316,2.701562
91,6682,59.778451,17.033822,8.257127,20.858247,1,-1,-1,-1,0.652980,0.652980,2.874476,2.701562
91,6666,-0.071319,165.230425,25.372054,11.384021,1,-1,-1,-1,0.654890,0.654890,3.000397,2.844174
91,6644,48.224478,211.146796,7.556578,15.185274,1,-1,-1,-1,0.652975,0.652975,2.806031,2.701562
91,6640,46.136134,38.111846,8.472838,16.848475,1,-1,-1,-1,0.652975,0.652975,2.806031,2.701562
91,6639,60.855550,70.844067,8.230422,18.577977,1,-1,-1,-1,0.652975,0.652975,2.806031,2.701562
91,6638,124.114419,130.959918,15.313733,7.894605,1,-1,-1,-1,0.652975,0.652975,2.806031,2.701562
91,6637,48.276530,186.039861,7.800233,18.907463,1,-1,-1,-1,0.652975,0.652975,2.806031,2.701562
91,6636,-10.693317,115.237878,18.530035,7.898987,1,-1,-1,-1,0.652975,0.652975,2.806031,2.701562
91,6635,46.912777,65.267667,7.540855,16.919270,1,-1,-1,-1,0.652975,0.652975,2.806031,2.701562
92,6723,-70.588860,114.786700,15.728889,7.729774,1,-1,-1,-1,0.739812,0.739812,5.560040,2.851250
92,6702,61.407490,40.581720,7.676465,16.109074,1,-1,-1,-1,0.653078,0.653078,2.953932,2.701562
92,6682,61.023861,17.034892,8.249642,20.930757,1,-1,-1,-1,0.652979,0.652979,2.871120,2.701562
92,6666,0.680383,165.296963,25.362807,11.433383,1,-1,-1,-1,0.653168,0.653168,2.923384,2.776745
92,6644,49.538167,211.427407,7.632482,15.349584,1,-1,-1,-1,0.652975,0.652975,2.805235,2.701562
92,6640,47.463236,38.392457,8.505648,17.026393,1,-1,-1,-1,0.652975,0.652975,2.805235,2.701562
92,6639,61.982006,71.173286,8.260659,18.655498,1,-1,-1,-1,0.652975,0.652975,2.805235,2.701562
92,6638,124.117992,130.955282,15.305274,7.896397,1,-1,-1,-1,0.652975,0.652975,2.805235,2.701562
92,6637,49.499476,186.042409,7.802894,18.910906,1,-1,-1,-1,0.652975,0.652975,2.805235,2.701562
92,6636,-9.470778,115.233108,18.530099,7.899292,1,-1,-1,-1,0.652975,0.652975,2.805235,2.701562
92,6635,48.133260,65.267601,7.540416,16.921700,1,-1,-1,-1,0.652975,0.652975,2.805235,2.701562
93,6723,-68.931464,114.724717,16.111069,7.828315,1,-1,-1,-1,0.714060,0.714060,5.062690,2.780435
93,6702,62.430679,41.379414,7.596865,16.163726,1,-1,-1,-1,0.653059,0.653059,2.946109,2.701562
93,6682,62.043159,16.836697,8.306223,20.766518,1,-1,-1,-1,0.652979,0.652979,2.867917,2.701562
93,6666,1.970848,165.345772,25.384552,11.477480,1,-1,-1,-1,0.652995,0.652995,2.882296,2.741391
93,6644,50.419456,210.774339,7.566377,15.193886,1,-1,-1,-1,0.652975,0.652975,2.804461,2.701562
93,6640,48.482526,38.494332,8.556017,17.131104,1,-1,-1,-1,0.652975,0.652975,2.804461,2.701562
93,6639,63.004548,72.024404,8.268208,18.843769,1,-1,-1,-1,0.652975,0.652975,2.804461,2.701562
93,6638,124.118931,130.953141,15.296337,7.897674,1,-1,-1,-1,0.652975,0.652975,2.804461,2.701562
93,6637,50.534789,186.040936,7.802061,18.910537,1,-1,-1,-1,0.652975,0.652975,2.804461,2.701562
93,6636,-8.439958,115.237762,18.530144,7.899514,1,-1,-1,-1,0.652975,0.652975,2.804461,2.701562
93,6635,49.165988,65.264420,7.534546,16.917749,1,-1,-1,-1,0.652975,0.652975,2.804461,2.701562
94,6723,-66.402229,115.377622,16.118898,8.067803,1,-1,-1,-1,0.697349,0.697349,4.683127,2.743335
94,6702,63.516045,41.926928,7.541912,16.067515,1,-1,-1,-1,0.653044,0.653044,2.938796,2.701562
94,6682,62.868282,16.819048,8.327660,20.653717,1,-1,-1,-1,0.652978,0.652978,2.864858,2.701562
94,6666,2.953477,165.390247,25.421655,11.501245,1,-1,-1,-1,0.652993,0.652993,2.859829,2.722716
94,6644,51.344040,210.721097,7.545497,15.124526,1,-1,-1,-1,0.652975,0.652975,2.803710,2.701562
94,6640,49.103449,38.222881,8.631771,16.661432,1,-1,-1,-1,0.652975,0.652975,2.803709,2.701562
94,6639,63.826910,72.819200,8.280134,18.887326,1,-1,-1,-1,0.652975,0.652975,2.803709,2.701562
94,6638,124.122784,130.943606,15.292462,7.895879,1,-1,-1,-1,0.652975,0.652975,2.803709,2.701562
94,6637,51.395945,186.040424,7.801454,18.910270,1,-1,-1,-1,0.652975,0.652975,2.803709,2.701562
94,6636,-7.574252,115.239481,18.530176,7.899676,1,-1,-1,-1,0.652975,0.652975,2.803709,2.701562
94,6635,50.033323,65.247920,7.530224,16.909372,1,-1,-1,-1,0.652975,0.652975,2.803709,2.701562
95,6728,62.797750,-16.165089,7.812363,17.268244,1,-1,-1,-1,0.847083,0.847083,7.132717,3.262201
95,6726,48.770182,10.481035,8.212882,18.228680,1,-1,-1,-1,0.808479,0.808479,6.225062,3.298778
95,6723,-64.302777,115.194561,16.090634,8.259316,1,-1,-1,-1,0.686065,0.686065,4.388218,2.723746
95,6702,64.350609,42.650604,7.526922,15.954868,1,-1,-1,-1,0.653031,0.653031,2.931945,2.701562
95,6682,63.656675,16.635461,8.273143,20.469003,1,-1,-1,-1,0.652977,0.652977,2.861934,2.701562
95,6666,3.279107,165.331941,25.483878,11.549396,1,-1,-1,-1,0.652998,0.652998,2.847150,2.712813
95,6644,52.150616,211.140753,7.528543,15.161724,1,-1,-1,-1,0.652975,0.652975,2.802979,2.701562
95,6640,49.861463,37.930484,8.380802,16.314102,1,-1,-1,-1,0.652975,0.652975,2.802979,2.701562
95,6639,64.522176,74.704460,8.315848,19.076567,1,-1,-1,-1,0.652975,0.652975,2.802979,2.701562
95,6638,124.125016,130.936481,15.289446,7.889056,1,-1,-1,-1,0.652975,0.652975,2.802979,2.701562
95,6637,52.118215,186.040263,7.801011,18.910077,1,-1,-1,-1,0.652975,0.652975,2.802979,2.701562
95,6636,-6.857973,115.231710,18.519073,7.896957,1,-1,-1,-1,0.652975,0.652975,2.802979,2.701562
95,6635,50.751790,65.254242,7.527118,16.908769,1,-1,-1,-1,0.652975,0.652975,2.802979,2.701562
96,6726,48.931380,8.034512,8.947739,16.218149,1,-1,-1,-1,0.761768,0.761768,5.587838,3.006395
96,6723,-64.616340,114.052752,16.904684,8.574062,1,-1,-1,-1,0.678159,0.678159,4.155461,2.713360
96,6702,64.740353,43.587932,7.518138,15.800047,1,-1,-1,-1,0.653021,0.653021,2.925515,2.701562
96,6682,64.263728,17.136396,8.241963,20.630375,1,-1,-1,-1,0.652977,0.652977,2.859137,2.701562
96,6666,3.579895,165.503428,25.588447,11.689453,1,-1,-1,-1,0.652998,0.652998,2.839660,2.707550
96,6644,52.850869,210.937032,7.529330,15.126739,1,-1,-1,-1,0.652975,0.652975,2.802268,2.701562
96,6640,50.581959,38.495883,8.536487,16.752774,1,-1,-1,-1,0.652975,0.652975,2.802268,2.701562
96,6639,65.038873,76.320398,8.286423,19.218117,1,-1,-1,-1,0.652975,0.652975,2.802268,2.701562
96,6638,124.126295,130.938738,15.287419,7.889582,1,-1,-1,-1,0.652975,0.652975,2.802268,2.701562
96,6637,52.706557,186.029978,7.797897,18.904315,1,-1,-1,-1,0.652975,0.652975,2.802268,2.701562
96,6636,-6.260766,115.231075,18.522098,7.897810,1,-1,-1,-1,0.652975,0.652975,2.802268,2.701562
96,6635,51.347317,65.265931,7.524879,16.911089,1,-1,-1,-1,0.652975,0.652975,2.802268,2.701562
97,6723,-61.844071,114.659093,16.123035,8.394846,1,-1,-1,-1,0.672446,0.672446,3.969193,2.707841
97,6702,65.533613,44.617756,7.468615,15.778435,1,-1,-1,-1,0.653013,0.653013,2.919470,2.701562
97,6682,64.830566,17.609593,8.218991,20.498545,1,-1,-1,-1,0.652977,0.652977,2.856459,2.701562
97,6666,4.508176,165.339124,25.355774,11.612931,1,-1,-1,-1,0.652995,0.652995,2.834944,2.704750
97,6644,53.306939,210.854409,7.510868,15.111795,1,-1,-1,-1,0.652975,0.652975,2.801578,2.701562
97,6640,51.067935,37.916482,8.279053,16.381452,1,-1,-1,-1,0.652975,0.652975,2.801577,2.701562
97,6639,65.608156,78.416104,8.303066,19.317416,1,-1,-1,-1,0.652975,0.652975,2.801577,2.701562
97,6638,124.119785,130.937583,15.294093,7.887284,1,-1,-1,-1,0.652975,0.652975,2.801577,2.701562
97,6637,53.201507,186.037337,7.798418,18.905736,1,-1,-1,-1,0.652975,0.652975,2.801577,2.701562
97,6636,-5.776645,115.237211,18.527055,7.898454,1,-1,-1,-1,0.652975,0.652975,2.801577,2.701562
97,6635,51.845551,65.252008,7.517680,16.904326,1,-1,-1,-1,0.652975,0.652975,2.801577,2.701562
98,6723,-61.067030,114.995669,15.909416,8.396764,1,-1,-1,-1,0.668212,0.668212,3.818265,2.704905
98,6702,65.818562,46.063794,7.516051,15.836884,1,-1,-1,-1,0.653006,0.653006,2.913778,2.701562
98,6682,65.261577,18.380633,8.196155,20.275540,1,-1,-1,-1,0.652976,0.652976,2.853894,2.701562
98,6666,5.092311,165.405499,25.314884,11.612701,1,-1,-1,-1,0.652992,0.652992,2.831724,2.703260
98,6644,53.582372,210.850150,7.508173,15.060153,1,-1,-1,-1,0.652975,0.652975,2.800906,2.701562
98,6640,51.523576,38.390712,8.384487,16.643176,1,-1,-1,-1,0.652975,0.652975,2.800906,2.701562
98,6639,65.993780,80.830426,8.317613,19.373631,1,-1,-1,-1,0.652975,0.652975,2.800906,2.701562
98,6638,124.117937,130.947844,15.301902,7.891137,1,-1,-1,-1,0.652975,0.652975,2.800906,2.701562
98,6637,53.598519,186.041791,7.798819,18.909525,1,-1,-1,-1,0.652975,0.652975,2.800906,2.701562
98,6636,-5.379951,115.232909,18.527920,7.898901,1,-1,-1,-1,0.652975,0.652975,2.800906,2.701562
98,6635,52.243050,65.260779,7.509747,16.907521,1,-1,-1,-1,0.652975,0.652975,2.800906,2.701562
99,6723,-60.675115,115.077292,16.176962,8.403167,1,-1,-1,-1,0.665009,0.665009,3.694582,2.703342
99,6702,66.248590,47.216343,7.514921,15.758089,1,-1,-1,-1,0.653000,0.653000,2.908409,2.701562
99,6666,4.993605,165.501877,25.460811,11.711444,1,-1,-1,-1,0.652989,0.652989,2.829320,2.702466
99,6644,53.843949,210.756242,7.536877,15.057293,1,-1,-1,-1,0.652975,0.652975,2.800252,2.701562
99,6640,51.775625,38.583462,8.499817,16.883027,1,-1,-1,-1,0.652975,0.652975,2.800252,2.701562
99,6639,66.258049,84.007840,8.353152,19.437993,1,-1,-1,-1,0.652975,0.652975,2.800252,2.701562
99,6638,124.114079,130.947295,15.304646,7.888411,1,-1,-1,-1,0.652975,0.652975,2.800252,2.701562
99,6637,53.917802,186.042813,7.799112,18.912292,1,-1,-1,-1,0.652975,0.652975,2.800252,2.701562
99,6636,-5.060930,115.231192,18.528550,7.899227,1,-1,-1,-1,0.652975,0.652975,2.800252,2.701562
99,6635,52.554406,65.320210,7.509689,16.934801,1,-1,-1,-1,0.652975,0.652975,2.800252,2.701562
100,6726,50.818980,11.120378,8.859809,17.947229,1,-1,-1,-1,0.685379,0.685379,4.466841,2.869691
100,6723,-59.716075,115.077893,16.001011,8.314134,1,-1,-1,-1,0.662548,0.662548,3.592165,2.702510
100,6702,66.520016,49.765832,7.436306,15.712521,1,-1,-1,-1,0.652996,0.652996,2.903338,2.701562
100,6666,5.583123,165.368647,25.510378,11.682738,1,-1,-1,-1,0.652987,0.652987,2.827373,2.702044
100,6644,54.257076,210.707183,7.502794,15.039421,1,-1,-1,-1,0.652975,0.652975,2.799616,2.701562
100,6640,52.063682,38.627633,8.649893,17.103555,1,-1,-1,-1,0.652975,0.652975,2.799616,2.701562
100,6639,66.543286,87.231861,8.298635,19.404724,1,-1,-1,-1,0.652975,0.652975,2.799616,2.701562
100,6638,124.107582,130.937225,15.309219,7.880928,1,-1,-1,-1,0.652975,0.652975,2.799616,2.701562
100,6637,54.166812,186.042699,7.799327,18.914311,1,-1,-1,-1,0.652975,0.652975,2.799616,2.701562
100,6636,-4.812133,115.237016,18.529009,7.899465,1,-1,-1,-1,0.652975,0.652975,2.799616,2.701562
100,6635,52.806849,65.346812,7.509662,16.957484,1,-1,-1,-1,0.652975,0.652975,2.799616,2.701562
