1,4022,-153.670000,195.640000,7.740000,20.200000,1,-1,-1,-1,10.000000,10.000000,10.000000,10.000000
1,4021,-295.050000,116.650000,18.950000,8.300000,1,-1,-1,-1,10.000000,10.000000,10.000000,10.000000
1,4020,-179.520000,215.450000,8.700000,18.270000,1,-1,-1,-1,10.000000,10.000000,10.000000,10.000000
1,4019,87.140000,131.130000,19.280000,8.300000,1,-1,-1,-1,10.000000,10.000000,10.000000,10.000000
1,4018,-181.850000,10.660000,8.300000,18.070000,1,-1,-1,-1,10.000000,10.000000,10.000000,10.000000
1,4017,-166.950000,41.020000,7.720000,16.010000,1,-1,-1,-1,10.000000,10.000000,10.000000,10.000000
1,4016,-181.550000,38.400000,7.930000,17.500000,1,-1,-1,-1,10.000000,10.000000,10.000000,10.000000
1,4015,-167.120000,70.410000,8.380000,18.950000,1,-1,-1,-1,10.000000,10.000000,10.000000,10.000000
1,4014,124.160000,130.930000,15.210000,7.850000,1,-1,-1,-1,10.000000,10.000000,10.000000,10.000000
1,4013,-179.260000,186.150000,7.810000,18.920000,1,-1,-1,-1,10.000000,10.000000,10.000000,10.000000
1,4012,-265.690000,115.140000,18.560000,7.880000,1,-1,-1,-1,10.000000,10.000000,10.000000,10.000000
1,4011,-236.810000,115.140000,16.890000,7.430000,1,-1,-1,-1,10.000000,10.000000,10.000000,10.000000
2,4023,230.680000,66.140000,21.080000,15.260000,1,-1,-1,-1,10.000000,10.000000,10.000000,10.000000
2,4022,-153.819965,195.690046,7.939934,20.679899,1,-1,-1,-1,0.496343,0.155467,2.762107,0.018469
2,4020,-179.759237,214.608320,8.638499,18.093403,1,-1,-1,-1,0.453625,0.231928,8.460636,1.337007
2,4019,87.219582,131.170172,19.140836,8.269655,1,-1,-1,-1,0.264354,0.043226,1.779072,0.255764
2,4018,-181.709726,10.229446,8.319433,18.101140,1,-1,-1,-1,0.630967,0.378574,12.743178,1.929336
2,4017,-167.089664,41.169335,7.819330,16.151327,1,-1,-1,-1,0.093439,0.074176,1.625975,0.444322
2,4016,-181.778051,38.465055,8.216107,17.289892,1,-1,-1,-1,0.286371,0.197636,6.083997,1.223931
2,4015,-167.119947,70.509875,8.359895,18.880250,1,-1,-1,-1,0.047814,0.038338,1.068401,0.216566
2,4014,124.150001,130.940000,15.229997,7.860001,1,-1,-1,-1,0.008648,0.004985,0.297078,0.080674
2,4013,-179.260000,186.150000,7.810000,18.920000,1,-1,-1,-1,0.003311,0.003054,0.183829,0.023468
2,4012,-265.690000,115.140000,18.560000,7.880000,1,-1,-1,-1,0.003026,0.003693,0.213578,0.033943
2,4011,-236.810014,115.140006,16.880028,7.429988,1,-1,-1,-1,0.003925,0.004206,0.321820,0.060477
3,4020,-179.654091,215.369495,8.798159,18.641822,1,-1,-1,-1,0.297536,0.159813,5.279236,0.750350
3,4019,86.938729,131.223407,19.300511,8.312787,1,-1,-1,-1,0.241921,0.048543,1.719310,0.220281
3,4018,-181.839580,10.569800,8.651119,18.657861,1,-1,-1,-1,0.123811,0.081483,2.697798,0.435623
3,4017,-167.159632,41.291917,7.809025,15.590675,1,-1,-1,-1,0.099410,0.073002,1.454035,0.345339
3,4016,-181.579660,38.395085,8.071407,17.013643,1,-1,-1,-1,0.241951,0.143334,3.905660,0.685082
3,4015,-167.206105,70.548483,8.203630,18.654076,1,-1,-1,-1,0.055853,0.045273,1.132115,0.211951
3,4014,124.159323,130.940018,15.211353,7.859977,1,-1,-1,-1,0.008556,0.004983,0.290536,0.075586
3,4013,-179.259991,186.139904,7.809982,18.910201,1,-1,-1,-1,0.004166,0.003512,0.199973,0.025102
3,4012,-265.690000,115.140000,18.560000,7.880000,1,-1,-1,-1,0.003149,0.003804,0.216379,0.033283
3,4011,-236.809768,115.139834,16.879533,7.420335,1,-1,-1,-1,0.003884,0.004162,0.308135,0.057514
4,4020,-179.628282,215.197117,9.060000,18.803177,1,-1,-1,-1,0.280487,0.148232,4.726481,0.706735
4,4019,86.951745,131.225953,19.336707,8.399055,1,-1,-1,-1,0.197935,0.040738,1.386326,0.198410
4,4018,-181.946542,10.586057,8.571916,18.307700,1,-1,-1,-1,0.121678,0.073403,2.356826,0.426395
4,4017,-167.305861,41.410957,7.875240,16.265746,1,-1,-1,-1,0.107808,0.079086,1.606398,0.389806
4,4016,-181.721308,38.622446,8.227477,17.434635,1,-1,-1,-1,0.128139,0.080215,2.520210,0.462596
4,4015,-167.086631,70.553396,8.200288,18.670261,1,-1,-1,-1,0.051081,0.040733,0.974431,0.204909
4,4014,124.150529,130.929801,15.218984,7.850480,1,-1,-1,-1,0.008440,0.004874,0.268867,0.074861
4,4013,-179.259901,186.150303,7.809802,18.919302,1,-1,-1,-1,0.003440,0.003111,0.173949,0.022991
4,4012,-265.690000,115.140000,18.560000,7.880000,1,-1,-1,-1,0.003145,0.003760,0.204192,0.033606
4,4011,-236.790259,115.140108,16.860478,7.419765,1,-1,-1,-1,0.003726,0.004073,0.284572,0.056963
5,4020,-179.655265,214.375974,8.462768,18.287983,1,-1,-1,-1,0.198918,0.098703,2.926328,0.534786
5,4019,86.883354,131.197331,19.451536,8.399603,1,-1,-1,-1,0.176634,0.038173,1.170426,0.184961
5,4018,-181.926128,10.796270,8.440493,18.320949,1,-1,-1,-1,0.144972,0.073887,2.179579,0.437617
5,4017,-167.217287,41.301915,7.851305,16.321894,1,-1,-1,-1,0.111227,0.084348,1.509932,0.401970
5,4016,-181.683675,38.314543,8.427271,17.327164,1,-1,-1,-1,0.140786,0.092806,2.391194,0.488494
5,4015,-167.104208,70.444053,8.256214,18.744590,1,-1,-1,-1,0.057457,0.044610,0.937860,0.211594
5,4014,124.150858,130.940179,15.228190,7.849520,1,-1,-1,-1,0.009688,0.005544,0.274881,0.079146
5,4013,-179.259989,186.150030,7.809977,18.919940,1,-1,-1,-1,0.003687,0.003236,0.173838,0.023674
5,4012,-265.699979,115.140000,18.560000,7.880000,1,-1,-1,-1,0.003206,0.003834,0.198021,0.033933
5,4011,-236.789785,115.140210,16.849621,7.419567,1,-1,-1,-1,0.003915,0.004152,0.277952,0.058049
6,4020,-179.789888,213.480166,8.214107,17.439422,1,-1,-1,-1,0.237467,0.136123,2.782392,0.661270
6,4019,87.272943,131.107202,19.133463,8.339423,1,-1,-1,-1,0.296711,0.062259,1.429387,0.266013
6,4018,-181.876950,10.770969,8.428983,18.518020,1,-1,-1,-1,0.119346,0.073423,1.872248,0.408793
6,4017,-167.279079,41.172286,7.861029,15.870906,1,-1,-1,-1,0.104315,0.074115,1.240463,0.364004
6,4016,-181.597652,38.339875,8.135414,16.713518,1,-1,-1,-1,0.125980,0.070057,1.615506,0.424844
6,4015,-167.348139,69.755321,8.378050,16.746420,1,-1,-1,-1,0.085325,0.064707,1.019733,0.335000
6,4014,124.159576,130.940443,15.210848,7.859070,1,-1,-1,-1,0.008177,0.004869,0.251429,0.074185
6,4013,-179.260002,186.149995,7.810004,18.920010,1,-1,-1,-1,0.003542,0.003140,0.168388,0.023216
6,4012,-265.700008,115.140000,18.560000,7.880000,1,-1,-1,-1,0.003238,0.003871,0.196519,0.034263
6,4011,-236.798307,115.140506,16.866622,7.418978,1,-1,-1,-1,0.003913,0.004151,0.271786,0.057506
7,4020,-179.529960,213.481734,8.094279,17.082074,1,-1,-1,-1,0.421777,0.240020,3.386123,0.844108
7,4019,87.311888,131.081857,19.055437,8.251527,1,-1,-1,-1,0.286603,0.056494,1.341797,0.251273
7,4018,-181.848850,10.448134,8.403124,18.483451,1,-1,-1,-1,0.077729,0.054941,1.303431,0.275852
7,4017,-167.201214,41.183511,7.854705,15.792676,1,-1,-1,-1,0.100912,0.070402,1.133768,0.358742
7,4016,-181.587447,38.549821,8.156831,16.810679,1,-1,-1,-1,0.185488,0.105342,1.954702,0.500318
7,4015,-167.110817,70.789797,8.234734,18.384068,1,-1,-1,-1,0.051911,0.041901,0.841247,0.211691
7,4014,124.150298,130.929725,15.219469,7.850668,1,-1,-1,-1,0.008093,0.004868,0.247601,0.073474
7,4013,-179.260003,186.149992,7.810007,18.920016,1,-1,-1,-1,0.003686,0.003235,0.169902,0.024141
7,4012,-265.700006,115.140000,18.560000,7.880000,1,-1,-1,-1,0.003142,0.003756,0.192915,0.033607
7,4011,-236.798812,115.140763,16.867631,7.428433,1,-1,-1,-1,0.003952,0.004234,0.268012,0.058051
8,4020,-179.383343,215.209418,8.371686,17.641081,1,-1,-1,-1,0.245906,0.072211,1.890301,0.325022
8,4019,87.273604,131.129476,18.987036,8.254784,1,-1,-1,-1,0.261051,0.055315,1.291097,0.250687
8,4018,-181.833258,10.791055,8.539468,18.620906,1,-1,-1,-1,0.159385,0.093009,1.669137,0.433705
8,4017,-167.112489,41.258936,7.812954,15.819084,1,-1,-1,-1,0.089958,0.068922,0.990404,0.340215
8,4016,-181.474021,38.640118,8.210775,17.147609,1,-1,-1,-1,0.257035,0.191828,2.621359,0.688168
8,4015,-167.066155,70.373300,8.238415,18.728925,1,-1,-1,-1,0.044797,0.036155,0.729546,0.177563
8,4014,124.141852,130.930876,15.236283,7.858179,1,-1,-1,-1,0.008172,0.005430,0.264687,0.082121
8,4013,-179.260003,186.149993,7.810006,18.920014,1,-1,-1,-1,0.003541,0.003170,0.167504,0.023907
8,4012,-265.700005,115.140000,18.560000,7.880000,1,-1,-1,-1,0.003237,0.003832,0.193293,0.033933
8,4011,-236.809093,115.140284,16.878223,7.429432,1,-1,-1,-1,0.003912,0.004191,0.265546,0.058604
9,4020,-179.361087,215.910327,8.488178,17.983325,1,-1,-1,-1,0.398581,0.098247,1.772507,0.345671
9,4019,87.154011,131.246559,19.223113,8.333136,1,-1,-1,-1,0.220280,0.050685,1.200987,0.229341
9,4018,-181.796795,10.502484,8.500507,18.684654,1,-1,-1,-1,0.131652,0.068276,1.513090,0.371587
9,4017,-166.955605,41.210494,7.660359,15.698822,1,-1,-1,-1,0.080951,0.060249,0.831197,0.300139
9,4016,-181.651795,38.597193,8.135941,17.413338,1,-1,-1,-1,0.188311,0.127150,2.384945,0.604534
9,4015,-167.137503,70.599397,8.308089,18.918289,1,-1,-1,-1,0.048326,0.039799,0.737833,0.197246
9,4014,124.149122,130.929407,15.231668,7.851217,1,-1,-1,-1,0.009113,0.005270,0.257282,0.078454
9,4013,-179.260003,186.149994,7.810005,18.920012,1,-1,-1,-1,0.003612,0.003202,0.166804,0.023216
9,4012,-265.690031,115.140000,18.560000,7.880000,1,-1,-1,-1,0.003173,0.003793,0.190774,0.033607
9,4011,-236.800457,115.139922,16.870878,7.430157,1,-1,-1,-1,0.004031,0.004233,0.268218,0.058054
10,4020,-179.369979,215.435808,8.538311,18.051561,1,-1,-1,-1,0.258224,0.072890,1.544461,0.298084
10,4019,87.146521,131.206439,19.229174,8.351476,1,-1,-1,-1,0.235669,0.053122,1.195584,0.239990
10,4018,-182.027531,10.572783,8.947474,18.532125,1,-1,-1,-1,0.127528,0.082982,1.661988,0.389186
10,4017,-166.980671,41.057614,7.740804,15.574033,1,-1,-1,-1,0.077831,0.060169,0.812210,0.293511
10,4016,-181.520960,38.191632,7.987449,16.979668,1,-1,-1,-1,0.175248,0.106075,1.901049,0.549323
10,4015,-167.096386,70.450182,8.251160,18.855768,1,-1,-1,-1,0.056298,0.045100,0.804389,0.223817
10,4014,124.200884,130.894951,15.148094,7.790609,1,-1,-1,-1,0.008169,0.004770,0.239358,0.074875
10,4013,-179.260002,186.149995,7.810004,18.920011,1,-1,-1,-1,0.003612,0.003202,0.166304,0.023906
10,4012,-265.689999,115.140000,18.560000,7.880000,1,-1,-1,-1,0.003237,0.003870,0.193386,0.034263
10,4011,-236.809416,115.140131,16.878873,7.429739,1,-1,-1,-1,0.004194,0.004361,0.271503,0.059721
11,4020,-179.559650,214.618913,8.494071,17.987029,1,-1,-1,-1,0.281243,0.155123,2.152827,0.632539
11,4019,86.884695,131.314582,19.328979,8.407223,1,-1,-1,-1,0.275628,0.063030,1.259097,0.252234
11,4018,-181.762902,10.911471,8.732964,18.840119,1,-1,-1,-1,0.127290,0.062541,1.395801,0.339520
11,4017,-167.096208,41.554045,7.802886,16.279673,1,-1,-1,-1,0.121040,0.096100,1.218647,0.462102
11,4016,-181.460190,38.547646,8.130094,17.423824,1,-1,-1,-1,0.108412,0.068195,1.480615,0.393410
11,4015,-167.167301,70.474520,8.270001,18.743281,1,-1,-1,-1,0.053149,0.042966,0.788743,0.217483
11,4014,124.159818,130.945583,15.210541,7.848019,1,-1,-1,-1,0.009021,0.005217,0.252180,0.076263
11,4013,-179.260111,186.149626,7.810222,18.910778,1,-1,-1,-1,0.003951,0.003399,0.173322,0.024617
11,4012,-265.699555,115.140113,18.569139,7.879774,1,-1,-1,-1,0.003173,0.003793,0.191292,0.033934
11,4011,-236.827404,115.150981,16.904842,7.437925,1,-1,-1,-1,0.004194,0.004405,0.268453,0.059726
12,4020,-179.589372,212.892726,8.377060,17.483045,1,-1,-1,-1,0.411196,0.397783,2.725089,0.985167
12,4019,87.250391,131.187830,19.232288,8.407353,1,-1,-1,-1,0.217215,0.049654,1.157007,0.236983
12,4018,-181.881189,10.190821,8.589647,18.599067,1,-1,-1,-1,0.130632,0.085158,1.539775,0.429080
12,4017,-167.212826,41.260024,7.671417,15.984495,1,-1,-1,-1,0.086365,0.064352,0.879682,0.315636
12,4016,-181.728143,38.923857,8.210693,17.494266,1,-1,-1,-1,0.199977,0.113302,1.774714,0.538659
12,4015,-167.171996,70.598620,8.225380,18.860190,1,-1,-1,-1,0.046893,0.038994,0.717657,0.195038
12,4014,124.150885,130.930402,15.218306,7.849332,1,-1,-1,-1,0.008584,0.005013,0.247874,0.076270
12,4013,-179.259899,186.150341,7.809798,18.919286,1,-1,-1,-1,0.003612,0.003202,0.167211,0.023675
12,4012,-265.700402,115.139891,18.560828,7.880218,1,-1,-1,-1,0.003173,0.003831,0.189211,0.033607
12,4011,-236.812415,115.138727,16.894756,7.422707,1,-1,-1,-1,0.003911,0.004190,0.258941,0.057511
13,4020,-179.581284,214.482519,8.487750,17.559875,1,-1,-1,-1,0.393940,0.227515,3.128531,0.950088
13,4019,87.243542,131.195631,19.135808,8.379841,1,-1,-1,-1,0.197656,0.045502,1.105306,0.230747
13,4018,-181.772273,11.050534,8.740333,18.678505,1,-1,-1,-1,0.190462,0.094409,1.648034,0.425816
13,4017,-166.967801,41.261422,7.713386,16.176399,1,-1,-1,-1,0.084526,0.066695,0.931975,0.332454
13,4016,-181.631826,39.174179,8.401557,18.087828,1,-1,-1,-1,0.190561,0.126751,1.811374,0.517087
13,4015,-167.082583,70.523179,8.208760,18.936989,1,-1,-1,-1,0.039784,0.034365,0.645309,0.177201
13,4014,124.150807,130.930250,15.228307,7.849493,1,-1,-1,-1,0.008168,0.004817,0.243127,0.073484
13,4013,-179.259984,186.150041,7.809968,18.919918,1,-1,-1,-1,0.003873,0.003299,0.169773,0.024378
13,4012,-265.700059,115.139978,18.560113,7.880043,1,-1,-1,-1,0.003302,0.003908,0.193757,0.034263
13,4011,-236.819129,115.150455,16.898298,7.428972,1,-1,-1,-1,0.004152,0.004317,0.264363,0.059158
14,4020,-179.635155,215.776669,8.730363,18.102453,1,-1,-1,-1,0.294962,0.153213,2.767737,0.691961
14,4019,87.211688,131.169443,19.136037,8.336813,1,-1,-1,-1,0.276756,0.059446,1.164422,0.253858
14,4018,-181.966616,10.480552,8.779294,18.572767,1,-1,-1,-1,0.116563,0.076930,1.532145,0.402035
14,4017,-167.041289,41.146100,7.769985,15.732754,1,-1,-1,-1,0.076941,0.057288,0.800811,0.279358
14,4016,-181.797447,37.812385,8.526472,16.935133,1,-1,-1,-1,0.198487,0.146344,1.726120,0.573915
14,4015,-167.127905,70.469631,8.267347,18.888026,1,-1,-1,-1,0.056715,0.045464,0.750338,0.210723
14,4014,124.150192,130.940036,15.229616,7.849829,1,-1,-1,-1,0.008842,0.005165,0.250623,0.077685
14,4013,-179.259999,186.150003,7.809998,18.919995,1,-1,-1,-1,0.003834,0.003299,0.169612,0.024378
14,4012,-265.690039,115.139996,18.560017,7.880007,1,-1,-1,-1,0.003141,0.003793,0.188691,0.033607
14,4011,-236.810542,115.149908,16.891044,7.430193,1,-1,-1,-1,0.004321,0.004448,0.268398,0.060290
15,4020,-179.616587,214.604777,8.550567,18.153153,1,-1,-1,-1,0.285633,0.156049,2.631265,0.709351
15,4019,87.026990,131.181633,19.329558,8.335683,1,-1,-1,-1,0.229797,0.052543,1.106419,0.229447
15,4017,-167.074018,41.168230,7.811103,15.718165,1,-1,-1,-1,0.104369,0.076005,0.909043,0.347521
15,4016,-182.159332,38.101463,8.848487,16.777737,1,-1,-1,-1,0.328269,0.289032,2.328018,0.860114
15,4015,-167.092536,70.367347,8.320269,18.911089,1,-1,-1,-1,0.042978,0.035721,0.666382,0.170099
15,4014,124.159423,130.929946,15.221080,7.850200,1,-1,-1,-1,0.008498,0.005013,0.244435,0.074872
15,4013,-179.260001,186.149998,7.810002,18.920005,1,-1,-1,-1,0.003470,0.003107,0.165066,0.023216
15,4012,-265.690000,115.139999,18.560003,7.880001,1,-1,-1,-1,0.003141,0.003831,0.188345,0.033933
15,4011,-236.780830,115.139844,16.881489,7.430395,1,-1,-1,-1,0.003950,0.004232,0.261685,0.059167
16,4020,-179.231532,214.746717,8.530753,18.291263,1,-1,-1,-1,0.220372,0.120347,2.245333,0.599421
16,4019,86.918652,131.152881,19.271900,8.316900,1,-1,-1,-1,0.184312,0.038604,0.982378,0.200322
16,4017,-167.208762,41.487445,7.852233,16.045303,1,-1,-1,-1,0.074155,0.057291,0.811093,0.284477
16,4016,-183.090123,39.601323,9.059078,17.036925,1,-1,-1,-1,0.412483,0.275840,2.886766,1.153200
16,4015,-166.943996,70.471193,8.284661,18.946316,1,-1,-1,-1,0.058900,0.048610,0.770939,0.221052
16,4014,124.160513,130.940553,15.218982,7.858759,1,-1,-1,-1,0.008086,0.004865,0.239910,0.074165
16,4013,-179.260001,186.149997,7.810002,18.920006,1,-1,-1,-1,0.003721,0.003234,0.167721,0.023906
16,4012,-265.660084,115.140000,18.560000,7.880000,1,-1,-1,-1,0.003172,0.003793,0.188147,0.033607
16,4011,-236.413306,115.139072,16.864180,7.421890,1,-1,-1,-1,0.003834,0.004107,0.256839,0.057510
17,4020,-179.259838,214.581326,8.375239,18.449846,1,-1,-1,-1,0.151661,0.076992,1.662934,0.446178
17,4019,86.370308,131.128427,19.275203,8.256458,1,-1,-1,-1,0.153819,0.036054,0.894048,0.188158
17,4017,-167.123961,41.071707,7.714431,15.810003,1,-1,-1,-1,0.076118,0.062931,0.772490,0.283764
17,4016,-182.526952,38.179774,8.403245,16.687528,1,-1,-1,-1,0.210301,0.191586,2.080806,0.749759
17,4015,-167.119399,70.373298,8.258289,18.874180,1,-1,-1,-1,0.053584,0.043754,0.751252,0.205168
17,4014,124.150229,130.940106,15.219704,7.859797,1,-1,-1,-1,0.008668,0.005114,0.245449,0.075554
17,4013,-179.240068,186.149997,7.810002,18.920006,1,-1,-1,-1,0.003721,0.003233,0.169104,0.023907
17,4012,-265.490252,115.150279,18.549553,7.889337,1,-1,-1,-1,0.003301,0.003908,0.191213,0.034263
17,4011,-235.660261,115.150868,16.885371,7.428145,1,-1,-1,-1,0.003990,0.004274,0.260535,0.059158
18,4020,-179.244834,213.866522,8.445856,18.143922,1,-1,-1,-1,0.269209,0.206327,2.139198,0.701801
18,4019,85.527817,131.246275,19.175237,8.415275,1,-1,-1,-1,0.142780,0.033357,0.899821,0.194269
18,4018,-182.182754,10.569081,8.901369,18.451359,1,-1,-1,-1,0.134949,0.067915,1.528521,0.523613
18,4017,-166.883243,41.053716,7.746741,15.331782,1,-1,-1,-1,0.122757,0.093227,0.921516,0.406348
18,4016,-182.380929,38.151047,8.232635,15.689038,1,-1,-1,-1,0.139751,0.109086,1.352303,0.561569
18,4015,-166.967493,70.523376,8.252743,19.123486,1,-1,-1,-1,0.045514,0.039339,0.665493,0.178940
18,4014,124.158860,130.929338,15.212201,7.851460,1,-1,-1,-1,0.008006,0.004769,0.237490,0.072799
18,4013,-179.190154,186.149997,7.810002,18.920005,1,-1,-1,-1,0.003576,0.003170,0.164674,0.023216
18,4012,-265.081380,115.149709,18.560384,7.880628,1,-1,-1,-1,0.003368,0.003947,0.194420,0.034933
18,4011,-234.364226,115.203319,16.647917,7.532421,1,-1,-1,-1,0.005542,0.005063,0.309945,0.072048
19,4020,-178.588287,214.189901,8.450843,18.060482,1,-1,-1,-1,0.193146,0.147271,2.051964,0.583063
19,4019,83.470463,131.147993,20.150646,8.168460,1,-1,-1,-1,0.368680,0.057149,1.022897,0.143934
19,4018,-182.222354,10.716768,9.006014,18.576516,1,-1,-1,-1,0.155632,0.083443,1.637674,0.543003
19,4017,-167.058858,41.280165,7.641914,15.682221,1,-1,-1,-1,0.081501,0.061266,0.821505,0.320318
19,4016,-181.094390,38.558156,7.859718,16.210489,1,-1,-1,-1,0.072883,0.055740,1.001901,0.340873
19,4015,-166.982314,70.737092,8.217670,19.200795,1,-1,-1,-1,0.038618,0.036401,0.635420,0.170914
19,4014,124.159308,130.929781,15.201448,7.850432,1,-1,-1,-1,0.007249,0.004448,0.227423,0.070118
19,4013,-179.060498,186.149628,7.810224,18.910772,1,-1,-1,-1,0.003505,0.003107,0.163067,0.023444
19,4012,-264.372146,115.149967,18.560132,7.880072,1,-1,-1,-1,0.003576,0.004107,0.196023,0.035615
19,4011,-232.888815,115.157532,16.879070,7.425529,1,-1,-1,-1,0.003505,0.002986,0.227780,0.051352
20,4020,-178.664063,214.184189,8.284757,18.096808,1,-1,-1,-1,0.068387,0.046513,1.144003,0.298516
20,4019,81.640498,131.112717,20.500024,8.102229,1,-1,-1,-1,0.420984,0.073840,1.096775,0.110618
20,4018,-181.709916,10.300860,8.880517,18.785244,1,-1,-1,-1,0.147916,0.108109,1.637032,0.524479
20,4017,-167.069936,41.119915,7.678031,15.943435,1,-1,-1,-1,0.085149,0.071137,0.923855,0.345350
20,4016,-180.345472,38.752974,7.860241,16.899488,1,-1,-1,-1,0.104221,0.053518,1.092565,0.351906
20,4015,-166.649169,70.775064,8.285870,19.325725,1,-1,-1,-1,0.050057,0.040872,0.642326,0.156670
20,4014,124.226928,130.872400,15.105869,7.766127,1,-1,-1,-1,0.007543,0.005216,0.238415,0.080598
20,4013,-178.850527,186.150346,7.809795,18.919277,1,-1,-1,-1,0.003684,0.003201,0.165805,0.023674
20,4012,-263.283755,115.149749,18.541863,7.880508,1,-1,-1,-1,0.003301,0.003869,0.192648,0.034598
20,4011,-230.893141,115.045512,16.874608,7.360081,1,-1,-1,-1,0.003990,0.004232,0.258577,0.058583
21,4020,-178.871953,214.430491,8.454115,17.882255,1,-1,-1,-1,0.209433,0.131256,1.585736,0.542714
21,4019,80.580624,130.896534,19.852903,8.019050,1,-1,-1,-1,0.143259,0.029419,0.743105,0.109308
21,4018,-181.190813,10.220870,8.656260,18.752637,1,-1,-1,-1,0.145173,0.089285,1.465677,0.455959
21,4017,-166.715845,41.256863,8.017922,16.511648,1,-1,-1,-1,0.089209,0.071847,1.076372,0.378826
21,4016,-179.380829,38.912216,7.908367,17.176346,1,-1,-1,-1,0.131022,0.096612,1.363271,0.513106
21,4015,-166.380232,70.837744,8.554266,19.409917,1,-1,-1,-1,0.056159,0.046326,0.692258,0.187051
21,4014,124.171667,130.936507,15.186895,7.836046,1,-1,-1,-1,0.007848,0.004769,0.234770,0.072145
21,4013,-178.530748,186.150416,7.809741,18.929141,1,-1,-1,-1,0.003470,0.003107,0.164350,0.023216
21,4012,-261.823961,115.159622,18.550621,7.870725,1,-1,-1,-1,0.003269,0.003869,0.189214,0.034264
21,4011,-228.537244,115.078835,16.949994,7.591026,1,-1,-1,-1,0.004321,0.004448,0.266042,0.059161
22,4020,-178.346719,215.177222,8.727941,18.003900,1,-1,-1,-1,0.186782,0.148678,1.798549,0.545410
22,4019,78.027053,131.024007,20.184102,7.976321,1,-1,-1,-1,0.077114,0.021700,0.533965,0.051434
22,4018,-180.727275,10.330431,8.558920,18.721096,1,-1,-1,-1,0.155735,0.095118,1.444625,0.504101
22,4017,-166.161303,41.318267,8.342120,16.391626,1,-1,-1,-1,0.158788,0.127006,1.257536,0.491356
22,4016,-178.957135,38.444764,8.154011,16.735382,1,-1,-1,-1,0.089491,0.066721,1.103031,0.385262
22,4015,-166.160399,71.065993,8.824030,19.366438,1,-1,-1,-1,0.054590,0.042903,0.652700,0.168176
22,4014,124.152910,130.931383,15.214242,7.847233,1,-1,-1,-1,0.007036,0.004360,0.226896,0.069463
22,4013,-178.091481,186.149274,7.810437,18.911515,1,-1,-1,-1,0.003758,0.003266,0.167122,0.023674
22,4012,-259.963208,115.180484,18.557745,7.878869,1,-1,-1,-1,0.003172,0.003793,0.189038,0.033934
22,4011,-225.748089,115.079586,17.043071,7.890031,1,-1,-1,-1,0.003436,0.002985,0.226022,0.051322
23,4020,-177.779524,213.341704,8.768454,17.357790,1,-1,-1,-1,0.220639,0.201595,1.886246,0.705164
23,4019,76.850175,130.838354,19.551965,8.042457,1,-1,-1,-1,0.199500,0.039681,0.788635,0.198140
23,4018,-180.255956,10.479386,8.848566,18.501344,1,-1,-1,-1,0.187079,0.130769,1.672502,0.554432
23,4017,-165.173124,41.361371,8.143231,16.422028,1,-1,-1,-1,0.144018,0.115626,1.266334,0.501598
23,4016,-178.410382,38.395322,8.147439,16.781346,1,-1,-1,-1,0.275933,0.230645,1.799038,0.797154
23,4015,-165.608000,70.768143,8.564082,18.992252,1,-1,-1,-1,0.039378,0.038951,0.769223,0.231935
23,4014,124.169070,130.919599,15.201761,7.840902,1,-1,-1,-1,0.005221,0.003644,0.171224,0.056461
23,4013,-177.542278,186.138823,7.801154,18.902448,1,-1,-1,-1,0.004278,0.003572,0.177490,0.025847
23,4012,-257.694492,115.190184,18.568716,7.879588,1,-1,-1,-1,0.003204,0.003831,0.187351,0.033607
23,4011,-222.522202,115.105820,17.146248,8.216970,1,-1,-1,-1,0.004278,0.004448,0.264252,0.060265
24,4020,-177.282945,214.695310,8.982942,17.550765,1,-1,-1,-1,0.354011,0.232247,2.384519,0.868082
24,4019,75.745695,131.001009,18.739708,8.280874,1,-1,-1,-1,0.447637,0.109600,1.253921,0.384194
24,4018,-180.004470,9.959533,8.889123,17.508704,1,-1,-1,-1,0.266286,0.224009,1.826303,0.796221
24,4017,-165.270456,41.559483,8.549377,15.726502,1,-1,-1,-1,0.062035,0.050169,0.653795,0.228726
24,4016,-177.481867,38.468436,8.050573,16.300003,1,-1,-1,-1,0.265935,0.227504,1.837149,0.877833
24,4015,-165.071030,71.319902,8.920765,18.747325,1,-1,-1,-1,0.049102,0.044145,0.847207,0.242027
24,4014,124.161837,130.920788,15.226282,7.848384,1,-1,-1,-1,0.005487,0.003755,0.174502,0.058048
24,4013,-176.851362,186.150897,7.809085,18.908108,1,-1,-1,-1,0.003684,0.003233,0.165821,0.023908
24,4012,-254.966757,115.209844,18.560789,7.880197,1,-1,-1,-1,0.003436,0.003986,0.193698,0.034596
24,4011,-218.887614,115.130901,17.294314,8.606642,1,-1,-1,-1,0.004541,0.004629,0.272255,0.062023
25,4020,-176.420978,215.751967,9.112347,18.228380,1,-1,-1,-1,0.216031,0.120929,2.256400,0.672715
25,4019,71.735013,131.063392,19.574907,8.392521,1,-1,-1,-1,0.237762,0.050640,0.978951,0.207542
25,4018,-178.794602,10.353655,8.574755,17.874674,1,-1,-1,-1,0.269843,0.191802,2.062383,0.744417
25,4017,-164.132526,41.740751,8.783489,16.085199,1,-1,-1,-1,0.105994,0.084078,0.965105,0.408810
25,4016,-176.981059,38.990739,8.244593,16.154402,1,-1,-1,-1,0.183094,0.133582,1.530511,0.713336
25,4015,-164.324854,70.887837,8.890999,18.678205,1,-1,-1,-1,0.050553,0.046774,0.946070,0.299439
25,4014,124.220513,130.864585,15.118940,7.761426,1,-1,-1,-1,0.004587,0.003332,0.160056,0.054329
25,4013,-176.052006,186.150160,7.809864,18.909678,1,-1,-1,-1,0.003834,0.003332,0.169882,0.024378
25,4012,-251.847491,115.230265,18.549617,7.889322,1,-1,-1,-1,0.003796,0.004274,0.203835,0.037016
25,4011,-214.838337,115.152154,17.455645,9.034222,1,-1,-1,-1,0.004278,0.004448,0.266019,0.060871
26,4020,-175.531235,215.259026,8.815953,18.251794,1,-1,-1,-1,0.372154,0.103558,1.784419,0.394855
26,4019,68.306162,130.784687,19.964331,8.989424,1,-1,-1,-1,0.161427,0.045022,0.857554,0.170037
26,4018,-177.982331,10.152462,8.535590,18.333771,1,-1,-1,-1,0.172267,0.114121,1.661606,0.456769
26,4017,-163.411497,41.711613,8.761619,16.145293,1,-1,-1,-1,0.119738,0.095940,1.046964,0.485521
26,4016,-175.614239,38.609852,8.017743,15.836079,1,-1,-1,-1,0.257612,0.207941,1.646000,0.814547
26,4015,-163.205808,70.984065,8.686546,19.154574,1,-1,-1,-1,0.047276,0.046331,1.000001,0.295754
26,4014,124.157940,130.914427,15.204269,7.830631,1,-1,-1,-1,0.003872,0.003015,0.155625,0.049866
26,4013,-175.112641,186.140071,7.809968,18.909922,1,-1,-1,-1,0.004321,0.003608,0.178895,0.025349
26,4012,-248.330112,115.249978,18.549897,7.889936,1,-1,-1,-1,0.004633,0.004817,0.218120,0.040369
26,4011,-210.507426,114.924035,17.621339,9.641902,1,-1,-1,-1,0.002732,0.002545,0.205740,0.045772
27,4020,-174.368306,212.720315,8.710102,17.581358,1,-1,-1,-1,0.384770,0.278627,2.316034,0.934260
27,4019,66.268787,130.545916,19.945545,9.964278,1,-1,-1,-1,0.171694,0.054509,0.921771,0.228310
27,4018,-177.386614,11.062334,8.888958,18.513592,1,-1,-1,-1,0.184229,0.140671,1.789700,0.624860
27,4017,-162.258697,40.727006,8.403471,16.120492,1,-1,-1,-1,0.231130,0.177582,1.485392,0.862140
27,4016,-174.509746,38.707841,8.228007,16.537281,1,-1,-1,-1,0.157496,0.098592,1.695138,0.725668
27,4015,-161.943801,71.366411,8.528425,19.382864,1,-1,-1,-1,0.051033,0.053482,1.139861,0.323828
27,4014,124.150331,130.910089,15.209365,7.829842,1,-1,-1,-1,0.003575,0.002840,0.150165,0.049383
27,4013,-174.042704,186.149984,7.809984,18.909962,1,-1,-1,-1,0.004030,0.003433,0.173012,0.024859
27,4012,-244.371488,115.269670,18.532084,7.890565,1,-1,-1,-1,0.004408,0.004675,0.214901,0.039226
27,4011,-206.042548,114.459918,17.903976,10.879811,1,-1,-1,-1,0.002305,0.002303,0.192343,0.042369
28,4020,-173.050692,214.170123,8.732634,17.706319,1,-1,-1,-1,0.267724,0.208539,2.803072,1.087539
28,4019,62.848069,130.370292,20.403127,11.457110,1,-1,-1,-1,0.150709,0.054015,1.022222,0.270239
28,4017,-161.242079,40.817664,8.427828,15.740804,1,-1,-1,-1,0.259691,0.200644,1.607904,1.023084
28,4016,-173.826169,38.900851,8.790321,16.649627,1,-1,-1,-1,0.293157,0.269786,2.265808,1.173694
28,4015,-160.950065,70.673409,8.461781,18.989094,1,-1,-1,-1,0.085720,0.060543,1.287802,0.582700
28,4014,124.160513,130.910161,15.218861,7.829671,1,-1,-1,-1,0.003911,0.003015,0.155373,0.050813
28,4013,-172.833075,186.140047,7.809987,18.909969,1,-1,-1,-1,0.004194,0.003502,0.175834,0.025349
28,4012,-239.963650,115.289247,18.522928,7.881460,1,-1,-1,-1,0.004773,0.004914,0.220144,0.041156
28,4011,-201.082024,113.902846,18.128331,12.204175,1,-1,-1,-1,0.003018,0.002729,0.214033,0.047519
29,4020,-171.400841,214.680209,8.707253,17.781579,1,-1,-1,-1,0.301758,0.217395,3.279968,1.098017
29,4019,60.125474,130.342399,20.441746,12.712223,1,-1,-1,-1,0.200019,0.105820,1.518103,0.556397
29,4017,-159.660516,41.446515,8.109337,15.879855,1,-1,-1,-1,0.242232,0.162099,1.693276,1.140019
29,4016,-172.236527,39.003259,9.012259,17.162120,1,-1,-1,-1,0.203727,0.138965,2.400743,1.029080
29,4015,-159.794435,71.000053,8.644008,18.922076,1,-1,-1,-1,0.150557,0.102092,1.742903,0.886207
29,4014,124.142375,130.921618,15.235334,7.856605,1,-1,-1,-1,0.004541,0.003365,0.165162,0.053289
29,4013,-171.492568,186.150354,7.809765,18.919203,1,-1,-1,-1,0.003436,0.003107,0.161315,0.023445
29,4012,-235.548220,115.320098,18.538449,7.879651,1,-1,-1,-1,0.003872,0.004317,0.202613,0.037024
29,4011,-195.540337,113.212761,18.228590,13.515353,1,-1,-1,-1,0.003911,0.004190,0.252722,0.056934
30,4035,-172.023856,10.157326,8.403980,18.375889,1,-1,-1,-1,0.187660,0.093444,2.691212,0.526993
30,4020,-170.653219,214.419969,9.451014,17.681779,1,-1,-1,-1,0.341242,0.172666,3.253825,1.069479
30,4019,57.172328,129.556665,20.617036,14.392894,1,-1,-1,-1,0.224679,0.118553,1.759562,0.653848
30,4017,-158.031579,41.435122,8.147316,15.993466,1,-1,-1,-1,0.154477,0.114886,1.392220,0.962946
30,4016,-171.313085,38.795422,8.929024,17.859624,1,-1,-1,-1,0.107188,0.069431,1.713305,0.591709
30,4015,-158.157190,71.171306,9.047998,19.011409,1,-1,-1,-1,0.114870,0.075422,1.833571,0.884451
30,4014,124.160227,130.930560,15.229384,7.868782,1,-1,-1,-1,0.005824,0.003947,0.178606,0.058589
30,4013,-170.003023,186.150049,7.809963,18.919905,1,-1,-1,-1,0.003611,0.003170,0.163822,0.023444
30,4012,-231.705738,115.330060,18.539730,7.879896,1,-1,-1,-1,0.003721,0.004232,0.200390,0.036664
30,4011,-190.240039,111.813046,17.806519,15.636006,1,-1,-1,-1,0.003236,0.002840,0.217561,0.048930
31,4035,-170.331912,10.626088,8.468169,19.089720,1,-1,-1,-1,0.226368,0.173907,2.652152,0.578917
31,4017,-156.308977,40.948931,7.986428,15.730758,1,-1,-1,-1,0.224940,0.153635,1.663343,1.077146
31,4016,-170.262559,37.930152,8.336961,17.590975,1,-1,-1,-1,0.212401,0.093207,1.724620,0.687194
31,4015,-156.601130,70.779614,9.049446,18.889423,1,-1,-1,-1,0.163435,0.099450,1.980109,1.025110
31,4014,124.149580,130.929006,15.240917,7.852089,1,-1,-1,-1,0.007321,0.004492,0.227896,0.070714
31,4013,-168.373847,186.148907,7.801052,18.912218,1,-1,-1,-1,0.003758,0.003299,0.169591,0.023906
31,4012,-228.434146,115.339766,18.521836,7.880483,1,-1,-1,-1,0.003575,0.004107,0.198605,0.036311
31,4011,-184.627766,109.067297,17.113816,17.024689,1,-1,-1,-1,0.005273,0.005113,0.280069,0.064358
32,4040,-215.069609,165.556670,25.518918,11.748375,1,-1,-1,-1,1.310836,0.321130,4.467355,0.324648
32,4035,-168.187896,10.444595,8.455912,19.072716,1,-1,-1,-1,0.144867,0.088454,1.745981,0.404248
32,4017,-154.767771,40.830151,7.861573,15.607305,1,-1,-1,-1,0.354105,0.256010,1.999435,1.437183
32,4016,-168.715550,38.534490,8.284101,17.792364,1,-1,-1,-1,0.144726,0.104264,1.614112,0.507668
32,4015,-154.583030,70.624945,8.654757,19.076639,1,-1,-1,-1,0.105896,0.074005,1.242230,0.327470
32,4014,124.150650,130.930784,15.238702,7.868377,1,-1,-1,-1,0.004918,0.003537,0.169371,0.055404
32,4013,-166.592983,186.150939,7.809080,18.918093,1,-1,-1,-1,0.003647,0.003233,0.165347,0.023674
32,4012,-225.769855,115.360533,18.527757,7.888837,1,-1,-1,-1,0.003505,0.004066,0.195197,0.035616
32,4011,-178.625669,105.848590,15.664545,18.083893,1,-1,-1,-1,0.004496,0.004629,0.269962,0.061455
33,4040,-212.937817,165.273258,25.520828,11.459054,1,-1,-1,-1,1.274961,0.310420,3.945501,0.237505
33,4035,-166.027929,10.155709,8.376921,18.469644,1,-1,-1,-1,0.119736,0.080767,1.547790,0.420632
33,4017,-152.674118,41.389920,7.991853,16.386404,1,-1,-1,-1,0.191274,0.141319,1.746767,0.626730
33,4016,-166.869057,38.002691,8.018667,17.100363,1,-1,-1,-1,0.122336,0.085177,1.333897,0.490107
33,4015,-152.834300,71.067208,8.829881,19.253179,1,-1,-1,-1,0.174908,0.093239,1.603703,0.790509
33,4014,124.193562,130.916751,15.182694,7.836738,1,-1,-1,-1,0.006897,0.004148,0.216556,0.067472
33,4013,-164.673571,186.150144,7.809879,18.919715,1,-1,-1,-1,0.003721,0.003233,0.165235,0.023906
33,4012,-223.659351,115.360009,18.520559,7.890080,1,-1,-1,-1,0.003647,0.004148,0.200054,0.036662
33,4011,-173.726494,101.893040,13.670594,18.509377,1,-1,-1,-1,0.002678,0.002571,0.205469,0.045773
34,4040,-211.453600,165.444377,25.624788,11.651694,1,-1,-1,-1,1.255234,0.324032,3.328231,0.149728
34,4035,-163.870143,10.952850,8.728978,18.783064,1,-1,-1,-1,0.219980,0.135937,2.047856,0.670907
34,4020,-162.969746,211.028459,7.780396,15.626641,1,-1,-1,-1,0.235309,0.216563,1.640455,0.790480
34,4017,-150.549052,41.727167,8.089987,17.566996,1,-1,-1,-1,0.172269,0.133704,1.660010,0.516042
34,4016,-164.719152,38.167023,7.888272,16.306503,1,-1,-1,-1,0.144681,0.121555,1.240315,0.545584
34,4015,-150.496861,70.642865,8.692513,19.416122,1,-1,-1,-1,0.088059,0.063611,1.002308,0.255630
34,4014,124.127528,130.943988,15.265197,7.891650,1,-1,-1,-1,0.005273,0.003718,0.176559,0.056992
34,4013,-162.603743,186.150020,7.809984,18.919962,1,-1,-1,-1,0.003684,0.003233,0.165206,0.023674
34,4012,-221.590269,115.359447,18.512435,7.881230,1,-1,-1,-1,0.003540,0.004107,0.196812,0.035962
34,4011,-169.397662,97.797222,12.154711,18.442178,1,-1,-1,-1,0.002900,0.002702,0.208858,0.047074
35,4040,-208.917984,165.492128,25.510294,11.605125,1,-1,-1,-1,1.013695,0.273249,3.028644,0.240571
35,4035,-161.936890,10.800721,9.417633,18.947299,1,-1,-1,-1,0.206594,0.123699,2.427932,0.804831
35,4020,-160.747188,210.629096,7.749190,15.243081,1,-1,-1,-1,0.222041,0.234583,1.498382,0.756504
35,4017,-148.958251,40.848585,8.002751,16.754461,1,-1,-1,-1,0.440551,0.178474,1.787655,0.930765
35,4016,-162.467275,38.171289,7.935923,16.088310,1,-1,-1,-1,0.177335,0.163443,1.376556,0.603490
35,4015,-148.518129,70.129943,8.980260,18.856922,1,-1,-1,-1,0.102407,0.074537,1.094612,0.328487
35,4014,124.128186,130.939451,15.243760,7.891177,1,-1,-1,-1,0.007926,0.004769,0.231340,0.071370
35,4013,-160.393821,186.150002,7.809999,18.919998,1,-1,-1,-1,0.003647,0.003201,0.166613,0.023444
35,4012,-219.378582,115.360561,18.517902,7.888915,1,-1,-1,-1,0.003436,0.004026,0.195042,0.035616
35,4011,-165.082153,93.881342,10.723494,18.217541,1,-1,-1,-1,0.003334,0.003755,0.240223,0.053788
36,4040,-207.066591,165.408438,25.651570,11.587784,1,-1,-1,-1,1.213489,0.382879,2.722291,0.037966
36,4035,-159.789133,10.535287,9.434282,19.082555,1,-1,-1,-1,0.140003,0.088703,1.992871,0.582794
36,4020,-158.271745,211.051140,7.704242,15.300264,1,-1,-1,-1,0.234946,0.148838,1.478079,0.741788
36,4017,-146.156504,41.533906,8.105062,17.211801,1,-1,-1,-1,0.254191,0.184205,1.947711,0.702867
36,4016,-160.249785,38.496147,7.860707,16.463029,1,-1,-1,-1,0.126061,0.087925,1.343407,0.534850
36,4015,-146.194237,69.932617,8.864938,18.811452,1,-1,-1,-1,0.079846,0.064762,0.977652,0.257770
36,4014,124.129754,130.929198,15.260377,7.871763,1,-1,-1,-1,0.005487,0.003755,0.176810,0.057003
36,4013,-158.044079,186.150000,7.810001,18.920002,1,-1,-1,-1,0.003796,0.003299,0.166618,0.023906
36,4012,-217.029883,115.360130,18.519581,7.889815,1,-1,-1,-1,0.003721,0.004232,0.199942,0.036662
36,4011,-161.248955,90.230869,9.459304,17.820048,1,-1,-1,-1,0.002787,0.002596,0.206301,0.046199
37,4040,-204.777748,165.485743,25.619958,11.817580,1,-1,-1,-1,1.084757,0.328734,2.334636,0.031408
37,4035,-157.694731,9.942021,9.017047,18.757764,1,-1,-1,-1,0.153283,0.090947,1.815663,0.532527
37,4020,-155.590675,211.029939,7.490350,15.203674,1,-1,-1,-1,0.147633,0.143697,1.184770,0.611272
37,4017,-143.558882,41.667565,8.357455,18.713790,1,-1,-1,-1,0.142671,0.099342,1.353475,0.349933
37,4016,-157.670093,38.470701,7.709485,16.533295,1,-1,-1,-1,0.152599,0.109075,1.386858,0.583656
37,4015,-143.531307,68.104181,8.702243,18.012648,1,-1,-1,-1,0.119414,0.084940,1.168025,0.398244
37,4014,124.140173,130.940707,15.249593,7.888453,1,-1,-1,-1,0.006001,0.003986,0.180187,0.059717
37,4013,-155.554089,186.149999,7.810001,18.920003,1,-1,-1,-1,0.003721,0.003266,0.166596,0.024141
37,4012,-214.540484,115.360056,18.519891,7.889953,1,-1,-1,-1,0.003611,0.004148,0.198373,0.035962
37,4011,-158.283345,86.994701,8.911140,17.559890,1,-1,-1,-1,0.003236,0.002869,0.219416,0.049375
38,4035,-155.846814,10.373433,9.021964,18.686148,1,-1,-1,-1,0.221936,0.118591,2.035885,0.590562
38,4020,-152.990665,211.039367,7.510370,15.166572,1,-1,-1,-1,0.157059,0.099978,1.092102,0.517985
38,4017,-141.233289,40.601299,7.870918,16.633771,1,-1,-1,-1,0.231979,0.075405,1.051656,0.484526
38,4016,-155.070370,38.560827,7.707362,16.563787,1,-1,-1,-1,0.256116,0.193650,1.747871,0.799860
38,4015,-141.030037,71.045626,8.430643,18.744517,1,-1,-1,-1,0.156544,0.053573,1.155465,0.420092
38,4014,124.130505,130.940158,15.259034,7.889703,1,-1,-1,-1,0.005067,0.003608,0.172694,0.055901
38,4013,-152.914863,186.139622,7.810251,18.910853,1,-1,-1,-1,0.004193,0.003537,0.175378,0.025102
38,4012,-211.900959,115.360042,18.519944,7.889976,1,-1,-1,-1,0.003647,0.004148,0.199973,0.036662
38,4011,-155.239457,83.999712,8.492845,17.360907,1,-1,-1,-1,0.003990,0.004232,0.258507,0.059132
39,4035,-152.970801,10.619899,8.565502,18.864401,1,-1,-1,-1,0.143802,0.080691,1.615806,0.458426
39,4020,-150.310468,210.811266,7.476379,15.042001,1,-1,-1,-1,0.171572,0.177645,1.166925,0.628481
39,4017,-138.431133,41.132512,7.741029,15.846112,1,-1,-1,-1,0.167094,0.054064,0.966952,0.446053
39,4016,-152.493419,38.277443,7.769536,16.086076,1,-1,-1,-1,0.256437,0.216907,1.758771,0.847038
39,4015,-138.076295,70.801132,8.430839,18.972426,1,-1,-1,-1,0.120262,0.045898,1.100624,0.370666
39,4014,124.148877,130.939745,15.242132,7.890529,1,-1,-1,-1,0.006061,0.004026,0.180044,0.059714
39,4013,-150.134600,186.139951,7.810035,18.910091,1,-1,-1,-1,0.003990,0.003433,0.171094,0.024379
39,4012,-209.121332,115.360037,18.519954,7.889980,1,-1,-1,-1,0.003647,0.004148,0.199989,0.036663
39,4011,-152.103231,81.368822,8.109170,17.208599,1,-1,-1,-1,0.003911,0.004148,0.256015,0.058607
40,4035,-149.856678,10.525054,8.428345,18.815815,1,-1,-1,-1,0.102964,0.055150,1.215608,0.343506
40,4020,-147.469715,211.250225,7.613075,15.152034,1,-1,-1,-1,0.263253,0.271899,1.527872,0.847759
40,4017,-135.453175,41.218978,7.648490,15.326697,1,-1,-1,-1,0.232928,0.062287,1.029710,0.486635
40,4016,-149.675631,38.631052,7.979565,16.107222,1,-1,-1,-1,0.313116,0.265179,1.991465,1.000198
40,4015,-134.651181,70.584830,8.222197,19.331241,1,-1,-1,-1,0.116662,0.084820,1.085988,0.265685
40,4014,124.146244,130.916328,15.247517,7.837765,1,-1,-1,-1,0.007394,0.004448,0.225703,0.070062
40,4013,-147.234718,186.149968,7.809998,18.909996,1,-1,-1,-1,0.004111,0.003467,0.172458,0.025103
40,4012,-206.221683,115.360035,18.519956,7.889981,1,-1,-1,-1,0.003834,0.004274,0.201646,0.037019
40,4011,-148.880237,79.032178,7.772322,17.089237,1,-1,-1,-1,0.004321,0.004492,0.268423,0.061436
41,4040,-192.726779,165.559483,24.955092,11.630541,1,-1,-1,-1,0.941061,0.289400,2.621206,0.467601
41,4035,-136.430928,16.627067,8.368302,19.394427,1,-1,-1,-1,0.272867,0.106881,1.473045,0.334205
41,4020,-144.327467,211.613569,7.646653,15.426943,1,-1,-1,-1,0.175160,0.146683,1.423701,0.640463
41,4017,-132.137421,41.999861,7.901085,15.820177,1,-1,-1,-1,0.216430,0.172206,1.426274,0.601437
41,4016,-146.842511,38.084007,7.892769,15.637983,1,-1,-1,-1,0.423966,0.330857,2.103651,1.103132
41,4015,-131.969882,70.868520,8.433038,19.080504,1,-1,-1,-1,0.131110,0.094180,1.222293,0.399034
41,4014,124.141951,130.942277,15.236233,7.875072,1,-1,-1,-1,0.007248,0.004404,0.225416,0.068808
41,4013,-144.184871,186.140040,7.809993,18.909982,1,-1,-1,-1,0.004152,0.003502,0.173952,0.024859
41,4012,-203.181403,115.360163,18.528993,7.889719,1,-1,-1,-1,0.003575,0.004107,0.196652,0.035963
41,4011,-145.570465,76.975989,7.471518,16.958639,1,-1,-1,-1,0.002988,0.002729,0.213974,0.047558
42,4035,-129.695575,16.274177,8.225952,19.107884,1,-1,-1,-1,0.121453,0.045127,1.219446,0.336135
42,4020,-141.272941,211.171671,7.601825,15.272473,1,-1,-1,-1,0.214659,0.208290,1.427792,0.712201
42,4017,-129.190479,42.509802,8.449681,17.706412,1,-1,-1,-1,0.152716,0.120328,1.440425,0.475877
42,4016,-143.368545,37.902022,7.828349,15.474561,1,-1,-1,-1,0.321965,0.297517,2.005323,0.965843
42,4015,-128.763386,70.854288,8.423215,19.236355,1,-1,-1,-1,0.159525,0.110132,1.294428,0.411397
42,4014,124.138708,130.928999,15.232654,7.862198,1,-1,-1,-1,0.008497,0.004963,0.238634,0.074828
42,4013,-140.984040,186.150353,7.809764,18.919205,1,-1,-1,-1,0.003470,0.003107,0.160985,0.022991
42,4012,-199.982106,115.360050,18.529847,7.889940,1,-1,-1,-1,0.003505,0.004066,0.194849,0.035616
42,4011,-142.270179,75.247760,7.480129,16.913274,1,-1,-1,-1,0.002731,0.002596,0.207120,0.046187
43,4035,-126.108569,16.332774,8.090444,19.288438,1,-1,-1,-1,0.118880,0.050511,1.113106,0.208180
43,4020,-137.915375,215.883796,8.038591,16.863714,1,-1,-1,-1,0.267405,0.076574,1.327853,0.318070
43,4017,-125.542678,40.603132,7.862031,16.100154,1,-1,-1,-1,0.129228,0.039044,0.998204,0.368799
43,4016,-139.767706,39.170552,8.254186,17.692355,1,-1,-1,-1,0.079252,0.030728,1.015790,0.196820
43,4015,-125.267486,70.686691,8.363980,19.228034,1,-1,-1,-1,0.117058,0.085207,1.186108,0.356583
43,4014,124.144034,130.942454,15.271588,7.894848,1,-1,-1,-1,0.007394,0.004537,0.195900,0.064453
43,4013,-137.645186,186.138970,7.801031,18.912155,1,-1,-1,-1,0.003872,0.003365,0.169258,0.024378
43,4012,-196.641668,115.360492,18.528497,7.899015,1,-1,-1,-1,0.003505,0.004066,0.196426,0.035616
43,4011,-138.959188,73.678817,7.508112,16.860715,1,-1,-1,-1,0.002328,0.002350,0.196753,0.043191
44,4053,79.552795,53.949049,8.313037,20.107845,1,-1,-1,-1,0.227407,0.144702,3.040707,0.374426
44,4035,-122.576467,16.587744,8.021472,19.517469,1,-1,-1,-1,0.242790,0.089728,1.359403,0.282016
44,4020,-134.406036,211.429623,7.828711,16.129652,1,-1,-1,-1,0.153451,0.143803,1.231076,0.533352
44,4017,-122.156601,42.274038,8.279334,17.194469,1,-1,-1,-1,0.211382,0.154801,1.444142,0.564541
44,4016,-136.479729,38.032203,8.197290,16.939789,1,-1,-1,-1,0.214863,0.194388,1.384835,0.634378
44,4015,-121.629327,70.762246,8.276751,18.991620,1,-1,-1,-1,0.076977,0.055659,0.931653,0.260911
44,4014,124.148117,130.938949,15.253840,7.882197,1,-1,-1,-1,0.006563,0.004190,0.186729,0.061455
44,4013,-134.124556,186.119924,7.800112,18.910263,1,-1,-1,-1,0.003575,0.003201,0.163677,0.023216
44,4012,-193.103894,115.329590,18.522176,7.891112,1,-1,-1,-1,0.003505,0.004066,0.196447,0.035616
44,4011,-135.440503,72.328873,7.509491,16.859098,1,-1,-1,-1,0.003334,0.002926,0.222513,0.050798
45,4053,83.595257,48.850996,8.296408,20.394874,1,-1,-1,-1,0.154334,0.118012,1.840719,0.142370
45,4040,-179.647282,165.480733,25.332563,11.636042,1,-1,-1,-1,0.960357,0.273125,2.378575,0.295589
45,4035,-118.856178,16.783316,8.061514,19.789553,1,-1,-1,-1,0.181104,0.066068,1.216294,0.188443
45,4020,-130.671197,210.886713,7.696622,15.601643,1,-1,-1,-1,0.123537,0.074189,0.945088,0.428421
45,4017,-118.441404,43.088696,8.486072,18.546821,1,-1,-1,-1,0.183495,0.133880,1.400327,0.415388
45,4016,-132.832613,38.508339,8.407957,17.648459,1,-1,-1,-1,0.127611,0.041470,1.072907,0.237620
45,4015,-117.915681,70.682722,8.312972,18.747860,1,-1,-1,-1,0.083514,0.059974,0.952682,0.273923
45,4014,124.140625,130.940426,15.258815,7.889122,1,-1,-1,-1,0.006183,0.004066,0.181797,0.060869
45,4013,-130.434440,186.091193,7.808934,18.917749,1,-1,-1,-1,0.003834,0.003332,0.167837,0.023906
45,4012,-189.412068,115.290675,18.527919,7.898920,1,-1,-1,-1,0.003575,0.004148,0.196428,0.035961
45,4011,-131.742069,71.146295,7.501206,16.852016,1,-1,-1,-1,0.004030,0.004232,0.260425,0.059698
46,4053,87.151583,43.295106,8.322370,19.811965,1,-1,-1,-1,0.154250,0.122177,1.838424,0.365730
46,4040,-176.193723,165.455603,25.501589,11.797324,1,-1,-1,-1,0.955608,0.297745,2.053390,0.056443
46,4035,-114.983345,17.091625,8.085531,19.821714,1,-1,-1,-1,0.120549,0.050551,1.081257,0.142590
46,4020,-126.866872,211.663911,7.692498,15.719780,1,-1,-1,-1,0.139652,0.107952,1.091893,0.517138
46,4017,-114.902114,43.684075,8.815953,18.829607,1,-1,-1,-1,0.206073,0.152617,1.635017,0.558728
46,4016,-128.818281,37.930085,8.101633,16.493631,1,-1,-1,-1,0.139712,0.113622,1.108416,0.492763
46,4015,-114.132761,70.578228,8.342195,18.565224,1,-1,-1,-1,0.129496,0.090592,1.188364,0.391666
46,4014,124.140517,130.940145,15.268911,7.889724,1,-1,-1,-1,0.006694,0.004274,0.186350,0.062025
46,4013,-126.595568,186.048772,7.801164,18.902728,1,-1,-1,-1,0.003834,0.003332,0.169358,0.024141
46,4012,-185.563652,115.240120,18.520643,7.900118,1,-1,-1,-1,0.003611,0.004148,0.198066,0.036310
46,4011,-127.893322,70.092922,7.484079,16.780716,1,-1,-1,-1,0.002787,0.002596,0.211849,0.048471
47,4053,90.961913,39.092295,8.253355,21.087525,1,-1,-1,-1,0.112245,0.097306,1.038966,0.013435
47,4040,-172.562731,165.406443,25.664536,11.804147,1,-1,-1,-1,1.026238,0.331057,2.005996,0.050829
47,4035,-111.100053,16.900509,8.153385,19.860628,1,-1,-1,-1,0.086956,0.042908,0.926493,0.133433
47,4020,-122.947306,210.410342,7.618354,15.258611,1,-1,-1,-1,0.169722,0.122924,1.107926,0.556194
47,4017,-111.093556,39.852511,8.187494,16.518875,1,-1,-1,-1,0.226721,0.092047,1.361973,0.572511
47,4016,-124.779233,38.089851,7.952848,16.461449,1,-1,-1,-1,0.158297,0.107341,1.258779,0.539033
47,4015,-110.335579,70.069804,8.312826,18.069410,1,-1,-1,-1,0.155362,0.105193,1.416872,0.496165
47,4014,124.109635,130.938223,15.291058,7.863726,1,-1,-1,-1,0.008840,0.005705,0.258696,0.083581
47,4013,-122.704468,186.010318,7.799897,18.909515,1,-1,-1,-1,0.003684,0.003233,0.165058,0.023907
47,4012,-181.672735,115.200242,18.529112,7.899765,1,-1,-1,-1,0.003611,0.004148,0.199760,0.036311
47,4011,-124.000065,69.250439,7.497258,16.794636,1,-1,-1,-1,0.003048,0.002702,0.219314,0.049852
48,4056,-107.494450,-14.561068,8.056377,17.976022,1,-1,-1,-1,0.356884,0.092403,3.433129,0.609408
48,4053,94.979760,33.879515,8.209173,20.530970,1,-1,-1,-1,0.245480,0.227008,1.962255,0.243106
48,4040,-167.922300,165.408948,25.582210,11.865836,1,-1,-1,-1,0.700819,0.192540,1.816595,0.167945
48,4035,-107.143128,16.378348,8.172938,19.994098,1,-1,-1,-1,0.127279,0.050497,0.956016,0.149375
48,4020,-119.124280,210.835539,7.726866,15.188351,1,-1,-1,-1,0.188928,0.192413,1.274191,0.695842
48,4017,-106.910137,40.080199,7.946254,15.806834,1,-1,-1,-1,0.218070,0.104248,1.588217,0.691329
48,4016,-120.995253,38.917658,8.200228,17.295988,1,-1,-1,-1,0.153151,0.045551,1.069474,0.254016
48,4015,-106.287593,70.834906,8.321144,18.678677,1,-1,-1,-1,0.100142,0.070624,1.108612,0.297660
48,4014,124.137654,130.940165,15.244607,7.879587,1,-1,-1,-1,0.007926,0.004675,0.231972,0.070823
48,4013,-118.764321,186.000050,7.799958,18.909892,1,-1,-1,-1,0.003758,0.003299,0.166388,0.023907
48,4012,-177.732624,115.190152,18.538922,7.899696,1,-1,-1,-1,0.003758,0.004232,0.199789,0.036663
48,4011,-120.061008,68.528184,7.499489,16.789344,1,-1,-1,-1,0.002731,0.002520,0.210627,0.047534
49,4056,-103.421094,-14.597586,7.927921,17.494314,1,-1,-1,-1,0.491460,0.133663,4.243210,0.830510
49,4053,99.285499,30.047495,8.094524,19.785567,1,-1,-1,-1,0.175269,0.129875,1.827602,0.283877
49,4040,-164.222474,165.155334,25.893110,11.549360,1,-1,-1,-1,0.951632,0.314189,2.003608,0.094918
49,4035,-103.208615,16.456695,8.195452,20.373781,1,-1,-1,-1,0.194375,0.071740,1.076434,0.138318
49,4020,-115.071294,211.353987,7.703017,15.279757,1,-1,-1,-1,0.218728,0.184521,1.394257,0.802113
49,4017,-102.585165,42.982070,8.187118,17.504011,1,-1,-1,-1,0.212370,0.173236,1.677400,0.515178
49,4016,-117.145865,38.542133,8.225972,17.574499,1,-1,-1,-1,0.266547,0.067142,1.238870,0.340639
49,4015,-102.351390,70.276026,8.317349,18.222091,1,-1,-1,-1,0.114356,0.078874,1.187459,0.369636
49,4014,124.141059,130.950988,15.247818,7.897884,1,-1,-1,-1,0.006244,0.004066,0.182756,0.059761
49,4013,-114.774007,186.000391,7.799735,18.919120,1,-1,-1,-1,0.003796,0.003266,0.166403,0.024141
49,4012,-173.742679,115.180019,18.539900,7.899963,1,-1,-1,-1,0.003402,0.003986,0.194802,0.035275
49,4011,-116.072032,67.936244,7.491264,16.772740,1,-1,-1,-1,0.003048,0.002702,0.219233,0.049850
50,4056,-99.382476,-13.175007,8.105776,18.633530,1,-1,-1,-1,0.597463,0.169586,3.756056,0.442036
50,4053,103.065620,26.072167,8.307286,18.887094,1,-1,-1,-1,0.275751,0.196181,2.272392,0.629147
50,4040,-160.445031,165.234455,25.730106,11.588489,1,-1,-1,-1,1.079299,0.366460,2.209383,0.125916
50,4035,-99.260444,15.833533,8.265925,19.810735,1,-1,-1,-1,0.164998,0.067251,1.208229,0.293003
50,4020,-110.723947,211.703273,7.606423,15.624368,1,-1,-1,-1,0.156869,0.117202,1.301655,0.594399
50,4016,-112.934983,38.054231,8.169697,17.049400,1,-1,-1,-1,0.222972,0.061742,1.128016,0.336542
50,4015,-98.307841,70.510903,8.269331,18.342140,1,-1,-1,-1,0.095341,0.073220,1.103545,0.315937
50,4014,124.128445,130.938786,15.243305,7.882614,1,-1,-1,-1,0.007321,0.004537,0.227385,0.069411
50,4013,-110.734727,185.988166,7.791495,18.893759,1,-1,-1,-1,0.003872,0.003332,0.169278,0.024617
50,4012,-169.693278,115.179822,18.531009,7.900282,1,-1,-1,-1,0.003575,0.004107,0.196299,0.035961
50,4011,-112.040243,67.459971,7.497255,16.802897,1,-1,-1,-1,0.003505,0.003869,0.249974,0.056405
51,4040,-156.518635,165.246696,25.670817,11.535721,1,-1,-1,-1,1.124260,0.364437,2.373456,0.226578
51,4035,-95.177375,16.541376,8.252530,19.899441,1,-1,-1,-1,0.286849,0.095804,1.432290,0.277582
51,4020,-106.886928,211.437463,7.727344,15.570065,1,-1,-1,-1,0.266730,0.258276,1.586693,0.858276
51,4016,-109.021415,38.106845,8.264955,17.074104,1,-1,-1,-1,0.283179,0.073832,1.231072,0.383571
51,4015,-94.271382,70.367827,8.229542,18.091206,1,-1,-1,-1,0.111236,0.084204,1.217352,0.387299
51,4014,124.131459,130.940610,15.266923,7.888752,1,-1,-1,-1,0.005379,0.003718,0.174959,0.056998
51,4013,-106.663542,186.000125,7.789928,18.899597,1,-1,-1,-1,0.003721,0.003233,0.166440,0.023675
51,4012,-165.632619,115.189895,18.530172,7.900068,1,-1,-1,-1,0.003540,0.004107,0.194681,0.035616
51,4011,-107.981803,67.036357,7.491082,16.782728,1,-1,-1,-1,0.002900,0.002649,0.215018,0.048464
52,4040,-151.825560,165.301158,25.477329,11.627395,1,-1,-1,-1,0.979074,0.275852,2.237322,0.215786
52,4035,-91.023442,16.317287,8.277055,19.652241,1,-1,-1,-1,0.183469,0.070591,1.324369,0.313129
52,4020,-102.659843,211.687604,7.580398,15.755530,1,-1,-1,-1,0.126970,0.097063,1.206995,0.529673
52,4016,-104.857313,38.149805,8.243959,16.968941,1,-1,-1,-1,0.394648,0.097624,1.337415,0.439476
52,4015,-90.007475,70.673655,8.291360,18.635021,1,-1,-1,-1,0.065557,0.053062,0.890967,0.239443
52,4014,124.111017,130.950213,15.278222,7.889490,1,-1,-1,-1,0.009476,0.005268,0.250001,0.078319
52,4013,-102.542805,186.001129,7.798901,18.907662,1,-1,-1,-1,0.003647,0.003201,0.164945,0.023906
52,4012,-161.512538,115.179998,18.530058,7.900025,1,-1,-1,-1,0.003575,0.004148,0.196267,0.035961
52,4011,-103.858993,66.743216,7.504687,16.846175,1,-1,-1,-1,0.003575,0.003947,0.249752,0.056937
53,4040,-147.444229,165.259529,25.490035,11.537699,1,-1,-1,-1,1.005383,0.319130,2.320485,0.265455
53,4035,-86.817974,15.865056,8.215029,19.782926,1,-1,-1,-1,0.164775,0.066612,1.211409,0.216503
53,4020,-98.527470,211.236654,7.607565,15.615989,1,-1,-1,-1,0.348241,0.355217,1.655754,0.913947
53,4016,-100.763849,38.146831,8.294396,16.788017,1,-1,-1,-1,0.357784,0.086733,1.277668,0.406022
53,4015,-85.903681,70.693540,8.292019,18.784896,1,-1,-1,-1,0.066018,0.052987,0.829417,0.230833
53,4014,124.118100,130.939100,15.263783,7.881959,1,-1,-1,-1,0.007618,0.005216,0.249149,0.078434
53,4013,-98.403729,185.988708,7.791134,18.892657,1,-1,-1,-1,0.003758,0.003266,0.167769,0.024378
53,4012,-157.371778,115.190060,18.539082,7.899754,1,-1,-1,-1,0.003402,0.003986,0.193021,0.035274
53,4011,-99.730577,66.469203,7.508826,16.857281,1,-1,-1,-1,0.002787,0.002571,0.211423,0.046649
54,4056,-82.930876,-13.118458,8.304179,18.985313,1,-1,-1,-1,0.482532,0.141242,2.860051,0.533413
54,4054,-97.275933,10.655902,8.979078,17.198826,1,-1,-1,-1,0.309485,0.190870,3.421714,0.841491
54,4040,-142.876492,165.273734,24.962342,11.515644,1,-1,-1,-1,0.971773,0.271792,2.378908,0.564843
54,4035,-82.692238,16.610354,8.276599,19.736715,1,-1,-1,-1,0.197038,0.073168,1.267681,0.307022
54,4020,-94.316117,211.109646,7.599259,15.460076,1,-1,-1,-1,0.168958,0.149011,1.357580,0.656834
54,4016,-96.581383,38.094173,8.240363,16.681119,1,-1,-1,-1,0.264489,0.066041,1.142040,0.356238
54,4015,-81.746498,70.466209,8.264620,18.493015,1,-1,-1,-1,0.083450,0.064075,0.948716,0.287617
54,4014,124.118870,130.939037,15.262236,7.871988,1,-1,-1,-1,0.010258,0.006364,0.271911,0.090068
54,4013,-94.232404,186.001304,7.798813,18.907223,1,-1,-1,-1,0.003758,0.003266,0.167818,0.024617
54,4012,-153.202714,115.179894,18.530909,7.900242,1,-1,-1,-1,0.003684,0.004190,0.199513,0.036661
54,4011,-95.570633,66.249446,7.509032,16.876928,1,-1,-1,-1,0.002759,0.002571,0.206821,0.046628
55,4060,-77.584618,40.954335,7.353576,15.209718,1,-1,-1,-1,0.231716,0.063876,2.447684,0.588010
55,4056,-78.859566,-14.505268,8.199673,18.210591,1,-1,-1,-1,0.382592,0.114144,2.495033,0.668546
55,4040,-139.306538,165.367059,25.256540,11.686076,1,-1,-1,-1,1.104515,0.365662,2.233887,0.072276
55,4035,-78.533734,16.197904,8.216696,19.633376,1,-1,-1,-1,0.224563,0.071835,1.343287,0.298441
55,4020,-90.269926,210.949639,7.688818,15.280980,1,-1,-1,-1,0.171808,0.166858,1.252398,0.623622
55,4016,-92.422621,38.362526,8.416184,17.074791,1,-1,-1,-1,0.392916,0.098460,1.393764,0.439647
55,4015,-77.554928,70.702674,8.320437,18.831878,1,-1,-1,-1,0.079747,0.056674,0.879102,0.242129
55,4014,124.118883,130.929008,15.262202,7.862208,1,-1,-1,-1,0.015386,0.008405,0.316210,0.108128
55,4013,-90.053006,185.999126,7.790851,18.901742,1,-1,-1,-1,0.003575,0.003170,0.163528,0.023444
55,4012,-149.012122,115.189909,18.530156,7.900062,1,-1,-1,-1,0.003540,0.004107,0.198013,0.035617
55,4011,-91.380603,66.048620,7.518778,16.868718,1,-1,-1,-1,0.003048,0.002729,0.213651,0.048443
56,4060,-73.301255,40.916376,7.409076,15.127660,1,-1,-1,-1,0.195755,0.054215,1.847164,0.498303
56,4056,-74.506226,-15.320017,7.881666,17.439764,1,-1,-1,-1,0.395759,0.115867,2.247501,0.779321
56,4040,-134.994629,165.271368,25.553940,11.566968,1,-1,-1,-1,1.074626,0.334430,2.209683,0.106983
56,4020,-86.072015,210.867066,7.813718,15.237829,1,-1,-1,-1,0.153373,0.161474,1.234040,0.653674
56,4016,-88.043546,38.319777,8.358070,17.318938,1,-1,-1,-1,0.400825,0.100551,1.487163,0.444982
56,4015,-73.345460,70.530593,8.315278,18.623894,1,-1,-1,-1,0.085892,0.065311,0.951493,0.275163
56,4014,124.120180,130.941002,15.249725,7.877722,1,-1,-1,-1,0.012139,0.007100,0.295114,0.098019
56,4013,-85.822652,185.999895,7.790076,18.900176,1,-1,-1,-1,0.003721,0.003266,0.167712,0.024141
56,4012,-144.781984,115.180008,18.530052,7.900022,1,-1,-1,-1,0.003505,0.004066,0.194662,0.035616
56,4011,-87.160654,65.909473,7.519087,16.887107,1,-1,-1,-1,0.002900,0.002675,0.210331,0.047531
57,4060,-69.103221,42.926958,8.054666,17.175097,1,-1,-1,-1,0.302550,0.242754,2.714265,0.632379
57,4056,-70.128362,-14.126665,7.896107,17.777873,1,-1,-1,-1,0.263057,0.088664,1.970517,0.435688
57,4040,-131.002042,165.417257,25.520704,11.792673,1,-1,-1,-1,0.997047,0.300136,1.991306,0.075712
57,4020,-81.867250,210.188305,7.744739,15.076228,1,-1,-1,-1,0.320857,0.331012,1.525862,0.899832
57,4016,-83.655320,38.377654,8.143993,16.864348,1,-1,-1,-1,0.234415,0.060109,1.158318,0.342755
57,4015,-69.093648,70.781986,8.272918,18.852907,1,-1,-1,-1,0.090844,0.064728,0.949058,0.274590
57,4014,124.139937,130.940117,15.249823,7.879768,1,-1,-1,-1,0.007927,0.004675,0.236866,0.072222
57,4013,-81.602135,185.990773,7.799129,18.898483,1,-1,-1,-1,0.004070,0.003433,0.172164,0.025102
57,4012,-140.571779,115.179973,18.530036,7.900015,1,-1,-1,-1,0.003611,0.004148,0.196204,0.035961
57,4011,-82.940210,65.779361,7.528055,16.896230,1,-1,-1,-1,0.003368,0.003755,0.239640,0.053789
58,4060,-64.954855,42.339922,8.461059,18.228159,1,-1,-1,-1,0.332576,0.274381,3.255413,0.706663
58,4056,-65.779939,-15.017952,7.909606,17.113633,1,-1,-1,-1,0.434492,0.124101,2.256713,0.767433
58,4054,-81.171359,7.583772,10.839036,13.733717,1,-1,-1,-1,0.092152,0.051385,3.226788,0.697053
58,4040,-126.429858,165.287406,25.564390,11.576665,1,-1,-1,-1,0.854143,0.243410,1.975004,0.237157
58,4020,-77.354290,210.955317,7.552787,15.287668,1,-1,-1,-1,0.154166,0.151430,1.263557,0.638102
58,4016,-79.664616,38.243849,8.262144,16.337061,1,-1,-1,-1,0.290563,0.230181,1.538716,0.815239
58,4015,-65.007073,70.125324,8.257137,18.148143,1,-1,-1,-1,0.120622,0.088965,1.206384,0.422190
58,4014,124.128267,130.939550,15.223745,7.880904,1,-1,-1,-1,0.006122,0.004448,0.227289,0.070774
58,4013,-77.371839,186.000888,7.799392,18.918073,1,-1,-1,-1,0.003721,0.003266,0.166434,0.023907
58,4012,-136.331724,115.189938,18.530033,7.900014,1,-1,-1,-1,0.003647,0.004148,0.199553,0.036310
58,4011,-78.701040,65.667602,7.529782,16.890068,1,-1,-1,-1,0.003470,0.003830,0.246650,0.055358
59,4060,-60.795467,39.836754,7.959336,15.868073,1,-1,-1,-1,0.230993,0.108544,2.220155,0.678962
59,4040,-122.468333,165.255441,25.653795,11.566296,1,-1,-1,-1,0.974184,0.309754,1.867298,0.060788
59,4035,-61.570780,16.093173,8.293542,19.536803,1,-1,-1,-1,0.179527,0.066017,1.342769,0.372692
59,4020,-72.989438,210.387570,7.528272,15.017029,1,-1,-1,-1,0.146458,0.103783,1.032739,0.520727
59,4016,-75.241065,38.472518,8.184121,16.973903,1,-1,-1,-1,0.343051,0.089937,1.468618,0.434496
59,4015,-60.744139,70.343168,8.215631,17.911458,1,-1,-1,-1,0.098061,0.074654,1.173831,0.359949
59,4014,124.122701,130.940184,15.274308,7.869675,1,-1,-1,-1,0.007468,0.004537,0.230695,0.070110
59,4013,-73.102322,185.999432,7.790693,18.921116,1,-1,-1,-1,0.003575,0.003201,0.163470,0.023444
59,4012,-132.061596,115.189981,18.530032,7.900014,1,-1,-1,-1,0.003505,0.004066,0.196313,0.035274
59,4011,-74.431448,65.597735,7.520703,16.899951,1,-1,-1,-1,0.003402,0.003792,0.242949,0.053809
60,4060,-56.516245,41.722264,8.397112,17.755172,1,-1,-1,-1,0.240846,0.169280,2.143377,0.517598
60,4040,-118.448397,165.226796,25.607045,11.658990,1,-1,-1,-1,1.070776,0.354813,1.867607,0.036693
60,4035,-57.319211,15.941872,8.281935,19.675193,1,-1,-1,-1,0.227690,0.080336,1.368222,0.330933
60,4020,-68.949643,210.840977,7.697471,15.035345,1,-1,-1,-1,0.199859,0.203470,1.282086,0.711326
60,4016,-70.866982,38.409263,8.271643,16.965052,1,-1,-1,-1,0.317916,0.087494,1.382172,0.408541
60,4015,-56.332153,70.697701,8.312706,18.675784,1,-1,-1,-1,0.090087,0.063547,0.969472,0.256843
60,4014,124.092620,130.940576,15.304994,7.868848,1,-1,-1,-1,0.008581,0.005648,0.260426,0.084405
60,4013,-68.831691,186.000238,7.799478,18.909537,1,-1,-1,-1,0.003834,0.003299,0.167679,0.024378
60,4012,-127.791446,115.180019,18.530031,7.900013,1,-1,-1,-1,0.003505,0.004066,0.196217,0.035961
60,4011,-70.170716,65.528782,7.519924,16.899759,1,-1,-1,-1,0.002625,0.002470,0.202479,0.044891
61,4060,-52.372401,38.483649,8.268075,14.809425,1,-1,-1,-1,0.250616,0.125506,1.961442,0.706863
61,4040,-114.098910,165.284960,25.708460,11.617154,1,-1,-1,-1,1.001917,0.313334,1.770730,0.038104
61,4035,-53.030996,16.069835,8.276011,19.714736,1,-1,-1,-1,0.219950,0.078192,1.357129,0.323526
61,4020,-64.768169,210.678268,7.618271,15.014196,1,-1,-1,-1,0.176999,0.121737,1.164776,0.591896
61,4016,-66.692214,38.383267,8.155244,16.874347,1,-1,-1,-1,0.287702,0.074647,1.238754,0.369875
61,4015,-52.224888,70.074634,8.384154,17.949197,1,-1,-1,-1,0.111184,0.081073,1.159012,0.382012
61,4014,124.114818,130.927269,15.270259,7.845737,1,-1,-1,-1,0.009666,0.006116,0.268019,0.088471
61,4013,-64.551561,186.000456,7.799693,18.919041,1,-1,-1,-1,0.003684,0.003233,0.164896,0.023907
61,4012,-123.511354,115.189943,18.530031,7.900013,1,-1,-1,-1,0.003540,0.004107,0.197857,0.035616
61,4011,-65.923471,65.302272,7.564920,16.633652,1,-1,-1,-1,0.003758,0.003947,0.265321,0.062555
62,4060,-47.912554,42.813015,8.432349,17.303440,1,-1,-1,-1,0.226321,0.171896,2.046687,0.560835
62,4056,-48.507324,-15.064440,7.627999,17.154608,1,-1,-1,-1,0.449106,0.121249,2.750707,0.876483
62,4040,-109.832717,165.285034,25.602242,11.763229,1,-1,-1,-1,1.060515,0.346980,1.837552,0.044435
62,4035,-48.748961,15.943954,8.222228,19.801372,1,-1,-1,-1,0.240760,0.083455,1.383177,0.265982
62,4020,-60.424052,210.759827,7.559170,15.092703,1,-1,-1,-1,0.218336,0.225376,1.331623,0.722571
62,4016,-62.409010,38.406022,8.218697,16.995834,1,-1,-1,-1,0.324862,0.084213,1.302322,0.391839
62,4015,-47.810898,70.482567,8.280851,18.116167,1,-1,-1,-1,0.102599,0.078194,1.143163,0.346826
62,4014,124.141693,130.932085,15.266325,7.885626,1,-1,-1,-1,0.006307,0.004148,0.184968,0.060383
62,4013,-60.241688,186.010039,7.799939,18.919848,1,-1,-1,-1,0.003834,0.003332,0.169140,0.024141
62,4012,-119.211316,115.199947,18.530030,7.900013,1,-1,-1,-1,0.003611,0.004148,0.197892,0.036310
62,4011,-61.589454,65.448972,7.517442,16.878195,1,-1,-1,-1,0.002625,0.002495,0.204757,0.045775
63,4060,-43.675226,42.960783,8.632273,18.343694,1,-1,-1,-1,0.250950,0.203393,2.134137,0.547658
63,4056,-44.254048,-15.103921,7.644912,17.208154,1,-1,-1,-1,0.494293,0.138406,2.625905,0.840377
63,4040,-105.133054,165.249984,25.562767,11.681451,1,-1,-1,-1,1.057548,0.312922,2.078470,0.266067
63,4035,-44.438164,16.105648,8.234150,19.924014,1,-1,-1,-1,0.218490,0.073932,1.329106,0.237471
63,4020,-55.770757,211.137302,7.552516,15.276363,1,-1,-1,-1,0.100571,0.084205,0.963811,0.435447
63,4016,-58.097242,38.388970,8.322957,17.125824,1,-1,-1,-1,0.353306,0.094174,1.392422,0.419512
63,4015,-43.453201,70.876959,8.326033,18.719949,1,-1,-1,-1,0.107325,0.075307,1.066932,0.302810
63,4014,124.140342,130.940205,15.269335,7.889516,1,-1,-1,-1,0.006433,0.004148,0.184660,0.060294
63,4013,-55.922168,186.018489,7.791283,18.903015,1,-1,-1,-1,0.003721,0.003233,0.167775,0.023674
63,4012,-114.901225,115.219914,18.530030,7.900013,1,-1,-1,-1,0.003611,0.004190,0.197884,0.036663
63,4011,-57.280191,65.420388,7.518958,16.896935,1,-1,-1,-1,0.002814,0.002596,0.208246,0.047074
64,4064,-54.285208,10.766395,8.527915,17.456282,1,-1,-1,-1,0.280588,0.163598,4.283998,0.693223
64,4060,-39.325463,41.810777,8.675720,18.530178,1,-1,-1,-1,0.286552,0.237392,2.471315,0.705632
64,4056,-39.571764,-15.097483,7.774429,16.884615,1,-1,-1,-1,0.364196,0.099993,2.188896,0.819399
64,4040,-101.081653,165.439721,25.629641,11.783903,1,-1,-1,-1,0.924737,0.284984,1.791941,0.039876
64,4035,-40.083014,16.389203,8.272881,19.964135,1,-1,-1,-1,0.158259,0.061764,1.160060,0.216121
64,4020,-51.690068,210.239122,7.449662,14.950346,1,-1,-1,-1,0.143049,0.118297,0.991088,0.544827
64,4016,-53.743588,38.269898,8.353910,17.316806,1,-1,-1,-1,0.368976,0.096888,1.477500,0.424963
64,4015,-39.142610,70.638646,8.311274,18.632712,1,-1,-1,-1,0.091832,0.068539,1.021330,0.284649
64,4014,124.108973,130.918151,15.282491,7.864083,1,-1,-1,-1,0.009108,0.005936,0.260289,0.085123
64,4013,-51.611327,186.020136,7.799542,18.889752,1,-1,-1,-1,0.004193,0.003502,0.176577,0.025847
64,4012,-110.582394,115.229345,18.522521,7.891277,1,-1,-1,-1,0.003684,0.004190,0.199539,0.036663
64,4011,-52.970341,65.399879,7.519380,16.908129,1,-1,-1,-1,0.002843,0.002622,0.208339,0.046629
65,4064,-50.028522,10.340331,8.567077,16.758859,1,-1,-1,-1,0.333302,0.270467,4.339638,0.949135
65,4056,-35.318246,-14.432968,7.749455,17.096149,1,-1,-1,-1,0.258486,0.080545,1.950019,0.696122
65,4040,-96.493436,165.237255,25.838938,11.560799,1,-1,-1,-1,0.996550,0.314544,1.922156,0.093978
65,4035,-35.816582,16.563279,8.315896,19.960549,1,-1,-1,-1,0.221359,0.073832,1.251851,0.269645
65,4020,-47.151140,211.691999,7.483538,15.328922,1,-1,-1,-1,0.158359,0.112391,1.115097,0.535133
65,4016,-49.418279,38.278068,8.411982,17.192917,1,-1,-1,-1,0.292276,0.079751,1.345272,0.387697
65,4015,-34.845405,70.665199,8.293313,18.911744,1,-1,-1,-1,0.093438,0.066601,0.963499,0.270729
65,4014,124.120095,130.929698,15.289479,7.860448,1,-1,-1,-1,0.011784,0.007171,0.292040,0.097836
65,4013,-47.271300,186.030444,7.799683,18.899008,1,-1,-1,-1,0.004070,0.003467,0.172294,0.025103
65,4012,-106.250061,115.240486,18.527937,7.898925,1,-1,-1,-1,0.003684,0.004190,0.199576,0.036663
65,4011,-48.649532,65.370059,7.537576,16.897333,1,-1,-1,-1,0.003301,0.003681,0.239448,0.053279
66,4064,-46.447998,7.845182,10.076116,13.328260,1,-1,-1,-1,0.211192,0.079974,4.247458,0.760140
66,4056,-30.941973,-14.819453,7.633236,17.149243,1,-1,-1,-1,0.376117,0.095052,2.059475,0.637042
66,4040,-91.936821,165.219396,25.637484,11.571646,1,-1,-1,-1,1.150432,0.360517,2.217153,0.267148
66,4035,-31.384918,17.034598,8.133164,20.875261,1,-1,-1,-1,0.210684,0.082656,1.140061,0.077102
66,4020,-42.998996,211.755657,7.505005,15.444044,1,-1,-1,-1,0.219536,0.124088,1.285710,0.638848
66,4016,-44.968710,38.162090,8.290019,16.930909,1,-1,-1,-1,0.302973,0.078188,1.257820,0.393284
66,4015,-30.544314,70.535726,8.315064,18.629963,1,-1,-1,-1,0.074036,0.058879,0.920163,0.261696
66,4014,124.110629,130.920661,15.288911,7.868717,1,-1,-1,-1,0.009018,0.005819,0.262954,0.085357
66,4013,-42.941272,186.030093,7.799926,18.899814,1,-1,-1,-1,0.004152,0.003502,0.176666,0.025349
66,4012,-101.911301,115.239951,18.520643,7.900117,1,-1,-1,-1,0.003647,0.004190,0.199569,0.036663
66,4011,-44.311434,65.347827,7.521849,16.892784,1,-1,-1,-1,0.002497,0.002421,0.200636,0.044890
67,4056,-26.648716,-14.806453,7.691891,16.986655,1,-1,-1,-1,0.452632,0.130767,2.282612,0.821441
67,4040,-87.150442,165.300822,25.474528,11.556179,1,-1,-1,-1,0.849987,0.243239,2.022117,0.231776
67,4035,-27.091527,17.197705,8.220094,21.105869,1,-1,-1,-1,0.201639,0.091592,1.072054,0.043242
67,4020,-38.619361,211.704942,7.588790,15.534703,1,-1,-1,-1,0.195086,0.123112,1.322222,0.640455
67,4016,-40.639219,38.220525,8.134433,16.797886,1,-1,-1,-1,0.220227,0.056174,1.099199,0.334653
67,4015,-26.091688,70.782150,8.357630,18.908341,1,-1,-1,-1,0.067308,0.054541,0.842458,0.237320
67,4014,124.150834,130.905195,15.228121,7.830021,1,-1,-1,-1,0.011439,0.006823,0.276631,0.094335
67,4013,-38.581005,186.040398,7.799732,18.909117,1,-1,-1,-1,0.003647,0.003201,0.166465,0.023907
67,4012,-97.560476,115.240125,18.529123,7.899767,1,-1,-1,-1,0.003505,0.004066,0.194600,0.035617
67,4011,-39.950752,65.328637,7.520405,16.881284,1,-1,-1,-1,0.002599,0.002470,0.202954,0.045307
68,4060,-22.150511,41.407726,8.748162,19.136986,1,-1,-1,-1,0.214573,0.204421,2.182833,0.582769
68,4056,-22.510275,-14.248066,7.648168,17.967649,1,-1,-1,-1,0.274643,0.082211,1.842146,0.321654
68,4040,-82.931056,165.305436,25.597601,11.491434,1,-1,-1,-1,0.910037,0.286262,2.018982,0.161884
68,4035,-22.727748,16.736541,8.313823,20.855409,1,-1,-1,-1,0.166546,0.066686,1.043976,0.117693
68,4020,-34.218285,210.750405,7.600035,15.342665,1,-1,-1,-1,0.247791,0.189182,1.426942,0.740529
68,4016,-36.211710,38.443227,8.264573,17.059995,1,-1,-1,-1,0.274159,0.078797,1.274134,0.386154
68,4015,-21.762141,70.686461,8.385095,18.911216,1,-1,-1,-1,0.074614,0.059404,0.869359,0.248132
68,4014,124.144222,130.932405,15.271391,7.864824,1,-1,-1,-1,0.006370,0.004107,0.186699,0.060974
68,4013,-34.220894,186.040467,7.799705,18.919046,1,-1,-1,-1,0.003684,0.003233,0.164830,0.023907
68,4012,-93.200818,115.240027,18.529899,7.899962,1,-1,-1,-1,0.003611,0.004148,0.199415,0.035961
68,4011,-35.599534,65.331567,7.528078,16.905369,1,-1,-1,-1,0.002651,0.002495,0.203012,0.045743
69,4060,-17.756284,39.514426,8.152795,16.833929,1,-1,-1,-1,0.219937,0.100482,1.799038,0.662305
69,4056,-17.987268,-14.870311,7.750890,17.671793,1,-1,-1,-1,0.485444,0.136507,2.199738,0.690920
69,4040,-78.336054,165.286554,25.379930,11.524970,1,-1,-1,-1,0.907334,0.279251,2.088140,0.298960
69,4035,-18.462304,16.588468,8.416949,20.538144,1,-1,-1,-1,0.217991,0.074550,1.158320,0.220878
69,4020,-29.923290,211.093273,7.602901,15.322205,1,-1,-1,-1,0.305379,0.299398,1.617612,0.881506
69,4016,-31.996949,38.466540,8.433001,17.215258,1,-1,-1,-1,0.287997,0.078183,1.329331,0.393160
69,4015,-17.346717,70.746055,8.441069,19.008082,1,-1,-1,-1,0.094179,0.065941,0.946768,0.273315
69,4014,124.130188,130.920238,15.269759,7.869582,1,-1,-1,-1,0.004452,0.003299,0.163799,0.052811
69,4013,-29.850909,186.040076,7.799944,18.919858,1,-1,-1,-1,0.003540,0.003170,0.164792,0.023444
69,4012,-88.831552,115.229569,18.531498,7.890985,1,-1,-1,-1,0.003540,0.004066,0.197876,0.035962
69,4011,-31.230418,65.319351,7.529829,16.900040,1,-1,-1,-1,0.002759,0.002571,0.206417,0.045744
70,4060,-13.322784,39.172405,8.053396,14.663588,1,-1,-1,-1,0.245153,0.113325,1.565062,0.667831
70,4056,-13.557675,-14.563900,7.636844,17.773189,1,-1,-1,-1,0.497112,0.130122,2.290157,0.551643
70,4040,-74.418853,165.337581,25.451802,11.661976,1,-1,-1,-1,1.008797,0.324151,1.944958,0.059780
70,4035,-13.986626,16.923510,8.232529,20.834387,1,-1,-1,-1,0.212374,0.078161,1.148007,0.100659
70,4020,-25.376242,211.151223,7.486283,15.327092,1,-1,-1,-1,0.114042,0.097286,1.077603,0.497901
70,4016,-27.658548,38.536761,8.623465,17.461799,1,-1,-1,-1,0.409598,0.111987,1.536008,0.461789
70,4015,-13.006609,70.654179,8.431781,18.901849,1,-1,-1,-1,0.080551,0.063518,0.940860,0.272357
70,4014,124.131048,130.930221,15.287783,7.869471,1,-1,-1,-1,0.007035,0.004404,0.192004,0.064373
70,4013,-25.491245,186.029216,7.800496,18.901707,1,-1,-1,-1,0.004321,0.003572,0.177979,0.025847
70,4012,-84.470098,115.240366,18.528807,7.899159,1,-1,-1,-1,0.003540,0.004107,0.196175,0.035616
70,4011,-26.860225,65.310084,7.529607,16.908706,1,-1,-1,-1,0.002547,0.002445,0.199725,0.044877
71,4060,-8.827675,42.621439,8.174976,16.395638,1,-1,-1,-1,0.282475,0.229052,1.950232,0.668721
71,4056,-9.327642,-14.701396,7.642349,17.762205,1,-1,-1,-1,0.338761,0.091069,2.035995,0.448730
71,4040,-69.831379,165.252908,25.536954,11.617080,1,-1,-1,-1,0.845249,0.238094,1.866005,0.151881
71,4035,-9.646222,17.189753,8.214329,21.097843,1,-1,-1,-1,0.191593,0.081154,1.100167,0.071561
71,4020,-20.957511,210.498837,7.605102,15.122233,1,-1,-1,-1,0.156433,0.111166,1.060189,0.505681
71,4016,-23.151874,38.329686,8.553099,17.333225,1,-1,-1,-1,0.303693,0.079084,1.380006,0.399016
71,4015,-8.795064,70.419191,8.392072,18.634509,1,-1,-1,-1,0.078990,0.062318,0.934418,0.268057
71,4014,124.138081,130.919581,15.253966,7.870912,1,-1,-1,-1,0.006307,0.004107,0.183213,0.060307
71,4013,-21.110647,186.040668,7.799590,18.918545,1,-1,-1,-1,0.003758,0.003266,0.166470,0.024142
71,4012,-80.090601,115.230098,18.529775,7.899892,1,-1,-1,-1,0.003647,0.004190,0.197774,0.036662
71,4011,-22.480213,65.310186,7.529542,16.918511,1,-1,-1,-1,0.002787,0.002571,0.204596,0.046181
72,4060,-4.499430,42.845022,8.438153,17.047904,1,-1,-1,-1,0.295762,0.210942,2.211080,0.750362
72,4040,-65.355704,165.189197,25.478679,11.440697,1,-1,-1,-1,0.893711,0.263957,1.972265,0.302736
72,4035,-5.239484,16.910852,8.194851,21.054944,1,-1,-1,-1,0.209817,0.073921,1.141774,0.042411
72,4020,-16.569725,210.995619,7.602708,15.283342,1,-1,-1,-1,0.190209,0.188854,1.279348,0.655808
72,4016,-18.879895,38.363204,8.471966,17.397136,1,-1,-1,-1,0.243655,0.067910,1.296734,0.358447
72,4015,-4.257684,70.759883,8.345573,19.074961,1,-1,-1,-1,0.102327,0.071785,0.957555,0.274259
72,4014,124.147979,130.918765,15.234044,7.852526,1,-1,-1,-1,0.004679,0.003399,0.165139,0.054853
72,4013,-16.720728,186.040103,7.799923,18.919803,1,-1,-1,-1,0.003575,0.003170,0.163396,0.023444
72,4012,-75.700657,115.239969,18.529983,7.899992,1,-1,-1,-1,0.003575,0.004107,0.196159,0.035962
72,4011,-18.099643,65.310955,7.538461,16.927079,1,-1,-1,-1,0.002787,0.002571,0.208164,0.046627
73,4064,-15.041006,10.589000,8.776429,17.963659,1,-1,-1,-1,0.300113,0.186662,2.979835,0.893578
73,4060,-0.174739,43.186495,8.681339,18.138916,1,-1,-1,-1,0.214652,0.183461,2.088843,0.608350
73,4040,-60.885709,165.292366,25.453758,11.529483,1,-1,-1,-1,0.935779,0.291912,1.969286,0.104018
73,4035,-0.801222,16.773967,8.209475,20.979912,1,-1,-1,-1,0.186651,0.059463,1.136633,0.041161
73,4020,-12.389560,210.826583,7.591382,15.162987,1,-1,-1,-1,0.128501,0.129551,1.068352,0.566335
73,4016,-14.438021,38.570786,8.608767,17.409249,1,-1,-1,-1,0.312337,0.081856,1.364786,0.407814
73,4015,0.157332,70.496521,8.349946,18.855309,1,-1,-1,-1,0.083659,0.066613,0.972995,0.294429
73,4014,124.143959,130.932100,15.271862,7.875563,1,-1,-1,-1,0.008247,0.004914,0.200206,0.066841
73,4013,-12.330733,186.040028,7.799980,18.919952,1,-1,-1,-1,0.003834,0.003299,0.167602,0.024141
73,4012,-71.301380,115.229568,18.531504,7.890984,1,-1,-1,-1,0.003540,0.004066,0.196109,0.035616
73,4011,-13.700318,65.299787,7.539622,16.929178,1,-1,-1,-1,0.003436,0.003792,0.241289,0.053787
74,4064,-11.079201,10.315782,9.195680,17.540939,1,-1,-1,-1,0.295539,0.174133,3.096263,0.956994
74,4060,4.282580,42.428670,8.605274,18.600596,1,-1,-1,-1,0.229051,0.176610,2.018296,0.568003
74,4040,-56.803745,165.314796,25.594395,11.537735,1,-1,-1,-1,0.854201,0.257611,1.759759,0.097098
74,4035,3.485805,16.806239,8.427188,20.376946,1,-1,-1,-1,0.153612,0.065321,1.118261,0.240945
74,4020,-7.829603,212.020767,7.547767,15.486999,1,-1,-1,-1,0.209600,0.123173,1.271858,0.636617
74,4016,-10.056137,38.538070,8.581000,17.619041,1,-1,-1,-1,0.258551,0.073924,1.387858,0.383619
74,4015,4.534110,70.561656,8.369677,18.535076,1,-1,-1,-1,0.066712,0.052016,0.871364,0.236515
74,4014,124.167815,130.919320,15.244240,7.871501,1,-1,-1,-1,0.008497,0.005012,0.199528,0.067518
74,4013,-7.930996,186.029230,7.800490,18.901673,1,-1,-1,-1,0.004070,0.003467,0.173529,0.024859
74,4012,-66.909478,115.240508,18.537794,7.898869,1,-1,-1,-1,0.003721,0.004232,0.199415,0.036662
74,4011,-9.300379,65.299574,7.539840,16.929642,1,-1,-1,-1,0.003436,0.003830,0.244531,0.054318
75,4064,-6.282192,10.575383,8.632944,18.120053,1,-1,-1,-1,0.164141,0.079468,2.015328,0.514329
75,4060,8.601962,43.152932,8.850569,19.070973,1,-1,-1,-1,0.281439,0.214661,2.047050,0.633114
75,4056,24.958567,-14.254800,7.901604,18.534282,1,-1,-1,-1,0.439476,0.138939,2.051287,0.311887
75,4040,-52.575215,165.234104,25.700219,11.448262,1,-1,-1,-1,0.926847,0.296238,1.713219,0.053914
75,4035,7.968534,17.005227,8.213102,20.849168,1,-1,-1,-1,0.345572,0.107865,1.338907,0.125371
75,4020,-3.470488,215.657960,7.970666,16.703041,1,-1,-1,-1,0.322413,0.088514,1.350095,0.355321
75,4016,-5.603935,38.339666,8.611849,17.416259,1,-1,-1,-1,0.282672,0.075287,1.328905,0.390148
75,4015,8.975750,70.496514,8.303539,18.328269,1,-1,-1,-1,0.098544,0.074480,1.056354,0.331998
75,4014,124.106334,130.952833,15.288029,7.893842,1,-1,-1,-1,0.009198,0.005996,0.264984,0.085169
75,4013,-3.530733,186.029911,7.800067,18.900173,1,-1,-1,-1,0.004193,0.003537,0.173654,0.025103
75,4012,-62.500817,115.229985,18.530612,7.900111,1,-1,-1,-1,0.003402,0.003986,0.194543,0.034935
75,4011,-4.900173,65.300244,7.539631,16.938715,1,-1,-1,-1,0.002958,0.002702,0.211050,0.047999
76,4064,-1.774011,10.314498,8.348178,17.949985,1,-1,-1,-1,0.163303,0.082007,1.769114,0.517712
76,4060,12.992190,42.394573,8.855575,19.323694,1,-1,-1,-1,0.200018,0.160943,1.855985,0.492281
76,4056,17.598096,-16.381012,7.832532,17.744132,1,-1,-1,-1,0.448331,0.115711,2.055453,0.717603
76,4040,-47.851488,165.436489,25.363907,11.573006,1,-1,-1,-1,0.857873,0.249392,1.877933,0.306264
76,4035,12.332129,16.969109,8.206484,20.939035,1,-1,-1,-1,0.201357,0.066744,1.193391,0.073703
76,4020,0.686933,211.346549,7.755548,15.856782,1,-1,-1,-1,0.192325,0.191411,1.245214,0.615487
76,4016,-1.361155,38.572373,8.780173,17.557085,1,-1,-1,-1,0.329631,0.089864,1.427343,0.419358
76,4015,13.361038,70.637824,8.308685,18.470252,1,-1,-1,-1,0.071999,0.057245,0.928118,0.262087
76,4014,124.109129,130.938047,15.311402,7.864285,1,-1,-1,-1,0.011668,0.006301,0.274444,0.086069
76,4013,0.859590,186.040372,7.799752,18.909163,1,-1,-1,-1,0.003758,0.003266,0.167799,0.024142
76,4012,-58.110469,115.229983,18.530097,7.900036,1,-1,-1,-1,0.003436,0.004026,0.194409,0.035615
76,4011,-0.510478,65.288831,7.540408,16.921775,1,-1,-1,-1,0.002731,0.002545,0.206601,0.046187
77,4064,2.697461,10.775898,8.385260,18.408700,1,-1,-1,-1,0.182747,0.101447,1.712335,0.507919
77,4060,17.324657,40.582725,8.960866,18.758573,1,-1,-1,-1,0.258367,0.208807,2.077619,0.656928
77,4056,18.305400,-15.072955,7.720262,17.556036,1,-1,-1,-1,0.295511,0.084451,1.892976,0.506807
77,4040,-43.182358,165.362040,24.908451,11.640116,1,-1,-1,-1,0.906859,0.253878,2.064079,0.559999
77,4035,16.766517,17.137715,8.187296,21.118278,1,-1,-1,-1,0.189686,0.075960,1.086912,0.064449
77,4020,5.290884,212.069354,7.820848,16.057652,1,-1,-1,-1,0.181486,0.113060,1.379345,0.656244
77,4016,3.168218,38.303716,8.563241,17.504550,1,-1,-1,-1,0.281313,0.072583,1.334255,0.378890
77,4015,17.717060,70.720341,8.281585,18.802081,1,-1,-1,-1,0.084265,0.059979,0.901390,0.257207
77,4014,124.147931,130.961611,15.244057,7.906366,1,-1,-1,-1,0.008667,0.005164,0.243769,0.074912
77,4013,5.269843,186.030829,7.809098,18.908409,1,-1,-1,-1,0.004030,0.003467,0.172043,0.025348
77,4012,-53.711228,115.229510,18.531557,7.891020,1,-1,-1,-1,0.003758,0.004274,0.201023,0.037017
77,4011,3.899803,65.280151,7.539703,16.928877,1,-1,-1,-1,0.003172,0.003608,0.235428,0.052275
78,4064,7.138401,10.150388,8.302034,18.365015,1,-1,-1,-1,0.290748,0.184128,2.155051,0.761233
78,4060,21.812738,41.358252,8.774840,18.891941,1,-1,-1,-1,0.204651,0.159416,1.835278,0.533406
78,4056,21.578061,-14.132143,8.045576,17.563303,1,-1,-1,-1,0.504221,0.142682,2.167493,0.678325
78,4040,-38.563957,165.424274,24.865360,11.616578,1,-1,-1,-1,0.777697,0.213219,1.980320,0.449426
78,4035,21.171102,16.692079,8.237275,20.851783,1,-1,-1,-1,0.166324,0.064766,1.049653,0.094174
78,4020,9.518246,211.096390,7.739588,15.586857,1,-1,-1,-1,0.179692,0.167558,1.252902,0.647033
78,4016,7.553316,38.286874,8.473117,17.290343,1,-1,-1,-1,0.236917,0.062348,1.210580,0.346629
78,4015,22.223472,70.853960,8.412891,19.062445,1,-1,-1,-1,0.055174,0.045470,0.744048,0.199362
78,4014,124.119077,130.926754,15.282030,7.857216,1,-1,-1,-1,0.009860,0.006239,0.271279,0.089222
78,4013,9.659376,186.039793,7.800456,18.920327,1,-1,-1,-1,0.003611,0.003170,0.164895,0.023675
78,4012,-49.309802,115.240365,18.528813,7.899156,1,-1,-1,-1,0.003647,0.004148,0.197863,0.036312
78,4011,8.289341,65.289187,7.530904,16.931034,1,-1,-1,-1,0.002731,0.002545,0.205557,0.045756
79,4060,26.230434,40.947910,8.782103,18.974875,1,-1,-1,-1,0.277880,0.217644,1.998489,0.608951
79,4056,25.741982,-14.152588,7.938151,18.091964,1,-1,-1,-1,0.350023,0.107597,1.970132,0.465441
79,4035,25.487445,16.771399,8.340078,20.615751,1,-1,-1,-1,0.205569,0.078111,1.150861,0.164773
79,4020,14.273573,210.486206,7.641230,15.367162,1,-1,-1,-1,0.192436,0.146555,1.240393,0.641701
79,4016,12.063418,38.387339,8.437747,17.404267,1,-1,-1,-1,0.266238,0.070448,1.283563,0.370812
79,4015,26.566544,70.653124,8.435519,19.137809,1,-1,-1,-1,0.091469,0.064048,0.886147,0.258528
79,4014,124.131702,130.942072,15.276455,7.895559,1,-1,-1,-1,0.007468,0.004583,0.196310,0.064504
79,4013,14.059345,186.039193,7.800513,18.901678,1,-1,-1,-1,0.003540,0.003170,0.163336,0.023216
79,4012,-44.909758,115.230225,18.538819,7.899629,1,-1,-1,-1,0.003402,0.003986,0.192851,0.034935
79,4011,12.689989,65.279399,7.539530,16.910791,1,-1,-1,-1,0.002843,0.002622,0.208146,0.046627
80,4060,30.550541,41.476769,8.665174,18.876360,1,-1,-1,-1,0.199894,0.144690,1.763340,0.500346
80,4056,29.875251,-14.739213,7.811964,18.138344,1,-1,-1,-1,0.284454,0.080556,1.787193,0.387774
80,4035,29.833297,17.045150,8.180055,21.113152,1,-1,-1,-1,0.226705,0.084233,1.142347,0.062350
80,4020,18.203867,210.357812,7.524213,15.081568,1,-1,-1,-1,0.128524,0.100923,1.007899,0.517539
80,4016,16.203830,38.456182,8.554230,17.455843,1,-1,-1,-1,0.263189,0.075270,1.324516,0.378074
80,4015,30.743000,70.575995,8.330787,18.771612,1,-1,-1,-1,0.057338,0.047259,0.797106,0.222190
80,4014,124.140273,130.940260,15.279327,7.899495,1,-1,-1,-1,0.007321,0.004537,0.192806,0.063813
80,4013,18.270468,186.040703,7.799585,18.918536,1,-1,-1,-1,0.003758,0.003233,0.166138,0.023906
80,4012,-40.709589,115.239991,18.539856,7.899943,1,-1,-1,-1,0.003684,0.004190,0.199290,0.036661
80,4011,16.890471,65.280365,7.539622,16.918800,1,-1,-1,-1,0.002651,0.002520,0.203079,0.045310
81,4071,249.442132,79.777490,8.208525,16.937063,1,-1,-1,-1,0.357513,0.249980,5.614636,1.072914
81,4060,34.306817,38.001480,8.683298,15.157722,1,-1,-1,-1,0.295648,0.138624,1.652201,0.744295
81,4056,34.025198,-14.772755,7.922341,17.981482,1,-1,-1,-1,0.539276,0.178665,2.194750,0.687755
81,4035,33.748910,17.131852,8.249456,20.955674,1,-1,-1,-1,0.263659,0.093310,1.222116,0.118985
81,4020,22.383769,211.619507,7.577264,15.300318,1,-1,-1,-1,0.295755,0.237682,1.471733,0.797787
81,4016,20.321533,38.282003,8.637423,17.272448,1,-1,-1,-1,0.381569,0.108949,1.447526,0.469360
81,4015,34.594191,70.326892,8.366037,18.322719,1,-1,-1,-1,0.085752,0.065895,0.958957,0.293785
81,4014,124.138623,130.938911,15.272819,7.882262,1,-1,-1,-1,0.005825,0.003947,0.178564,0.058621
81,4013,22.201249,186.040104,7.799921,18.919798,1,-1,-1,-1,0.003834,0.003299,0.169070,0.023907
81,4012,-36.778869,115.240002,18.540008,7.900004,1,-1,-1,-1,0.003470,0.004066,0.194508,0.035962
81,4011,20.820921,65.279434,7.540132,16.910735,1,-1,-1,-1,0.002900,0.002622,0.211539,0.047525
82,4064,23.257769,10.511069,8.538710,18.217065,1,-1,-1,-1,0.147769,0.077717,1.857203,0.484309
82,4060,38.255260,41.573422,8.433533,16.682376,1,-1,-1,-1,0.284462,0.192871,1.863788,0.615558
82,4056,37.677396,-14.482615,7.863125,18.278433,1,-1,-1,-1,0.340634,0.094811,1.917569,0.442918
82,4040,-22.676754,165.308243,25.569275,11.550832,1,-1,-1,-1,1.010202,0.310894,1.987775,0.049524
82,4035,37.459622,16.779435,8.341863,20.585556,1,-1,-1,-1,0.260948,0.080481,1.269474,0.200420
82,4020,26.062310,211.614362,7.589549,15.479945,1,-1,-1,-1,0.202008,0.182330,1.434272,0.722973
82,4016,23.981049,38.388536,8.600611,17.229897,1,-1,-1,-1,0.302463,0.078332,1.339396,0.396675
82,4015,38.495215,70.712422,8.356898,18.900708,1,-1,-1,-1,0.062442,0.050543,0.795074,0.221423
82,4014,124.138769,130.929245,15.262524,7.871623,1,-1,-1,-1,0.005941,0.003986,0.179762,0.060289
82,4013,25.891972,186.039617,7.800231,18.910805,1,-1,-1,-1,0.004152,0.003502,0.173527,0.025102
82,4012,-33.078705,115.229899,18.531013,7.900283,1,-1,-1,-1,0.003540,0.004107,0.196016,0.036310
82,4011,24.521081,65.279676,7.530741,16.920251,1,-1,-1,-1,0.002787,0.002571,0.206581,0.046187
83,4064,27.044577,10.634721,8.391389,18.520172,1,-1,-1,-1,0.198320,0.116148,1.805587,0.551720
83,4060,41.669804,42.885841,8.508707,18.089810,1,-1,-1,-1,0.178652,0.154972,1.726769,0.463779
83,4056,40.948260,-13.517545,8.149805,19.272590,1,-1,-1,-1,0.295763,0.114212,1.651280,0.253336
83,4035,41.004811,16.996719,8.207795,21.081477,1,-1,-1,-1,0.187761,0.078926,1.097454,0.069292
83,4020,29.471744,211.277636,7.665136,15.362908,1,-1,-1,-1,0.183278,0.164612,1.298100,0.628766
83,4016,27.467309,38.307108,8.495493,17.160216,1,-1,-1,-1,0.268980,0.071182,1.265084,0.380015
83,4015,41.826061,71.022330,8.222085,19.702138,1,-1,-1,-1,0.061778,0.035362,0.560703,0.078372
83,4014,124.129827,130.929876,15.260440,7.870244,1,-1,-1,-1,0.005067,0.003572,0.170805,0.055903
83,4013,29.312561,186.039965,7.800027,18.910072,1,-1,-1,-1,0.003684,0.003233,0.166333,0.023675
83,4012,-29.657595,115.229968,18.530161,7.900064,1,-1,-1,-1,0.003505,0.004107,0.196051,0.035962
83,4011,27.943525,65.292348,7.537816,16.944636,1,-1,-1,-1,0.003402,0.003792,0.239213,0.053277
84,4064,30.302942,10.719344,8.597427,18.286556,1,-1,-1,-1,0.521798,0.360018,2.627047,1.103405
84,4060,44.935945,42.429989,8.535712,18.535236,1,-1,-1,-1,0.237242,0.199973,1.887203,0.576566
84,4056,44.494189,-15.165159,8.103833,18.800838,1,-1,-1,-1,0.500948,0.157697,2.010831,0.584188
84,4035,44.171891,16.940340,8.243135,21.018028,1,-1,-1,-1,0.226089,0.078184,1.164016,0.030831
84,4020,32.628096,211.580087,7.556833,15.457689,1,-1,-1,-1,0.259598,0.158624,1.420077,0.730073
84,4016,30.592905,38.449970,8.489238,17.200992,1,-1,-1,-1,0.226815,0.061172,1.197037,0.338970
84,4015,45.079226,70.669869,8.415620,19.246600,1,-1,-1,-1,0.088197,0.062222,0.828473,0.248577
84,4014,124.130973,130.929831,15.287873,7.860371,1,-1,-1,-1,0.006370,0.004148,0.185759,0.060851
84,4013,32.463266,186.040010,7.799993,18.909983,1,-1,-1,-1,0.003721,0.003266,0.166185,0.023906
84,4012,-26.507413,115.229669,18.540530,7.890696,1,-1,-1,-1,0.003236,0.003869,0.187963,0.034266
84,4011,31.091901,65.267885,7.540902,16.904147,1,-1,-1,-1,0.002625,0.002470,0.203913,0.045322
85,4064,32.169516,9.464991,10.031945,16.525025,1,-1,-1,-1,0.135127,0.057314,2.363628,0.602158
85,4060,47.669846,42.865311,8.769750,19.045495,1,-1,-1,-1,0.195522,0.148351,1.761112,0.517816
85,4056,47.451090,-14.559608,8.061555,18.726595,1,-1,-1,-1,0.484357,0.141293,2.105747,0.457895
85,4035,46.972278,16.722299,8.405874,20.446757,1,-1,-1,-1,0.159787,0.064774,1.116817,0.198998
85,4020,35.509210,210.743838,7.552105,15.097369,1,-1,-1,-1,0.172043,0.111743,1.114684,0.563318
85,4016,33.660370,38.354700,8.574488,17.130461,1,-1,-1,-1,0.292478,0.081059,1.278163,0.397604
85,4015,47.789591,70.451011,8.217991,19.456574,1,-1,-1,-1,0.066728,0.036068,0.649745,0.140899
85,4014,124.130529,130.930922,15.279015,7.878064,1,-1,-1,-1,0.007321,0.004583,0.194132,0.063800
85,4013,35.354230,186.040727,7.809162,18.908548,1,-1,-1,-1,0.003721,0.003233,0.167613,0.024378
85,4012,-23.626032,115.240260,18.529654,7.899363,1,-1,-1,-1,0.003611,0.004190,0.197473,0.036660
85,4011,33.973091,65.280679,7.539582,16.918264,1,-1,-1,-1,0.002731,0.002571,0.206344,0.046626
86,4064,35.332931,10.529752,9.309868,17.457437,1,-1,-1,-1,0.351698,0.224632,2.640904,0.868480
86,4060,50.391114,40.910836,8.713003,18.893196,1,-1,-1,-1,0.173865,0.135000,1.621061,0.477981
86,4056,49.832966,-15.305182,7.864013,17.877514,1,-1,-1,-1,0.246828,0.082247,1.865234,0.635801
86,4040,-9.838431,165.251709,25.600860,11.535715,1,-1,-1,-1,1.091826,0.317969,2.139365,0.209622
86,4035,49.779869,16.978337,8.178881,21.157038,1,-1,-1,-1,0.207106,0.084153,1.049715,0.043002
86,4020,38.108720,211.079415,7.515334,15.245351,1,-1,-1,-1,0.120416,0.110300,1.008395,0.495845
86,4016,36.261238,38.304850,8.427461,17.086903,1,-1,-1,-1,0.212586,0.060052,1.165438,0.340021
86,4015,50.593095,70.670204,8.359975,19.212094,1,-1,-1,-1,0.057818,0.047204,0.718680,0.206130
86,4014,124.126856,130.916238,15.296206,7.827922,1,-1,-1,-1,0.009571,0.005537,0.254419,0.079821
86,4013,37.983916,186.039414,7.800710,18.911174,1,-1,-1,-1,0.003647,0.003201,0.166205,0.023674
86,4012,-20.985947,115.230072,18.529888,7.899935,1,-1,-1,-1,0.003436,0.004026,0.194438,0.035617
86,4011,36.603411,65.280587,7.539565,16.928555,1,-1,-1,-1,0.002704,0.002545,0.204699,0.045310
87,4060,52.673585,41.665275,8.703227,19.002050,1,-1,-1,-1,0.197271,0.148659,1.606007,0.486928
87,4056,52.708996,-15.036156,7.808053,17.495190,1,-1,-1,-1,0.361026,0.099501,1.925812,0.768027
87,4040,-7.353953,165.225973,25.675168,11.446750,1,-1,-1,-1,0.993680,0.289824,2.026684,0.128448
87,4035,52.223298,17.049418,8.181846,20.998776,1,-1,-1,-1,0.246265,0.085056,1.148728,0.091469
87,4020,40.325590,210.518596,7.517664,14.994282,1,-1,-1,-1,0.139605,0.113338,0.994113,0.535990
87,4016,38.628065,38.231915,8.309883,16.941693,1,-1,-1,-1,0.250530,0.065943,1.135576,0.346683
87,4015,52.924301,70.570520,8.405670,18.801390,1,-1,-1,-1,0.069827,0.055559,0.843939,0.252794
87,4014,124.078320,130.954889,15.343769,7.879578,1,-1,-1,-1,0.008929,0.005216,0.252948,0.076288
87,4013,40.355574,186.029519,7.800339,18.901063,1,-1,-1,-1,0.004452,0.003644,0.177936,0.026100
87,4012,-18.616589,115.229389,18.522484,7.891259,1,-1,-1,-1,0.003575,0.004148,0.197641,0.036310
87,4011,38.982814,65.267813,7.531760,16.904266,1,-1,-1,-1,0.002843,0.002596,0.208079,0.046626
88,4073,-80.623486,114.801920,16.363718,8.389665,1,-1,-1,-1,0.157452,0.124610,2.046341,0.651299
88,4060,54.646437,40.398301,8.588871,18.194026,1,-1,-1,-1,0.383853,0.392196,2.007047,0.902067
88,4056,54.785009,-14.506438,7.712621,17.733674,1,-1,-1,-1,0.237351,0.072625,1.679172,0.461775
88,4035,54.164390,16.831420,8.372822,20.454002,1,-1,-1,-1,0.192378,0.071884,1.172851,0.219834
88,4020,42.949056,211.612895,7.539694,15.260802,1,-1,-1,-1,0.310351,0.217777,1.446411,0.814345
88,4016,40.802380,38.557726,8.478631,17.217280,1,-1,-1,-1,0.252037,0.075956,1.288905,0.373509
88,4015,55.002144,70.666361,8.320351,18.844072,1,-1,-1,-1,0.069877,0.056650,0.849246,0.244785
88,4014,124.080863,130.950719,15.348182,7.888581,1,-1,-1,-1,0.007770,0.004722,0.238990,0.072126
88,4013,42.455621,186.040311,7.799799,18.909282,1,-1,-1,-1,0.003911,0.003332,0.167843,0.024379
88,4012,-16.524101,115.230507,18.527972,7.898945,1,-1,-1,-1,0.003436,0.004066,0.194434,0.035616
88,4011,41.074355,65.281317,7.538642,16.917072,1,-1,-1,-1,0.002573,0.002470,0.201350,0.045310
89,4073,-78.778855,114.414287,16.981412,8.174777,1,-1,-1,-1,0.147589,0.115138,1.961202,0.595925
89,4060,56.714296,40.387323,8.276846,17.429419,1,-1,-1,-1,0.312476,0.214819,1.926779,0.878461
89,4056,57.064796,-15.055477,7.870177,17.418073,1,-1,-1,-1,0.547713,0.169535,2.125440,0.903138
89,4035,56.145141,17.117268,8.277127,20.748378,1,-1,-1,-1,0.239709,0.083417,1.207426,0.129717
89,4020,44.696954,210.711235,7.546854,15.023622,1,-1,-1,-1,0.239861,0.252633,1.412481,0.769581
89,4016,42.705871,38.589355,8.577581,17.591937,1,-1,-1,-1,0.286909,0.081902,1.421400,0.397764
89,4015,56.936148,70.225074,8.323921,18.297673,1,-1,-1,-1,0.098570,0.075203,1.061782,0.339954
89,4014,124.106533,130.949196,15.296921,7.891627,1,-1,-1,-1,0.006370,0.004107,0.219738,0.066285
89,4013,44.296054,186.029681,7.800204,18.900735,1,-1,-1,-1,0.004070,0.003467,0.173477,0.025103
89,4012,-14.674155,115.240040,18.529647,7.899843,1,-1,-1,-1,0.003758,0.004232,0.200965,0.037017
89,4011,42.925071,65.270277,7.539662,16.919247,1,-1,-1,-1,0.003236,0.003681,0.237053,0.053275
90,4073,-48.009206,117.137239,16.973948,8.248023,1,-1,-1,-1,0.277794,0.212415,2.235610,0.822919
90,4060,58.013644,40.577345,7.914901,16.779372,1,-1,-1,-1,0.226168,0.198180,1.669195,0.790027
90,4056,58.401707,-14.900994,7.752649,17.564972,1,-1,-1,-1,0.478274,0.118133,2.151885,0.655556
90,4035,57.653485,17.006907,8.299636,20.764331,1,-1,-1,-1,0.198953,0.077478,1.155354,0.129770
90,4020,45.907361,210.676467,7.677268,14.992651,1,-1,-1,-1,0.180920,0.146433,1.254133,0.688704
90,4016,44.371533,38.342357,8.673830,17.395381,1,-1,-1,-1,0.337602,0.087444,1.404065,0.425948
90,4015,58.333684,70.402785,8.375871,18.106520,1,-1,-1,-1,0.088436,0.067258,1.032828,0.297803
90,4014,124.111845,130.961116,15.316137,7.907639,1,-1,-1,-1,0.006001,0.004026,0.183767,0.060313
90,4013,45.905860,186.040330,7.799783,18.909247,1,-1,-1,-1,0.003647,0.003201,0.164885,0.023907
90,4012,-13.074118,115.230050,18.529957,7.899982,1,-1,-1,-1,0.003684,0.004190,0.199469,0.036312
90,4011,44.523357,65.258641,7.540648,16.892670,1,-1,-1,-1,0.002305,0.002280,0.193787,0.042790
91,4060,59.736281,40.629561,7.749492,16.126655,1,-1,-1,-1,0.294752,0.270742,1.725739,0.911925
91,4040,0.195749,165.255403,25.438261,11.315288,1,-1,-1,-1,0.896291,0.266857,2.031300,0.231264
91,4035,59.160589,16.930404,8.161132,21.108665,1,-1,-1,-1,0.204770,0.075303,1.096737,0.039725
91,4020,47.541748,211.302580,7.535394,15.284695,1,-1,-1,-1,0.166157,0.142386,1.227754,0.620214
91,4016,45.442864,38.076467,8.465080,16.528480,1,-1,-1,-1,0.223033,0.171354,1.458011,0.697002
91,4015,60.195091,71.058218,8.048764,18.783490,1,-1,-1,-1,0.107194,0.054044,0.937605,0.174720
91,4014,124.119660,130.950054,15.310625,7.909999,1,-1,-1,-1,0.006761,0.004317,0.190822,0.062023
91,4013,47.295954,186.040060,7.799953,18.909882,1,-1,-1,-1,0.003647,0.003201,0.166135,0.023907
91,4012,-11.674381,115.239961,18.530009,7.900004,1,-1,-1,-1,0.003470,0.004066,0.194471,0.035616
91,4011,45.926828,65.294021,7.546945,16.941315,1,-1,-1,-1,0.003269,0.003718,0.234848,0.052267
92,4060,60.607094,40.760377,7.480120,15.799157,1,-1,-1,-1,0.090319,0.065343,0.945225,0.419830
92,4040,1.452922,165.301242,25.252196,11.456511,1,-1,-1,-1,1.075849,0.333500,2.187300,0.281080
92,4035,60.333707,16.971688,8.207181,21.076551,1,-1,-1,-1,0.183344,0.065379,1.038428,0.025606
92,4020,49.016729,211.514592,7.629616,15.427538,1,-1,-1,-1,0.277981,0.265807,1.582273,0.841470
92,4016,47.015348,38.544852,8.460414,17.051570,1,-1,-1,-1,0.330746,0.083951,1.434331,0.440284
92,4015,61.022858,71.299441,8.253685,18.766548,1,-1,-1,-1,0.050188,0.043743,0.767438,0.205507
92,4014,124.127877,130.949080,15.284314,7.901896,1,-1,-1,-1,0.006370,0.004148,0.184654,0.060871
92,4013,48.497090,186.041152,7.808896,18.917668,1,-1,-1,-1,0.003990,0.003433,0.170490,0.024617
92,4012,-10.474000,115.230037,18.530018,7.900008,1,-1,-1,-1,0.003647,0.004148,0.199283,0.036310
92,4011,47.124798,65.278817,7.541129,16.932319,1,-1,-1,-1,0.003236,0.003718,0.236381,0.053293
93,4078,-69.565475,114.752214,16.698621,7.969258,1,-1,-1,-1,0.256902,0.210773,3.288935,0.741158
93,4060,61.627999,41.790131,7.438055,16.235368,1,-1,-1,-1,0.087567,0.055080,0.922011,0.390139
93,4040,2.545855,165.347955,25.286582,11.515762,1,-1,-1,-1,1.008506,0.290545,2.133952,0.215614
93,4035,61.174072,16.849022,8.423065,20.471007,1,-1,-1,-1,0.127267,0.061154,1.013577,0.167288
93,4020,49.650004,210.533574,7.521146,15.095466,1,-1,-1,-1,0.176968,0.122314,1.198734,0.594586
93,4016,47.940684,38.543464,8.568664,17.194980,1,-1,-1,-1,0.297721,0.076043,1.352617,0.394525
93,4015,62.054723,72.287277,8.250144,19.206818,1,-1,-1,-1,0.037148,0.033681,0.592990,0.165662
93,4014,124.129139,130.949700,15.271780,7.900614,1,-1,-1,-1,0.006001,0.004026,0.181399,0.059169
93,4013,49.525671,186.039083,7.800905,18.911869,1,-1,-1,-1,0.003721,0.003233,0.164818,0.023907
93,4012,-9.453978,115.239958,18.530019,7.900008,1,-1,-1,-1,0.003647,0.004148,0.199412,0.036311
93,4011,48.153381,65.277420,7.522757,16.915085,1,-1,-1,-1,0.002871,0.002596,0.207237,0.046641
94,4078,-66.674269,115.518490,16.447653,8.403455,1,-1,-1,-1,0.237226,0.197121,2.687837,0.803449
94,4060,62.845528,42.166960,7.471258,16.103971,1,-1,-1,-1,0.140339,0.122266,1.145162,0.551420
94,4056,62.619619,-14.779984,7.833480,17.958733,1,-1,-1,-1,0.353198,0.098758,1.869061,0.447127
94,4040,3.592923,165.397918,25.387106,11.514749,1,-1,-1,-1,1.090565,0.353396,2.251406,0.222626
94,4035,62.075635,16.900191,8.407447,20.414432,1,-1,-1,-1,0.170923,0.070443,1.089911,0.185760
94,4020,50.716356,210.709514,7.519951,15.037934,1,-1,-1,-1,0.229478,0.156471,1.266629,0.652769
94,4016,48.625175,38.168764,8.684311,16.644055,1,-1,-1,-1,0.370474,0.287576,1.766589,0.927923
94,4015,62.878009,73.081592,8.303058,19.048193,1,-1,-1,-1,0.056644,0.049043,0.731501,0.219108
94,4014,124.129854,130.939587,15.280238,7.890944,1,-1,-1,-1,0.005883,0.003947,0.179786,0.058607
94,4013,50.386544,186.039864,7.800116,18.910273,1,-1,-1,-1,0.004030,0.003467,0.173396,0.024378
94,4012,-8.583997,115.239999,18.530019,7.900008,1,-1,-1,-1,0.003684,0.004232,0.199412,0.036311
94,4011,49.024435,65.258426,7.521006,16.893183,1,-1,-1,-1,0.003018,0.003502,0.229693,0.051292
95,4078,-64.579417,115.090704,16.312562,8.635036,1,-1,-1,-1,0.328515,0.269307,2.918810,0.937920
95,4064,49.266270,10.427617,8.296997,18.319806,1,-1,-1,-1,0.393287,0.266539,2.745829,1.014261
95,4060,63.616869,42.948522,7.537074,15.933548,1,-1,-1,-1,0.136209,0.118724,1.162536,0.560736
95,4056,63.276063,-16.337807,7.801768,17.264921,1,-1,-1,-1,0.315922,0.088366,1.764818,0.662368
95,4040,3.892897,165.307790,25.454986,11.588078,1,-1,-1,-1,1.040820,0.328433,2.051314,0.060753
95,4035,63.060526,16.578117,8.290291,20.345625,1,-1,-1,-1,0.259035,0.068520,1.395686,0.155576
95,4020,51.473048,211.292486,7.501119,15.182953,1,-1,-1,-1,0.177597,0.154357,1.242519,0.642570
95,4016,49.267776,37.853055,8.252520,16.176310,1,-1,-1,-1,0.235606,0.201673,1.629574,0.798645
95,4015,63.606195,75.391007,8.342464,19.390513,1,-1,-1,-1,0.061759,0.053485,0.746084,0.183880
95,4014,124.128666,130.938673,15.282673,7.872739,1,-1,-1,-1,0.007321,0.004583,0.226836,0.069406
95,4013,51.125859,186.039993,7.800007,18.910016,1,-1,-1,-1,0.003684,0.003233,0.164871,0.023674
95,4012,-7.842293,115.228753,18.497052,7.892670,1,-1,-1,-1,0.006966,0.006177,0.254599,0.049825
95,4011,49.754268,65.270789,7.519570,16.908226,1,-1,-1,-1,0.002522,0.002421,0.200224,0.044459
96,4078,-65.890438,113.558771,17.741051,8.866518,1,-1,-1,-1,0.158401,0.111996,2.116830,0.448033
96,4064,48.480775,7.792032,9.966180,14.956252,1,-1,-1,-1,0.116780,0.061105,2.831378,0.727520
96,4060,63.920288,43.946423,7.575457,15.730943,1,-1,-1,-1,0.159622,0.141971,1.228506,0.594704
96,4040,4.558332,165.453409,25.374202,11.831048,1,-1,-1,-1,1.204071,0.428201,2.127749,0.054337
96,4035,63.671296,17.231413,8.128540,20.950241,1,-1,-1,-1,0.217176,0.081101,1.147579,0.062324
96,4020,52.198419,210.901025,7.532158,15.117740,1,-1,-1,-1,0.187503,0.188398,1.252308,0.652786
96,4016,50.192172,38.746287,8.497233,16.946316,1,-1,-1,-1,0.354841,0.100379,1.588213,0.470755
96,4015,64.159984,76.808009,8.222779,19.593747,1,-1,-1,-1,0.067261,0.036763,0.630630,0.129299
96,4014,124.130618,130.940827,15.278767,7.888259,1,-1,-1,-1,0.007106,0.004448,0.191887,0.063233
96,4013,51.735056,186.028553,7.791283,18.893011,1,-1,-1,-1,0.003647,0.003201,0.164700,0.023906
96,4012,-7.232397,115.230757,18.525811,7.898444,1,-1,-1,-1,0.003575,0.004107,0.197505,0.035978
96,4011,50.374470,65.280663,7.519548,16.918509,1,-1,-1,-1,0.002731,0.002545,0.202787,0.045741
97,4078,-62.083657,114.677462,16.206807,8.536362,1,-1,-1,-1,0.266543,0.245268,1.838926,0.767340
97,4060,64.838699,45.003396,7.458017,15.864126,1,-1,-1,-1,0.077165,0.056873,0.850792,0.372932
97,4040,5.012195,165.248436,25.202330,11.673433,1,-1,-1,-1,0.956082,0.262277,2.120258,0.417334
97,4035,64.223510,17.833273,8.215441,20.421965,1,-1,-1,-1,0.217777,0.080417,1.209066,0.162650
97,4020,52.650110,210.818460,7.505694,15.124607,1,-1,-1,-1,0.199316,0.133095,1.226643,0.626934
97,4016,50.755953,37.947362,8.259344,16.554092,1,-1,-1,-1,0.427957,0.413516,1.940784,0.967709
97,4015,64.848233,79.081752,8.298493,19.541503,1,-1,-1,-1,0.096756,0.071000,0.855058,0.261089
97,4014,124.111618,130.939943,15.306833,7.880162,1,-1,-1,-1,0.007321,0.005113,0.246309,0.078353
97,4013,52.265680,186.041238,7.798891,18.907404,1,-1,-1,-1,0.003470,0.003076,0.160487,0.022990
97,4012,-6.723599,115.240234,18.538347,7.899455,1,-1,-1,-1,0.003721,0.004232,0.201022,0.036662
97,4011,50.914004,65.256667,7.503396,16.896797,1,-1,-1,-1,0.003834,0.004107,0.250731,0.057470
98,4078,-61.543514,115.061438,15.904057,8.555214,1,-1,-1,-1,0.234049,0.210443,1.862683,0.817760
98,4060,64.980212,46.588377,7.604602,15.985343,1,-1,-1,-1,0.097728,0.059411,0.865719,0.392089
98,4040,5.392975,165.397778,25.230734,11.638345,1,-1,-1,-1,0.852038,0.246119,2.035761,0.323373
98,4035,64.756500,18.757081,8.243872,20.057078,1,-1,-1,-1,0.298940,0.090734,1.466911,0.224384
98,4020,52.990426,210.851398,7.516849,15.044752,1,-1,-1,-1,0.249995,0.250941,1.374744,0.770121
98,4016,51.148854,38.556383,8.446830,16.917208,1,-1,-1,-1,0.388516,0.096928,1.582575,0.474348
98,4015,65.200060,81.627599,8.335654,19.506659,1,-1,-1,-1,0.084410,0.064139,0.869797,0.251079
98,4014,124.111536,130.951112,15.316862,7.897614,1,-1,-1,-1,0.007036,0.004448,0.195634,0.063264
98,4013,52.695423,186.040590,7.799596,18.918792,1,-1,-1,-1,0.003647,0.003201,0.164608,0.023444
98,4012,-6.285273,115.229950,18.530758,7.900181,1,-1,-1,-1,0.003575,0.004148,0.196129,0.035962
98,4011,51.344956,65.270355,7.490810,16.918974,1,-1,-1,-1,0.003721,0.003986,0.250716,0.056427
99,4078,-61.381186,115.118676,16.501542,8.445510,1,-1,-1,-1,0.202547,0.156454,1.870628,0.653466
99,4060,65.492920,47.595951,7.602221,15.792286,1,-1,-1,-1,0.079078,0.049571,0.742032,0.324523
99,4040,5.472820,165.490970,25.438870,11.786300,1,-1,-1,-1,0.967962,0.317161,1.844893,0.042321
99,4020,53.361354,210.753599,7.559163,15.037617,1,-1,-1,-1,0.305504,0.335015,1.604555,0.915573
99,4016,51.298840,38.596184,8.617394,17.176421,1,-1,-1,-1,0.333139,0.079008,1.395750,0.394144
99,4015,65.433644,85.118403,8.407360,19.535969,1,-1,-1,-1,0.062438,0.055077,0.783988,0.170874
99,4014,124.108367,130.948681,15.313333,7.882742,1,-1,-1,-1,0.007106,0.004963,0.244499,0.077631
99,4013,53.055089,186.040088,7.799932,18.919829,1,-1,-1,-1,0.003721,0.003233,0.166111,0.023906
99,4012,-5.925385,115.229977,18.530117,7.900045,1,-1,-1,-1,0.003436,0.004026,0.194357,0.035616
99,4011,51.685597,65.335557,7.505725,16.998362,1,-1,-1,-1,0.002522,0.002421,0.197400,0.043208
100,4078,-60.163760,115.076626,16.063116,8.311339,1,-1,-1,-1,0.153426,0.112222,1.368711,0.515150
100,4064,51.175756,10.981443,8.536140,18.469808,1,-1,-1,-1,0.249909,0.199410,2.265576,0.652153
100,4060,65.799349,50.700112,7.412772,15.821832,1,-1,-1,-1,0.077520,0.059389,0.778771,0.371784
100,4040,5.756410,165.350540,25.679962,11.639715,1,-1,-1,-1,0.859781,0.258543,1.745801,0.066168
100,4020,53.769025,210.693277,7.495542,15.050547,1,-1,-1,-1,0.227898,0.254919,1.474677,0.843405
100,4016,51.710046,38.593844,8.795980,17.305712,1,-1,-1,-1,0.416745,0.113015,1.546633,0.496479
100,4015,65.845359,88.267530,8.246455,19.466324,1,-1,-1,-1,0.074591,0.058288,0.822316,0.221079
100,4014,124.099048,130.938702,15.321971,7.862774,1,-1,-1,-1,0.007770,0.004817,0.238624,0.072808
100,4013,53.344722,186.040020,7.799985,18.919964,1,-1,-1,-1,0.003647,0.003170,0.164716,0.023907
100,4012,-5.635390,115.239955,18.530033,7.900014,1,-1,-1,-1,0.003575,0.004148,0.195945,0.035961
100,4011,51.983800,65.341392,7.508955,17.017132,1,-1,-1,-1,0.002547,0.002470,0.194388,0.043601
