1,3963,32.320000,78.070000,8.140000,19.200000,1,-1,-1,-1,10.000000,10.000000,10.000000,10.000000
1,3962,92.690000,131.470000,18.760000,8.720000,1,-1,-1,-1,10.000000,10.000000,10.000000,10.000000
1,3961,-70.030000,131.380000,17.620000,8.500000,1,-1,-1,-1,10.000000,10.000000,10.000000,10.000000
1,3960,-99.250000,130.990000,18.020000,8.090000,1,-1,-1,-1,10.000000,10.000000,10.000000,10.000000
1,3959,-40.120000,117.080000,19.440000,8.150000,1,-1,-1,-1,10.000000,10.000000,10.000000,10.000000
1,3958,122.320000,130.810000,18.870000,7.610000,1,-1,-1,-1,10.000000,10.000000,10.000000,10.000000
1,3957,14.540000,216.540000,8.120000,18.660000,1,-1,-1,-1,10.000000,10.000000,10.000000,10.000000
1,3956,15.380000,187.650000,7.640000,16.980000,1,-1,-1,-1,10.000000,10.000000,10.000000,10.000000
2,3963,32.202130,79.432889,7.915750,17.424206,1,-1,-1,-1,0.220808,0.173544,4.288090,0.933635
2,3962,92.641766,131.449152,18.456472,8.491697,1,-1,-1,-1,0.114126,0.052796,2.005853,0.407496
2,3961,-69.297280,131.248573,16.264558,7.742861,1,-1,-1,-1,0.121183,0.068473,1.851664,0.558722
2,3960,-99.697849,131.323743,18.265706,8.562506,1,-1,-1,-1,0.109651,0.060126,2.151263,0.415417
2,3959,-40.000000,117.080000,19.440000,8.150000,1,-1,-1,-1,0.003118,0.002905,0.182000,0.026453
2,3958,122.329994,130.800002,18.860012,7.609995,1,-1,-1,-1,0.003696,0.003179,0.191331,0.026191
2,3957,14.540000,216.540000,8.120000,18.660000,1,-1,-1,-1,0.003150,0.003806,0.217893,0.034627
2,3956,15.380006,187.649986,7.639988,16.970028,1,-1,-1,-1,0.003964,0.004248,0.318618,0.061082
3,3964,15.320000,243.960000,7.950000,16.400000,1,-1,-1,-1,10.000000,10.000000,10.000000,10.000000
3,3963,32.297414,80.908647,7.789777,17.466249,1,-1,-1,-1,0.131246,0.101335,2.738755,0.543402
3,3962,92.808144,131.415596,18.794474,8.627057,1,-1,-1,-1,0.106562,0.062884,1.996001,0.335467
3,3961,-69.859481,131.374783,16.936047,7.899993,1,-1,-1,-1,0.155214,0.089047,2.874260,0.526283
3,3960,-98.946648,131.038589,17.901868,8.211266,1,-1,-1,-1,0.214839,0.108585,3.699348,0.568909
3,3959,-39.999970,117.080000,19.440000,8.150000,1,-1,-1,-1,0.002995,0.002875,0.177674,0.025849
3,3958,122.310088,130.800118,18.869840,7.619752,1,-1,-1,-1,0.004380,0.004600,0.220649,0.031397
3,3957,14.550015,216.529880,8.119966,18.650249,1,-1,-1,-1,0.003181,0.003804,0.218522,0.033934
3,3956,15.370155,187.660269,7.649694,16.989445,1,-1,-1,-1,0.004084,0.004332,0.314205,0.058613
4,3963,32.790940,81.866120,7.790250,16.673943,1,-1,-1,-1,0.164097,0.092500,2.182279,0.487132
4,3962,92.812265,131.424413,18.906722,8.807122,1,-1,-1,-1,0.108922,0.054133,1.676267,0.316492
4,3961,-70.090840,131.277206,17.136429,7.946199,1,-1,-1,-1,0.096451,0.055805,1.830152,0.394828
4,3960,-99.355581,131.094673,18.050260,8.278987,1,-1,-1,-1,0.158919,0.079229,2.548772,0.469666
4,3959,-39.999984,117.080000,19.440000,8.150000,1,-1,-1,-1,0.003022,0.002901,0.168810,0.025350
4,3958,122.309421,130.799597,18.881077,7.610847,1,-1,-1,-1,0.004328,0.004500,0.208034,0.030798
4,3957,14.540142,216.530377,8.119778,18.659175,1,-1,-1,-1,0.003082,0.003723,0.204243,0.033607
4,3956,15.379201,187.648409,7.641559,16.973348,1,-1,-1,-1,0.003956,0.004239,0.289963,0.058054
5,3963,32.841268,84.658757,7.954063,17.686353,1,-1,-1,-1,0.122797,0.066503,1.857380,0.424733
5,3962,92.607292,131.478893,19.021824,8.841177,1,-1,-1,-1,0.118775,0.059676,1.576520,0.325108
5,3961,-69.746384,131.185579,16.828947,7.793476,1,-1,-1,-1,0.100239,0.056876,1.419767,0.379878
5,3960,-99.450407,131.352227,18.363439,8.859146,1,-1,-1,-1,0.129699,0.065788,2.000013,0.346769
5,3959,-39.999989,117.080000,19.440000,8.150000,1,-1,-1,-1,0.003081,0.002899,0.166011,0.025848
5,3958,122.329123,130.799757,18.861682,7.610485,1,-1,-1,-1,0.003687,0.003236,0.176063,0.026105
5,3957,14.540014,216.530026,8.119972,18.659924,1,-1,-1,-1,0.003143,0.003796,0.196256,0.033283
5,3956,15.380427,187.650636,7.649121,16.978699,1,-1,-1,-1,0.003915,0.004194,0.278137,0.056965
6,3963,32.754636,87.031010,7.979286,18.302026,1,-1,-1,-1,0.146872,0.087791,1.737906,0.422452
6,3962,92.684050,131.451253,18.836006,8.800133,1,-1,-1,-1,0.125636,0.078328,1.575465,0.358604
6,3961,-69.828005,131.117420,16.727348,7.716260,1,-1,-1,-1,0.166049,0.101842,1.784852,0.536624
6,3960,-99.642642,131.462435,18.507724,8.940300,1,-1,-1,-1,0.086570,0.053472,1.478210,0.284443
6,3959,-39.990014,117.080000,19.440000,8.150000,1,-1,-1,-1,0.002989,0.002842,0.162298,0.025598
6,3958,122.320513,130.800334,18.859039,7.619297,1,-1,-1,-1,0.004367,0.004586,0.197683,0.031703
6,3957,14.539997,216.529985,8.120005,18.660012,1,-1,-1,-1,0.003142,0.003795,0.193036,0.033283
6,3956,15.380044,187.660309,7.649922,16.989293,1,-1,-1,-1,0.004238,0.004407,0.281190,0.060283
7,3963,32.520467,89.537404,8.309050,18.898182,1,-1,-1,-1,0.102210,0.064682,1.348527,0.316200
7,3962,92.650444,131.525537,18.799026,8.728349,1,-1,-1,-1,0.138158,0.089971,1.610883,0.399318
7,3961,-69.845684,131.692473,17.026981,8.173089,1,-1,-1,-1,0.153222,0.087626,1.995851,0.558791
7,3960,-99.263336,131.069439,18.099961,8.499063,1,-1,-1,-1,0.113633,0.078018,1.663035,0.440464
7,3959,-39.999965,117.080000,19.440000,8.150000,1,-1,-1,-1,0.002901,0.002813,0.158096,0.025349
7,3958,122.329389,130.799662,18.861151,7.610707,1,-1,-1,-1,0.003649,0.003202,0.171993,0.025852
7,3957,14.549970,216.529983,8.120009,18.660020,1,-1,-1,-1,0.003270,0.003871,0.194530,0.034263
7,3956,15.378889,187.627205,7.642259,16.955947,1,-1,-1,-1,0.003835,0.004150,0.266127,0.057513
8,3963,32.513124,92.733837,8.569490,18.978839,1,-1,-1,-1,0.090826,0.049796,1.230888,0.327544
8,3962,93.086242,131.461181,18.886280,8.591286,1,-1,-1,-1,0.047164,0.014522,0.649972,0.103631
8,3961,-69.603749,131.132529,16.762753,8.081606,1,-1,-1,-1,0.074757,0.058672,1.321493,0.396969
8,3960,-99.627524,131.227216,18.457951,8.477208,1,-1,-1,-1,0.113521,0.060350,1.476884,0.358410
8,3959,-39.999995,117.080000,19.440000,8.150000,1,-1,-1,-1,0.002872,0.002757,0.157207,0.025103
8,3958,122.329932,130.799969,18.860137,7.610061,1,-1,-1,-1,0.003612,0.003170,0.169036,0.025598
8,3957,14.540029,216.529985,8.120008,18.660019,1,-1,-1,-1,0.003335,0.003909,0.196723,0.034597
8,3956,15.380785,187.651827,7.648396,16.976059,1,-1,-1,-1,0.003991,0.004233,0.267687,0.058602
9,3967,-72.606651,116.948883,15.328204,7.792693,1,-1,-1,-1,0.112550,0.084026,1.396235,0.380155
9,3963,32.453619,96.432738,9.159126,19.029605,1,-1,-1,-1,0.144255,0.084530,1.747453,0.557397
9,3962,92.725518,131.591215,18.686372,8.733763,1,-1,-1,-1,0.144746,0.095953,1.263880,0.388901
9,3961,-69.260779,131.016042,16.460530,7.875566,1,-1,-1,-1,0.066970,0.050209,1.024839,0.342562
9,3960,-99.640876,131.265843,18.344120,8.559130,1,-1,-1,-1,0.094159,0.060799,1.407682,0.342751
9,3959,-39.999996,117.080000,19.440000,8.150000,1,-1,-1,-1,0.002989,0.002869,0.159413,0.025848
9,3958,122.320046,130.800006,18.859969,7.609988,1,-1,-1,-1,0.003576,0.003139,0.168311,0.025349
9,3957,14.539996,216.529987,8.120007,18.660016,1,-1,-1,-1,0.003049,0.003719,0.187573,0.033284
9,3956,15.379534,187.649554,7.640972,16.980897,1,-1,-1,-1,0.004071,0.004318,0.266098,0.059162
10,3967,-71.387704,116.868949,15.188453,7.747695,1,-1,-1,-1,0.087098,0.060363,0.942780,0.292764
10,3963,34.149483,99.175401,9.535046,16.955918,1,-1,-1,-1,0.112338,0.073519,1.175339,0.465359
10,3962,92.724922,131.557214,18.710892,8.782197,1,-1,-1,-1,0.137198,0.087099,1.402881,0.382201
10,3961,-69.193091,130.943478,16.518685,7.712482,1,-1,-1,-1,0.066875,0.048729,0.983615,0.341733
10,3960,-99.510686,131.240520,18.273790,8.513412,1,-1,-1,-1,0.108821,0.052640,1.283450,0.341745
10,3959,-39.999996,117.080000,19.440000,8.150000,1,-1,-1,-1,0.003018,0.002898,0.159007,0.025849
10,3958,122.320374,130.800108,18.869213,7.609782,1,-1,-1,-1,0.003648,0.003170,0.167801,0.025349
10,3957,14.549969,216.529989,8.120006,18.660014,1,-1,-1,-1,0.003205,0.003831,0.191648,0.033606
10,3956,15.379775,187.649280,7.640449,16.971481,1,-1,-1,-1,0.004030,0.004275,0.266996,0.058607
11,3967,-70.259900,116.709348,14.960553,7.692645,1,-1,-1,-1,0.083941,0.066030,0.873455,0.302299
11,3963,34.288553,104.226684,10.802593,17.916267,1,-1,-1,-1,0.252640,0.181294,2.022234,0.907962
11,3962,92.834669,131.557381,18.736902,8.741971,1,-1,-1,-1,0.132053,0.080702,1.374666,0.376191
11,3961,-69.627954,131.289554,16.929348,7.972013,1,-1,-1,-1,0.072750,0.053597,1.177892,0.365101
11,3960,-99.169733,131.085697,18.149710,8.399914,1,-1,-1,-1,0.150521,0.111189,1.713566,0.533969
11,3959,-39.999997,117.080000,19.440000,8.150000,1,-1,-1,-1,0.003018,0.002869,0.158656,0.025598
11,3958,122.329630,130.799907,18.860705,7.610184,1,-1,-1,-1,0.003759,0.003202,0.170359,0.026102
11,3957,14.540028,216.529990,8.120005,18.660012,1,-1,-1,-1,0.003110,0.003755,0.189611,0.033283
11,3956,15.379826,187.639388,7.640347,16.961328,1,-1,-1,-1,0.003759,0.004067,0.259605,0.056430
12,3967,-69.534532,116.765588,15.242706,7.737788,1,-1,-1,-1,0.102658,0.072407,0.901047,0.321806
12,3963,35.045169,107.153866,11.697262,18.483838,1,-1,-1,-1,0.371106,0.311235,2.919297,1.436452
12,3962,92.674599,131.411079,18.798042,8.661311,1,-1,-1,-1,0.104048,0.066154,1.190374,0.323651
12,3961,-69.640292,131.255722,16.895703,7.915388,1,-1,-1,-1,0.090172,0.051082,1.062357,0.350940
12,3960,-99.119991,131.175667,17.918768,8.337287,1,-1,-1,-1,0.149708,0.075634,1.670365,0.476281
12,3959,-39.999997,117.080000,19.440000,8.150000,1,-1,-1,-1,0.002988,0.002840,0.156988,0.025349
12,3958,122.330337,130.800094,18.869295,7.609812,1,-1,-1,-1,0.003648,0.003202,0.167154,0.025104
12,3957,14.539997,216.529991,8.120005,18.660011,1,-1,-1,-1,0.003173,0.003793,0.189171,0.033283
12,3956,15.380137,187.640539,7.639726,16.968872,1,-1,-1,-1,0.003834,0.004108,0.258586,0.058048
13,3967,-68.697739,116.806343,15.391843,7.762034,1,-1,-1,-1,0.085866,0.063890,0.907453,0.320550
13,3963,35.392863,110.597651,14.335200,16.548502,1,-1,-1,-1,0.586116,0.344346,3.957672,0.863053
13,3962,92.789874,131.512349,18.762165,8.774493,1,-1,-1,-1,0.117890,0.073987,1.253732,0.350709
13,3961,-68.840633,130.997205,15.959000,7.673064,1,-1,-1,-1,0.057966,0.041324,0.745461,0.289148
13,3960,-98.927860,131.259921,17.878850,8.373246,1,-1,-1,-1,0.156317,0.079054,1.710694,0.483486
13,3959,-40.009849,117.069877,19.459702,8.140320,1,-1,-1,-1,0.002871,0.002784,0.155367,0.024859
13,3958,122.310817,130.800427,18.868523,7.619106,1,-1,-1,-1,0.004278,0.004493,0.188292,0.030793
13,3957,14.539997,216.529992,8.120004,18.660010,1,-1,-1,-1,0.003173,0.003831,0.190469,0.033606
13,3956,15.379907,187.639551,7.640185,16.960926,1,-1,-1,-1,0.003834,0.004149,0.257958,0.057506
14,3967,-68.013312,116.477618,15.386205,7.798756,1,-1,-1,-1,0.105967,0.082274,0.926684,0.350491
14,3963,38.708736,112.752992,15.764840,16.982519,1,-1,-1,-1,0.367747,0.274061,3.859532,1.323697
14,3962,93.097566,131.648572,18.951584,8.739143,1,-1,-1,-1,0.053237,0.021726,0.747106,0.123013
14,3961,-70.021952,131.507839,17.050279,7.811649,1,-1,-1,-1,0.124918,0.073842,1.129044,0.384944
14,3960,-99.463133,131.213114,18.310052,8.453788,1,-1,-1,-1,0.089766,0.058425,1.302986,0.324157
14,3959,-40.000153,117.080120,19.440311,8.149673,1,-1,-1,-1,0.003172,0.002956,0.160695,0.026101
14,3958,122.328961,130.799548,18.861970,7.610935,1,-1,-1,-1,0.003684,0.003202,0.168512,0.025601
14,3957,14.549969,216.529993,8.120004,18.660009,1,-1,-1,-1,0.003236,0.003869,0.190234,0.033933
14,3956,15.380301,187.651133,7.639398,16.977572,1,-1,-1,-1,0.003990,0.004275,0.261676,0.059158
15,3967,-67.575943,116.509957,15.471382,7.821448,1,-1,-1,-1,0.084035,0.061984,0.834200,0.302995
15,3963,41.323361,113.996658,18.162656,15.004448,1,-1,-1,-1,0.156491,0.110806,2.458699,0.512224
15,3962,93.058550,131.450672,18.983859,8.520411,1,-1,-1,-1,0.071213,0.019867,0.657718,0.125163
15,3961,-70.234004,131.460463,17.334781,7.997259,1,-1,-1,-1,0.124580,0.071244,1.267759,0.404420
15,3960,-98.985055,131.256185,18.020288,8.524892,1,-1,-1,-1,0.164735,0.083447,1.544196,0.465955
15,3959,-39.990015,117.080009,19.439982,8.149981,1,-1,-1,-1,0.002843,0.002784,0.155102,0.025104
15,3958,122.329864,130.799943,18.860272,7.610113,1,-1,-1,-1,0.003648,0.003201,0.167943,0.025598
15,3957,14.550001,216.529993,8.120004,18.660009,1,-1,-1,-1,0.003302,0.003908,0.191632,0.034263
15,3956,15.379206,187.638361,7.631622,16.963427,1,-1,-1,-1,0.003796,0.004067,0.255097,0.056968
16,3967,-67.521862,116.844610,15.736354,8.047612,1,-1,-1,-1,0.091160,0.076884,0.915785,0.339112
16,3963,45.544942,115.401910,19.319219,14.452147,1,-1,-1,-1,0.185826,0.138365,2.587873,0.874757
16,3962,92.629285,131.544457,18.710702,8.694892,1,-1,-1,-1,0.114216,0.073696,1.045333,0.328033
16,3961,-69.321157,131.259467,16.448787,7.903465,1,-1,-1,-1,0.085450,0.066041,0.989060,0.383366
16,3960,-99.341446,131.310019,18.397655,8.689158,1,-1,-1,-1,0.100336,0.047781,1.163300,0.294086
16,3959,-39.999967,117.080001,19.439996,8.149998,1,-1,-1,-1,0.002958,0.002840,0.156238,0.025597
16,3958,122.329994,130.799997,18.860013,7.610005,1,-1,-1,-1,0.003721,0.003234,0.167780,0.025349
16,3957,14.540029,216.529994,8.120003,18.660008,1,-1,-1,-1,0.003204,0.003831,0.189844,0.033934
16,3956,15.381733,187.663654,7.646452,16.992359,1,-1,-1,-1,0.004364,0.004538,0.267171,0.060283
17,3967,-67.640987,116.920948,16.148054,8.135211,1,-1,-1,-1,0.107582,0.087652,1.070303,0.400418
17,3963,50.657151,115.721176,19.505516,12.704591,1,-1,-1,-1,0.228451,0.177375,2.383416,0.975577
17,3962,92.810382,131.413263,18.718001,8.812054,1,-1,-1,-1,0.118875,0.058936,1.153733,0.335742
17,3961,-69.643075,131.324194,16.600729,7.930988,1,-1,-1,-1,0.135609,0.078181,1.214267,0.448500
17,3960,-99.254482,131.133158,18.320085,8.629928,1,-1,-1,-1,0.178109,0.131374,1.677469,0.580063
17,3959,-39.999998,117.080000,19.439999,8.150000,1,-1,-1,-1,0.002929,0.002812,0.156145,0.025349
17,3958,122.330012,130.800004,18.859978,7.609991,1,-1,-1,-1,0.003758,0.003233,0.169106,0.025848
17,3957,14.539998,216.529995,8.120003,18.660007,1,-1,-1,-1,0.003236,0.003869,0.189633,0.033934
17,3956,15.379836,187.648903,7.650331,16.972404,1,-1,-1,-1,0.003990,0.004232,0.260962,0.058611
18,3967,-67.078736,116.726186,15.882513,8.160712,1,-1,-1,-1,0.078543,0.060161,0.820418,0.291351
18,3963,57.335078,116.131711,20.826204,10.363185,1,-1,-1,-1,0.138729,0.117251,1.998553,0.366077
18,3962,93.109446,131.250227,18.906451,8.458705,1,-1,-1,-1,0.054236,0.015692,0.621950,0.114248
18,3961,-70.285019,131.502747,17.290795,8.030556,1,-1,-1,-1,0.142508,0.087485,1.393036,0.455135
18,3960,-98.832870,131.273407,17.884306,8.594352,1,-1,-1,-1,0.138096,0.086994,1.578883,0.460807
18,3959,-39.999634,117.080107,19.449244,8.149787,1,-1,-1,-1,0.002958,0.002840,0.157414,0.025349
18,3958,122.320425,130.810085,18.869183,7.609772,1,-1,-1,-1,0.003684,0.003201,0.167559,0.025849
18,3957,14.549844,216.529560,8.120252,18.650911,1,-1,-1,-1,0.003269,0.003869,0.189482,0.034263
18,3956,15.378757,187.637993,7.632550,16.964094,1,-1,-1,-1,0.003402,0.002927,0.226474,0.050834
19,3967,-66.927870,116.718561,15.728450,8.063084,1,-1,-1,-1,0.097033,0.076758,0.867543,0.348400
19,3963,63.993303,116.206470,19.325996,9.159432,1,-1,-1,-1,0.148980,0.127650,1.654049,0.499191
19,3962,93.115050,131.495131,18.912762,8.521798,1,-1,-1,-1,0.042138,0.014349,0.535884,0.098965
19,3961,-70.189810,131.231192,17.237087,8.005747,1,-1,-1,-1,0.118049,0.069269,1.338817,0.428100
19,3960,-99.074925,131.157376,17.933201,8.453424,1,-1,-1,-1,0.119079,0.082777,1.448325,0.416577
19,3959,-40.000333,117.079904,19.440697,8.150193,1,-1,-1,-1,0.002871,0.002784,0.154621,0.024859
19,3958,122.311251,130.800609,18.877532,7.618830,1,-1,-1,-1,0.004152,0.004404,0.187197,0.030496
19,3957,14.540140,216.530388,8.119781,18.659183,1,-1,-1,-1,0.003204,0.003831,0.187743,0.033607
19,3956,15.371546,187.652978,7.646903,16.983839,1,-1,-1,-1,0.004070,0.004317,0.258731,0.058581
20,3967,-66.751858,116.947081,15.775630,8.129503,1,-1,-1,-1,0.079175,0.060671,0.867945,0.317213
20,3963,70.917413,117.295010,19.852920,8.631619,1,-1,-1,-1,0.119176,0.105577,1.393029,0.232573
20,3962,92.694496,131.387875,18.798626,8.554372,1,-1,-1,-1,0.117965,0.060428,0.955300,0.332687
20,3961,-70.265036,131.355344,17.401115,8.106422,1,-1,-1,-1,0.130052,0.073897,1.350966,0.416820
20,3960,-99.024026,131.134317,18.000822,8.339921,1,-1,-1,-1,0.140940,0.072582,1.485277,0.448863
20,3959,-40.000040,117.079984,19.440081,8.150032,1,-1,-1,-1,0.002988,0.002869,0.157218,0.025349
20,3958,122.309392,130.799636,18.881210,7.610770,1,-1,-1,-1,0.004111,0.004360,0.184399,0.029625
20,3957,14.549866,216.529616,8.120210,18.650799,1,-1,-1,-1,0.003204,0.003831,0.187589,0.033933
20,3956,15.379142,187.638002,7.641676,16.964197,1,-1,-1,-1,0.004070,0.004317,0.264115,0.059161
21,3967,-66.515229,117.073659,15.793291,8.130338,1,-1,-1,-1,0.097869,0.077441,0.967619,0.368546
21,3963,78.254112,117.032538,19.670043,8.499636,1,-1,-1,-1,0.146005,0.116476,1.494893,0.393001
21,3962,92.830442,131.552459,18.734091,8.753027,1,-1,-1,-1,0.125447,0.065344,1.191673,0.388737
21,3961,-69.728746,131.090207,16.812868,7.965828,1,-1,-1,-1,0.076342,0.042949,0.912187,0.311039
21,3960,-99.420565,131.261928,18.280215,8.470969,1,-1,-1,-1,0.063226,0.041321,1.011760,0.259854
21,3959,-40.000005,117.079998,19.440011,8.150004,1,-1,-1,-1,0.003048,0.002869,0.158572,0.025848
21,3958,122.308956,130.799682,18.862167,7.610634,1,-1,-1,-1,0.004726,0.004817,0.195526,0.031706
21,3957,14.549989,216.529962,8.120026,18.650070,1,-1,-1,-1,0.003334,0.003908,0.190703,0.034263
21,3956,15.379078,187.628011,7.631873,16.944075,1,-1,-1,-1,0.003301,0.002898,0.224213,0.050835
22,3967,-66.877830,117.032803,16.356304,8.091320,1,-1,-1,-1,0.113436,0.088311,1.130215,0.432015
22,3963,86.079959,117.951523,19.745372,9.295083,1,-1,-1,-1,0.071528,0.059598,1.095745,0.243607
22,3962,92.642252,131.521389,18.924893,8.780796,1,-1,-1,-1,0.116765,0.059450,1.130459,0.326833
22,3961,-69.472713,131.148516,16.526025,7.981691,1,-1,-1,-1,0.094224,0.073762,1.065544,0.400647
22,3960,-99.552909,131.350806,18.411409,8.693268,1,-1,-1,-1,0.131593,0.069065,1.219257,0.353647
22,3959,-40.000000,117.080000,19.440001,8.150001,1,-1,-1,-1,0.003048,0.002869,0.157157,0.025598
22,3958,122.309849,130.799945,18.860289,7.610109,1,-1,-1,-1,0.004587,0.004722,0.194074,0.032328
22,3957,14.550007,216.530010,8.119989,18.649976,1,-1,-1,-1,0.002988,0.003718,0.184301,0.033284
22,3956,15.380800,187.641673,7.638362,16.956481,1,-1,-1,-1,0.003834,0.004148,0.253951,0.058031
23,3967,-66.339490,116.791135,16.114104,8.070021,1,-1,-1,-1,0.106542,0.083571,1.021073,0.391053
23,3963,93.122469,117.341688,18.746575,8.987672,1,-1,-1,-1,0.216479,0.185890,1.514312,0.718028
23,3962,92.985173,131.284815,18.896968,8.451875,1,-1,-1,-1,0.057964,0.016162,0.629497,0.118426
23,3961,-70.625152,131.448807,17.648281,7.969445,1,-1,-1,-1,0.109257,0.061775,1.101214,0.355892
23,3960,-99.559905,131.314140,18.455288,8.633006,1,-1,-1,-1,0.103745,0.071830,1.201324,0.337356
23,3959,-40.000000,117.080000,19.440000,8.150000,1,-1,-1,-1,0.002814,0.002757,0.153012,0.024618
23,3958,122.329202,130.799787,18.841528,7.610424,1,-1,-1,-1,0.003301,0.003015,0.160508,0.024622
23,3957,14.540037,216.530016,8.119984,18.649963,1,-1,-1,-1,0.003079,0.003718,0.185648,0.033283
23,3956,15.380336,187.640992,7.639328,16.967969,1,-1,-1,-1,0.003911,0.004190,0.255033,0.057506
24,3967,-66.352001,116.763490,15.947399,8.021462,1,-1,-1,-1,0.100766,0.081990,0.944962,0.371373
24,3963,101.929893,117.329755,18.636582,8.728355,1,-1,-1,-1,0.217887,0.172108,1.880854,0.755937
24,3962,92.695330,131.106879,18.622299,8.505765,1,-1,-1,-1,0.120257,0.082322,1.056541,0.375610
24,3961,-70.495613,131.301239,17.656921,8.051549,1,-1,-1,-1,0.106437,0.061734,1.148350,0.360820
24,3960,-99.561465,131.300308,18.470421,8.670291,1,-1,-1,-1,0.101627,0.065377,1.217818,0.343943
24,3959,-39.999999,117.080000,19.440000,8.150000,1,-1,-1,-1,0.002958,0.002840,0.155585,0.025349
24,3958,122.320700,130.800192,18.858598,7.609616,1,-1,-1,-1,0.003079,0.002897,0.155719,0.023675
24,3957,14.550107,216.530462,8.119724,18.659037,1,-1,-1,-1,0.003301,0.003908,0.190402,0.033933
24,3956,15.371052,187.662130,7.647934,16.985504,1,-1,-1,-1,0.004070,0.004317,0.261181,0.059158
25,3967,-66.159113,116.884688,15.720674,7.977029,1,-1,-1,-1,0.100706,0.078233,0.869710,0.356605
25,3963,109.559463,117.978730,17.994342,8.830392,1,-1,-1,-1,0.318252,0.229248,2.122271,1.050001
25,3962,92.830751,131.472222,18.732051,8.633205,1,-1,-1,-1,0.125434,0.075338,1.210534,0.386723
25,3961,-70.060739,131.480692,17.265773,8.225916,1,-1,-1,-1,0.217771,0.127977,1.536835,0.569792
25,3960,-99.276792,131.381647,18.541687,8.894868,1,-1,-1,-1,0.106364,0.067229,1.256161,0.331728
25,3959,-39.999632,117.080108,19.449238,8.149783,1,-1,-1,-1,0.002988,0.002869,0.155585,0.025103
25,3958,122.310592,130.800167,18.868854,7.609665,1,-1,-1,-1,0.004408,0.004629,0.189555,0.030792
25,3957,14.540057,216.530064,8.119949,18.659871,1,-1,-1,-1,0.003334,0.003947,0.192074,0.034263
25,3956,15.378322,187.626584,7.633354,16.957216,1,-1,-1,-1,0.003796,0.004067,0.255069,0.057510
26,3967,-66.276805,116.974838,15.816969,8.051809,1,-1,-1,-1,0.112363,0.088270,0.958767,0.401968
26,3963,119.182977,116.940673,18.584127,8.229256,1,-1,-1,-1,0.098392,0.043996,1.312958,0.399759
26,3962,93.104116,131.489129,18.882339,8.582140,1,-1,-1,-1,0.051201,0.016006,0.624964,0.109460
26,3961,-70.204898,131.376251,17.337841,8.165808,1,-1,-1,-1,0.163977,0.098053,1.561275,0.531047
26,3960,-99.159823,131.115340,18.470763,8.749104,1,-1,-1,-1,0.176467,0.116012,1.644506,0.603967
26,3959,-40.010187,117.069781,19.460402,8.140511,1,-1,-1,-1,0.002759,0.002702,0.151519,0.024618
26,3958,122.327153,130.789030,18.835685,7.602091,1,-1,-1,-1,0.006121,0.005648,0.215860,0.034929
26,3957,14.540578,216.541100,8.128811,18.667695,1,-1,-1,-1,0.003301,0.003908,0.190432,0.033934
26,3956,15.371581,187.663199,7.646835,16.983200,1,-1,-1,-1,0.004030,0.004274,0.256774,0.058051
27,3967,-66.166088,116.970899,15.861164,8.023749,1,-1,-1,-1,0.102648,0.078989,0.920711,0.372147
27,3963,128.408357,117.068226,18.375287,8.122721,1,-1,-1,-1,0.140532,0.057708,1.330275,0.453269
27,3962,92.697217,131.621124,18.771891,8.728708,1,-1,-1,-1,0.149904,0.099843,1.117788,0.387098
27,3961,-70.046145,131.293797,17.064104,8.093745,1,-1,-1,-1,0.130553,0.089195,1.465669,0.536951
27,3960,-99.131249,131.030250,18.350015,8.598045,1,-1,-1,-1,0.305935,0.169119,2.086076,0.792980
27,3959,-39.990212,117.080100,19.440372,8.149718,1,-1,-1,-1,0.002900,0.002812,0.154082,0.024859
27,3958,122.302492,130.790638,18.885009,7.598711,1,-1,-1,-1,0.005379,0.005164,0.204322,0.031102
27,3957,14.539477,216.539000,8.121077,18.662047,1,-1,-1,-1,0.003436,0.004026,0.193582,0.035271
27,3956,15.379933,187.649470,7.650062,16.971226,1,-1,-1,-1,0.003834,0.004107,0.254678,0.056965
28,3967,-66.814725,116.917713,16.213805,8.063386,1,-1,-1,-1,0.108345,0.095034,1.065828,0.420616
28,3963,137.254924,116.983328,18.088337,8.088004,1,-1,-1,-1,0.226320,0.074514,1.557161,0.574928
28,3962,92.594123,131.498894,18.572086,8.712059,1,-1,-1,-1,0.150361,0.074011,1.291630,0.416161
28,3961,-69.222879,131.014397,16.237198,7.744841,1,-1,-1,-1,0.055288,0.042966,0.798430,0.299240
28,3960,-99.339281,131.103006,18.363524,8.461063,1,-1,-1,-1,0.105923,0.072220,1.407461,0.376845
28,3959,-39.999967,117.080007,19.439993,8.149986,1,-1,-1,-1,0.002958,0.002840,0.155441,0.025597
28,3958,122.320046,130.800412,18.849903,7.619052,1,-1,-1,-1,0.003721,0.003233,0.170527,0.026361
28,3957,14.549755,216.529405,8.120426,18.651305,1,-1,-1,-1,0.003436,0.004026,0.193609,0.035273
28,3956,15.379193,187.638531,7.641653,16.963054,1,-1,-1,-1,0.003911,0.004190,0.258631,0.058600
29,3976,150.433900,132.254055,20.698964,10.297860,1,-1,-1,-1,0.668076,0.174107,3.201076,0.309503
29,3967,-66.707671,117.070084,16.405281,8.085899,1,-1,-1,-1,0.116569,0.090015,1.132609,0.440104
29,3963,146.938201,116.928357,18.568956,8.023444,1,-1,-1,-1,0.210862,0.073896,1.494772,0.473509
29,3962,92.782314,131.435121,18.636922,8.755853,1,-1,-1,-1,0.133939,0.067257,1.301198,0.389861
29,3961,-69.864622,131.557592,16.656611,7.918133,1,-1,-1,-1,0.122376,0.078000,1.163796,0.436376
29,3960,-99.497474,131.420757,18.348484,8.690688,1,-1,-1,-1,0.111349,0.071833,1.323382,0.359624
29,3959,-39.999999,117.080001,19.439998,8.149999,1,-1,-1,-1,0.002929,0.002840,0.154083,0.025103
29,3958,122.329718,130.799762,18.860463,7.610508,1,-1,-1,-1,0.003611,0.003170,0.166898,0.025104
29,3957,14.540126,216.530358,8.119808,18.659245,1,-1,-1,-1,0.003204,0.003830,0.187107,0.033608
29,3956,15.371137,187.662836,7.647764,16.994010,1,-1,-1,-1,0.004111,0.004317,0.258706,0.058605
30,3976,150.976186,131.950610,20.048144,9.835496,1,-1,-1,-1,0.359501,0.113858,2.277913,0.269669
30,3967,-66.452048,116.969427,16.179995,8.039971,1,-1,-1,-1,0.089388,0.071241,0.934320,0.332148
30,3963,156.837643,117.197730,18.913794,8.244010,1,-1,-1,-1,0.258788,0.071840,1.472340,0.451290
30,3962,92.780773,131.433887,18.654858,8.679466,1,-1,-1,-1,0.139819,0.090649,1.320807,0.401975
30,3961,-70.201627,131.411509,17.100371,7.990857,1,-1,-1,-1,0.098990,0.058915,1.121898,0.380092
30,3960,-99.513182,131.281146,18.430161,8.723535,1,-1,-1,-1,0.093581,0.060599,1.198564,0.327675
30,3959,-40.000000,117.080000,19.440000,8.150000,1,-1,-1,-1,0.003018,0.002897,0.156736,0.025349
30,3958,122.329955,130.799977,18.860096,7.610047,1,-1,-1,-1,0.003402,0.003046,0.161115,0.024859
30,3957,14.540018,216.530048,8.119962,18.659902,1,-1,-1,-1,0.003301,0.003908,0.191716,0.034263
30,3956,15.379089,187.637976,7.641783,16.974332,1,-1,-1,-1,0.003911,0.004190,0.256554,0.058054
31,3976,151.496126,132.391273,20.199133,10.148702,1,-1,-1,-1,0.446340,0.143933,2.270039,0.278660
31,3967,-66.738463,117.050231,16.534459,8.085508,1,-1,-1,-1,0.108203,0.085783,1.100530,0.422529
31,3963,165.108801,116.954455,19.422965,8.150128,1,-1,-1,-1,0.273800,0.088198,1.476025,0.325109
31,3962,92.835535,131.404080,18.773023,8.592086,1,-1,-1,-1,0.124515,0.078981,1.233475,0.369420
31,3961,-69.659810,131.127756,16.807974,7.858325,1,-1,-1,-1,0.083644,0.067198,1.076228,0.398314
31,3960,-99.683280,130.947855,18.552926,8.570296,1,-1,-1,-1,0.092597,0.061141,1.158848,0.340760
31,3959,-39.999632,117.080108,19.449237,8.149784,1,-1,-1,-1,0.002871,0.002812,0.154048,0.025349
31,3958,122.320803,130.800441,18.858477,7.619078,1,-1,-1,-1,0.004235,0.004492,0.186214,0.031396
31,3957,14.540451,216.530695,8.129066,18.658609,1,-1,-1,-1,0.003269,0.003869,0.190175,0.033934
31,3956,15.380773,187.651602,7.648417,16.986631,1,-1,-1,-1,0.004321,0.004448,0.266862,0.060287
32,3976,130.757698,163.142325,10.529794,22.452945,1,-1,-1,-1,1.458413,0.525538,3.014635,0.030083
32,3967,-66.107276,116.925414,16.052043,8.031754,1,-1,-1,-1,0.098888,0.073949,0.931634,0.346694
32,3963,174.471816,117.154860,19.493746,8.318963,1,-1,-1,-1,0.181606,0.068591,1.319157,0.335555
32,3962,92.696785,131.489324,18.702863,8.626982,1,-1,-1,-1,0.115657,0.073914,1.166889,0.353842
32,3961,-70.033749,131.458734,17.127277,7.903338,1,-1,-1,-1,0.139048,0.086548,1.312962,0.484268
32,3960,-99.641293,131.443643,18.258792,8.691740,1,-1,-1,-1,0.104341,0.058308,1.147069,0.324104
32,3959,-40.000338,117.079903,19.440706,8.150194,1,-1,-1,-1,0.002929,0.002812,0.155322,0.025598
32,3958,122.320120,130.800056,18.859759,7.619893,1,-1,-1,-1,0.004541,0.004722,0.193234,0.032016
32,3957,14.539594,216.529407,8.120842,18.661184,1,-1,-1,-1,0.003334,0.003947,0.191712,0.034932
32,3956,15.378502,187.636785,7.633062,16.956595,1,-1,-1,-1,0.003470,0.002956,0.225247,0.051324
33,3967,-66.135930,117.052200,15.977462,8.037634,1,-1,-1,-1,0.108287,0.080385,0.948097,0.368136
33,3963,180.704269,117.598489,19.581578,8.554258,1,-1,-1,-1,0.276637,0.113934,1.478387,0.255960
33,3962,92.662334,131.521706,18.618441,8.603963,1,-1,-1,-1,0.113486,0.084211,1.244972,0.410252
33,3961,-70.226595,131.482165,17.280945,7.991033,1,-1,-1,-1,0.228094,0.143983,1.691652,0.637128
33,3960,-99.199929,131.111848,17.948464,8.546934,1,-1,-1,-1,0.226720,0.175072,1.613871,0.665127
33,3959,-40.000041,117.079985,19.440081,8.150031,1,-1,-1,-1,0.002958,0.002840,0.155320,0.025598
33,3958,122.310466,130.800123,18.869105,7.619758,1,-1,-1,-1,0.004278,0.004492,0.188532,0.030502
33,3957,14.549782,216.529431,8.120376,18.651172,1,-1,-1,-1,0.003269,0.003869,0.190099,0.034597
33,3956,15.381463,187.652832,7.646998,16.974129,1,-1,-1,-1,0.004030,0.004274,0.256988,0.058583
34,3967,-66.102495,117.001832,15.925454,8.016263,1,-1,-1,-1,0.093561,0.071868,0.874503,0.351140
34,3962,92.693489,131.492544,18.496036,8.740885,1,-1,-1,-1,0.133435,0.067293,1.303469,0.395075
34,3961,-70.185709,131.393015,17.300338,8.023099,1,-1,-1,-1,0.104434,0.060807,1.266572,0.411032
34,3960,-99.467463,131.339031,18.226870,8.659931,1,-1,-1,-1,0.106371,0.066967,1.332295,0.359457
34,3959,-39.999634,117.080108,19.449241,8.149784,1,-1,-1,-1,0.002988,0.002869,0.155297,0.025103
34,3958,122.310021,130.800010,18.869952,7.619984,1,-1,-1,-1,0.004408,0.004583,0.191597,0.031098
34,3957,14.540128,216.530363,8.119802,18.659237,1,-1,-1,-1,0.003048,0.003718,0.183680,0.032964
34,3956,15.379509,187.649202,7.641020,16.971639,1,-1,-1,-1,0.003834,0.004148,0.254155,0.058054
35,3967,-66.395759,117.007315,16.304417,8.053128,1,-1,-1,-1,0.105310,0.086579,1.046617,0.421516
35,3962,92.880151,131.506258,18.748096,8.803313,1,-1,-1,-1,0.107603,0.064127,1.188137,0.337307
35,3961,-70.411129,131.326057,17.525001,8.065166,1,-1,-1,-1,0.122979,0.072456,1.273823,0.403727
35,3960,-99.582247,130.965872,18.462154,8.561988,1,-1,-1,-1,0.106385,0.056682,1.195559,0.340260
35,3959,-40.000335,117.079904,19.440698,8.150192,1,-1,-1,-1,0.002900,0.002784,0.153928,0.025103
35,3958,122.328823,130.799488,18.862248,7.611055,1,-1,-1,-1,0.003796,0.003266,0.168587,0.025601
35,3957,14.540018,216.530048,8.119962,18.659903,1,-1,-1,-1,0.003141,0.003793,0.185064,0.033606
35,3956,15.380699,187.651246,7.648566,16.977470,1,-1,-1,-1,0.004193,0.004404,0.262263,0.059721
36,3967,-66.459591,116.847903,16.248386,7.952637,1,-1,-1,-1,0.092677,0.073258,0.933744,0.362601
36,3962,92.606001,131.478876,18.464042,8.770843,1,-1,-1,-1,0.169025,0.084936,1.399753,0.458492
36,3961,-69.922370,131.260031,17.058855,8.064989,1,-1,-1,-1,0.133564,0.115009,1.357724,0.504132
36,3960,-99.543439,131.568009,18.438629,8.740649,1,-1,-1,-1,0.128652,0.085680,1.330483,0.394926
36,3959,-40.000040,117.079985,19.440080,8.150031,1,-1,-1,-1,0.002900,0.002812,0.155230,0.025103
36,3958,122.329837,130.799931,18.860332,7.610138,1,-1,-1,-1,0.003721,0.003233,0.168100,0.026102
36,3957,14.549841,216.529558,8.120257,18.650918,1,-1,-1,-1,0.003236,0.003869,0.188234,0.033933
36,3956,15.379959,187.649617,7.650086,16.970813,1,-1,-1,-1,0.004452,0.004583,0.268910,0.062021
37,3967,-65.906185,116.976533,16.010796,7.991034,1,-1,-1,-1,0.076866,0.057243,0.790846,0.298907
37,3962,93.093300,131.487358,18.784280,8.548345,1,-1,-1,-1,0.054843,0.016652,0.649317,0.116140
37,3961,-70.203837,131.308245,17.266947,8.047254,1,-1,-1,-1,0.150066,0.086838,1.427554,0.476615
37,3960,-99.762311,131.283802,18.629632,8.615313,1,-1,-1,-1,0.162288,0.090771,1.494529,0.493385
37,3959,-40.000005,117.079998,19.440010,8.150004,1,-1,-1,-1,0.002958,0.002840,0.156590,0.025349
37,3958,122.320407,130.800106,18.869224,7.609787,1,-1,-1,-1,0.003721,0.003233,0.166626,0.025350
37,3957,14.540271,216.540807,8.119518,18.668245,1,-1,-1,-1,0.003172,0.003793,0.188285,0.033934
37,3956,15.379377,187.649154,7.641284,16.971693,1,-1,-1,-1,0.003796,0.004107,0.252425,0.056976
38,3967,-66.360351,116.988992,16.243564,8.036934,1,-1,-1,-1,0.113086,0.090575,1.008638,0.424825
38,3962,92.707713,131.417428,18.840504,8.646582,1,-1,-1,-1,0.090628,0.045389,0.857228,0.266416
38,3961,-69.607461,131.195048,16.813248,7.975952,1,-1,-1,-1,0.081591,0.061221,1.078179,0.377209
38,3960,-99.290641,131.067673,18.451526,8.545009,1,-1,-1,-1,0.205458,0.109103,1.715792,0.591788
38,3959,-40.000001,117.080000,19.440001,8.150001,1,-1,-1,-1,0.002929,0.002812,0.155240,0.025349
38,3958,122.310856,130.800458,18.868366,7.619042,1,-1,-1,-1,0.004193,0.004448,0.186133,0.030793
38,3957,14.549882,216.529700,8.120178,18.660712,1,-1,-1,-1,0.003172,0.003830,0.186671,0.033607
38,3956,15.370876,187.661799,7.648285,16.986249,1,-1,-1,-1,0.004030,0.004274,0.259943,0.058600
39,3967,-65.801973,116.830974,15.836234,7.936477,1,-1,-1,-1,0.066189,0.049636,0.723748,0.252772
39,3962,92.805418,131.302168,18.756025,8.686003,1,-1,-1,-1,0.125038,0.062849,1.082093,0.354162
39,3961,-68.595989,131.178433,15.732895,7.870494,1,-1,-1,-1,0.097764,0.071781,0.898166,0.389637
39,3960,-97.682942,130.977916,17.447814,8.423496,1,-1,-1,-1,0.256433,0.196938,1.799054,0.758184
39,3959,-40.000000,117.080000,19.440000,8.150000,1,-1,-1,-1,0.002988,0.002840,0.156554,0.025598
39,3958,122.328589,130.799440,18.852753,7.611151,1,-1,-1,-1,0.003611,0.003170,0.165507,0.025353
39,3957,14.549983,216.529952,8.120037,18.660096,1,-1,-1,-1,0.003301,0.003908,0.188195,0.033933
39,3956,15.379952,187.649764,7.650019,16.980603,1,-1,-1,-1,0.004111,0.004317,0.260214,0.059162
40,3967,-66.866763,117.101251,16.550519,8.003644,1,-1,-1,-1,0.112969,0.091358,1.087430,0.439527
40,3962,92.671304,131.456995,18.318948,8.716132,1,-1,-1,-1,0.128890,0.060569,1.211191,0.387770
40,3961,-69.721599,131.458148,16.610266,7.929974,1,-1,-1,-1,0.128537,0.074575,1.191303,0.431115
40,3960,-99.206242,131.085558,18.312166,8.432999,1,-1,-1,-1,0.126871,0.069626,1.385959,0.399439
40,3959,-40.000000,117.080000,19.440000,8.150000,1,-1,-1,-1,0.002929,0.002812,0.155206,0.025103
40,3958,122.330213,130.810010,18.859542,7.609920,1,-1,-1,-1,0.003872,0.003332,0.169405,0.026357
40,3957,14.540487,216.530694,8.129060,18.658611,1,-1,-1,-1,0.003334,0.003908,0.191419,0.034596
40,3956,15.378875,187.627367,7.642289,16.955532,1,-1,-1,-1,0.003872,0.004148,0.258105,0.057510
41,3967,-66.065607,116.854747,16.116308,8.024157,1,-1,-1,-1,0.071384,0.054103,0.792286,0.286068
41,3962,92.604177,131.499532,18.621765,8.602977,1,-1,-1,-1,0.100871,0.064712,1.073237,0.314453
41,3961,-70.021452,131.562365,16.884780,8.048975,1,-1,-1,-1,0.147358,0.095852,1.395909,0.514191
41,3960,-99.526676,131.373453,18.319477,8.526412,1,-1,-1,-1,0.131241,0.088178,1.421424,0.435046
41,3959,-40.000000,117.080000,19.440000,8.150000,1,-1,-1,-1,0.003079,0.002897,0.157886,0.025848
41,3958,122.330032,130.800042,18.859940,7.609978,1,-1,-1,-1,0.003647,0.003201,0.166576,0.025849
41,3957,14.539610,216.529424,8.120809,18.661151,1,-1,-1,-1,0.003079,0.003755,0.185100,0.032963
41,3956,15.370934,187.652089,7.648169,16.975521,1,-1,-1,-1,0.004193,0.004404,0.264237,0.059719
42,3967,-66.395410,116.964029,16.267188,8.095738,1,-1,-1,-1,0.115086,0.093089,1.024679,0.429142
42,3962,92.889149,131.629636,18.777664,8.747290,1,-1,-1,-1,0.108293,0.065341,1.094088,0.320115
42,3961,-69.880331,131.259489,16.931597,8.021100,1,-1,-1,-1,0.093813,0.051094,1.094608,0.351885
42,3960,-99.781781,131.279090,18.545458,8.684541,1,-1,-1,-1,0.104665,0.053071,1.155963,0.311909
42,3959,-40.000000,117.080000,19.440000,8.150000,1,-1,-1,-1,0.002958,0.002840,0.155201,0.025598
42,3958,122.330011,130.800003,18.859982,7.609993,1,-1,-1,-1,0.003611,0.003138,0.163654,0.025350
42,3957,14.539944,216.529886,8.120109,18.660228,1,-1,-1,-1,0.003172,0.003792,0.188089,0.033933
42,3956,15.378454,187.637068,7.633088,16.956055,1,-1,-1,-1,0.003834,0.004148,0.254074,0.057511
43,3967,-66.399605,116.951541,16.171604,8.136882,1,-1,-1,-1,0.105493,0.084322,0.993238,0.393684
43,3962,92.799551,131.547871,18.749002,8.814410,1,-1,-1,-1,0.128674,0.081083,1.196930,0.363481
43,3961,-70.284811,131.440393,17.315078,8.123108,1,-1,-1,-1,0.141684,0.082523,1.282609,0.421588
43,3960,-99.718946,131.244244,18.511371,8.828788,1,-1,-1,-1,0.117555,0.058839,1.177252,0.322390
43,3959,-40.000000,117.080000,19.440000,8.150000,1,-1,-1,-1,0.003048,0.002869,0.157857,0.025849
43,3958,122.330008,130.800002,18.859988,7.609995,1,-1,-1,-1,0.003611,0.003138,0.166427,0.025598
43,3957,14.549961,216.529980,8.120018,18.660039,1,-1,-1,-1,0.003204,0.003792,0.188144,0.033934
43,3956,15.380657,187.651382,7.638648,16.967073,1,-1,-1,-1,0.003872,0.004148,0.253630,0.057505
44,3967,-65.940834,116.936824,15.969270,8.101705,1,-1,-1,-1,0.098855,0.075336,0.913026,0.368842
44,3962,92.627290,131.331856,18.729414,8.682817,1,-1,-1,-1,0.104644,0.051554,1.068531,0.320485
44,3961,-69.909425,131.236514,17.041857,8.158013,1,-1,-1,-1,0.163965,0.134075,1.501773,0.556302
44,3960,-99.176795,131.260662,18.349120,8.801657,1,-1,-1,-1,0.250383,0.138530,1.715916,0.687822
44,3959,-40.000000,117.080000,19.440000,8.150000,1,-1,-1,-1,0.003079,0.002897,0.157893,0.025849
44,3958,122.320426,130.800114,18.869184,7.609771,1,-1,-1,-1,0.003540,0.003138,0.163621,0.025349
44,3957,14.550000,216.529996,8.120004,18.660008,1,-1,-1,-1,0.003269,0.003908,0.189724,0.034596
44,3956,15.380143,187.640354,7.639715,16.969372,1,-1,-1,-1,0.004070,0.004317,0.259748,0.059158
45,3967,-66.197867,117.068100,16.003701,8.164713,1,-1,-1,-1,0.130870,0.100360,1.059991,0.437979
45,3962,92.746515,131.426171,18.906942,8.647376,1,-1,-1,-1,0.102545,0.062870,1.085959,0.337765
45,3961,-70.344971,131.656601,17.487522,8.348330,1,-1,-1,-1,0.240556,0.130064,1.762755,0.605117
45,3960,-96.245616,131.537803,16.850507,8.789219,1,-1,-1,-1,0.207922,0.180125,1.588183,0.850910
45,3959,-40.000000,117.080000,19.440000,8.150000,1,-1,-1,-1,0.002958,0.002812,0.155162,0.025350
45,3958,122.320396,130.800352,18.859249,7.619252,1,-1,-1,-1,0.004633,0.004769,0.193899,0.032637
45,3957,14.540029,216.529998,8.120001,18.660003,1,-1,-1,-1,0.003110,0.003792,0.184984,0.033608
45,3956,15.379875,187.639467,7.640250,16.961098,1,-1,-1,-1,0.003796,0.004107,0.251756,0.057510
46,3967,-66.169785,116.869253,15.976729,8.086572,1,-1,-1,-1,0.102759,0.078291,0.951941,0.380205
46,3962,92.693442,131.531689,18.657933,8.763381,1,-1,-1,-1,0.157587,0.105897,1.339668,0.440638
46,3961,-70.073091,131.153951,17.240068,8.086335,1,-1,-1,-1,0.101651,0.056844,1.245049,0.393933
46,3960,-98.985405,131.445365,18.086142,8.693388,1,-1,-1,-1,0.143363,0.083994,1.437768,0.420052
46,3959,-40.000000,117.080000,19.440000,8.150000,1,-1,-1,-1,0.002900,0.002812,0.155101,0.025103
46,3958,122.310537,130.800159,18.868959,7.619686,1,-1,-1,-1,0.004070,0.004404,0.183501,0.030502
46,3957,14.549969,216.529999,8.120001,18.660002,1,-1,-1,-1,0.003269,0.003869,0.188012,0.033933
46,3956,15.379442,187.639244,7.631146,16.961506,1,-1,-1,-1,0.003402,0.002927,0.222432,0.050832
47,3983,-121.732973,130.330745,16.485609,7.744934,1,-1,-1,-1,0.433630,0.109741,3.786161,0.892465
47,3967,-65.833521,116.828421,15.952086,8.012259,1,-1,-1,-1,0.093515,0.070516,0.898259,0.354558
47,3962,92.679291,131.644723,18.652632,8.768776,1,-1,-1,-1,0.093011,0.065486,1.171576,0.342510
47,3961,-69.900956,131.151907,16.967124,8.145719,1,-1,-1,-1,0.200172,0.122288,1.504977,0.568770
47,3960,-99.201849,131.448759,18.087479,8.722955,1,-1,-1,-1,0.204873,0.108046,1.718776,0.600613
47,3959,-40.000000,117.080000,19.440000,8.150000,1,-1,-1,-1,0.002958,0.002840,0.155089,0.025597
47,3958,122.328889,130.799512,18.862117,7.611006,1,-1,-1,-1,0.003647,0.003170,0.166769,0.025852
47,3957,14.550001,216.539963,8.120001,18.660002,1,-1,-1,-1,0.003301,0.003947,0.189668,0.034596
47,3956,15.380710,187.651251,7.638541,16.967376,1,-1,-1,-1,0.003990,0.004232,0.254218,0.058031
48,3967,-66.256965,116.940177,16.163331,7.967378,1,-1,-1,-1,0.085180,0.067877,0.872027,0.342505
48,3962,93.032053,131.540670,18.895630,8.605570,1,-1,-1,-1,0.071301,0.019489,0.690730,0.125197
48,3961,-69.704128,131.305999,16.856745,8.155683,1,-1,-1,-1,0.135762,0.107418,1.449854,0.516972
48,3960,-99.426522,131.138161,18.412009,8.650882,1,-1,-1,-1,0.121845,0.059561,1.291361,0.364736
48,3959,-40.000000,117.080000,19.440000,8.150000,1,-1,-1,-1,0.002900,0.002812,0.153735,0.025349
48,3958,122.329845,130.809905,18.860314,7.610131,1,-1,-1,-1,0.003684,0.003233,0.166423,0.025598
48,3957,14.540030,216.530037,8.120001,18.660002,1,-1,-1,-1,0.003236,0.003869,0.188097,0.033934
48,3956,15.379216,187.628376,7.631601,16.953471,1,-1,-1,-1,0.003721,0.004066,0.251451,0.056965
49,3967,-65.713293,116.946358,15.957928,8.050735,1,-1,-1,-1,0.095130,0.072487,0.890331,0.357238
49,3962,92.789818,131.263396,18.534259,8.688348,1,-1,-1,-1,0.151583,0.077863,1.166708,0.430658
49,3961,-69.497250,131.342155,16.413286,8.113643,1,-1,-1,-1,0.165275,0.096987,1.279474,0.501102
49,3960,-98.947749,131.276043,18.117213,8.629133,1,-1,-1,-1,0.166426,0.108790,1.518240,0.489555
49,3959,-40.000000,117.080000,19.440000,8.150000,1,-1,-1,-1,0.002988,0.002840,0.156396,0.025349
49,3958,122.311383,130.800653,18.867375,7.618746,1,-1,-1,-1,0.005017,0.004963,0.200497,0.033275
49,3957,14.539998,216.529999,8.120001,18.660002,1,-1,-1,-1,0.003334,0.003908,0.191246,0.034596
49,3956,15.380480,187.630486,7.639001,16.949010,1,-1,-1,-1,0.003950,0.004232,0.255383,0.058600
50,3967,-66.348184,117.081731,16.181053,8.124653,1,-1,-1,-1,0.122866,0.102189,1.089518,0.454744
50,3962,92.854398,131.319310,18.663845,8.731276,1,-1,-1,-1,0.116980,0.058354,1.120909,0.341943
50,3961,-69.966737,131.508073,16.956611,8.147859,1,-1,-1,-1,0.146633,0.082786,1.349178,0.466609
50,3960,-99.188064,131.153150,18.197901,8.501948,1,-1,-1,-1,0.117124,0.057885,1.283901,0.375234
50,3959,-40.000000,117.080000,19.440000,8.150000,1,-1,-1,-1,0.002958,0.002840,0.155081,0.025103
50,3958,122.310188,130.800081,18.869617,7.619840,1,-1,-1,-1,0.004070,0.004360,0.185165,0.030503
50,3957,14.549839,216.529553,8.120262,18.650927,1,-1,-1,-1,0.003172,0.003830,0.186521,0.033608
50,3956,15.371423,187.663377,7.647194,16.982831,1,-1,-1,-1,0.004235,0.004404,0.261722,0.059723
51,3967,-66.393101,117.060925,16.209065,8.125699,1,-1,-1,-1,0.138407,0.109211,1.156104,0.468361
51,3962,92.707110,131.453146,18.616478,8.703372,1,-1,-1,-1,0.128785,0.084114,1.212287,0.384014
51,3961,-70.255387,131.650882,17.372197,8.329568,1,-1,-1,-1,0.164059,0.100422,1.524362,0.518702
51,3960,-97.165856,131.169543,17.027292,8.344199,1,-1,-1,-1,0.301806,0.245240,1.546173,0.840230
51,3959,-39.999615,117.080114,19.449202,8.149771,1,-1,-1,-1,0.003079,0.002897,0.159136,0.025848
51,3958,122.328829,130.809461,18.862234,7.611049,1,-1,-1,-1,0.003796,0.003299,0.169654,0.025601
51,3957,14.550112,216.530393,8.119779,18.659174,1,-1,-1,-1,0.003236,0.003869,0.187976,0.033933
51,3956,15.379150,187.638109,7.641663,16.964066,1,-1,-1,-1,0.003911,0.004190,0.255754,0.058058
52,3967,-66.182251,116.898129,16.100485,8.107977,1,-1,-1,-1,0.100018,0.075449,0.952709,0.373874
52,3962,92.706553,131.440723,18.771113,8.700184,1,-1,-1,-1,0.103689,0.064184,1.086241,0.307033
52,3961,-70.842042,131.339714,17.889052,8.291268,1,-1,-1,-1,0.104927,0.063633,1.199845,0.346748
52,3960,-98.923679,131.203829,17.574753,8.260968,1,-1,-1,-1,0.123851,0.060477,1.342846,0.416269
52,3959,-40.000328,117.079906,19.440684,8.150189,1,-1,-1,-1,0.002814,0.002756,0.152435,0.024618
52,3958,122.320263,130.810048,18.869511,7.609907,1,-1,-1,-1,0.003684,0.003233,0.166437,0.025598
52,3957,14.549891,216.529603,8.120221,18.650828,1,-1,-1,-1,0.003269,0.003869,0.187999,0.034263
52,3956,15.379315,187.648939,7.631402,16.962066,1,-1,-1,-1,0.003402,0.002927,0.224282,0.050833
53,3967,-65.920674,117.102980,15.973989,8.119674,1,-1,-1,-1,0.121822,0.089037,1.027465,0.417865
53,3962,92.590221,131.382642,18.873278,8.644198,1,-1,-1,-1,0.121865,0.062320,1.114626,0.344434
53,3961,-69.863508,131.180782,17.065578,8.141108,1,-1,-1,-1,0.135705,0.075237,1.168228,0.432750
53,3960,-99.288143,131.318040,18.011534,8.358538,1,-1,-1,-1,0.115642,0.075928,1.321259,0.395546
53,3959,-39.999660,117.080097,19.449293,8.149806,1,-1,-1,-1,0.003079,0.002926,0.156335,0.025597
53,3958,122.329600,130.809896,18.860767,7.610212,1,-1,-1,-1,0.003647,0.003201,0.164936,0.025598
53,3957,14.540275,216.540818,8.119510,18.668220,1,-1,-1,-1,0.003236,0.003869,0.187987,0.034264
53,3956,15.380516,187.640647,7.638930,16.958782,1,-1,-1,-1,0.003872,0.004148,0.254146,0.057485
54,3967,-66.504896,116.880883,16.143000,8.034385,1,-1,-1,-1,0.117740,0.091636,1.052200,0.430790
54,3962,93.055345,131.479879,18.875409,8.568383,1,-1,-1,-1,0.055265,0.015846,0.611359,0.111212
54,3961,-70.258566,131.417759,17.491748,8.163470,1,-1,-1,-1,0.155473,0.105052,1.466639,0.541066
54,3960,-99.432436,131.394915,18.269692,8.542928,1,-1,-1,-1,0.153753,0.087406,1.373250,0.431682
54,3959,-40.000343,117.079901,19.440717,8.150198,1,-1,-1,-1,0.003079,0.002926,0.156398,0.025598
54,3958,122.329239,130.799616,18.861525,7.600859,1,-1,-1,-1,0.003796,0.003266,0.167759,0.025349
54,3957,14.549879,216.529694,8.120180,18.660728,1,-1,-1,-1,0.003334,0.003947,0.191176,0.034933
54,3956,15.371243,187.662766,7.647552,16.984191,1,-1,-1,-1,0.004030,0.004317,0.257429,0.059158
55,3967,-66.263592,117.031935,16.188657,8.044267,1,-1,-1,-1,0.102652,0.075370,1.037080,0.393809
55,3962,92.986179,131.369166,18.962907,8.525163,1,-1,-1,-1,0.048197,0.014926,0.535836,0.102606
55,3961,-70.230904,131.289948,17.458717,8.155550,1,-1,-1,-1,0.112830,0.064254,1.268765,0.389956
55,3960,-99.307597,131.302924,18.342164,8.465660,1,-1,-1,-1,0.205196,0.153108,1.702349,0.630765
55,3959,-40.000042,117.079984,19.440083,8.150032,1,-1,-1,-1,0.002958,0.002840,0.156391,0.025349
55,3958,122.321023,130.800459,18.867990,7.609048,1,-1,-1,-1,0.003647,0.003170,0.164944,0.025349
55,3957,14.549983,216.529952,8.120037,18.660096,1,-1,-1,-1,0.003110,0.003755,0.186457,0.032964
55,3956,15.378529,187.636962,7.632940,16.956299,1,-1,-1,-1,0.003368,0.002927,0.224285,0.051322
56,3967,-67.235046,117.077794,16.806379,8.164611,1,-1,-1,-1,0.140576,0.107964,1.282128,0.486890
56,3962,92.831484,131.376798,18.781168,8.675209,1,-1,-1,-1,0.121180,0.060984,0.960291,0.335349
56,3961,-70.029442,131.233005,17.220647,8.199582,1,-1,-1,-1,0.175063,0.100265,1.455420,0.505557
56,3960,-99.203923,130.948032,18.400190,8.357444,1,-1,-1,-1,0.153906,0.079277,1.521677,0.478434
56,3959,-40.000006,117.079998,19.440011,8.150004,1,-1,-1,-1,0.002988,0.002869,0.155031,0.025103
56,3958,122.329717,130.799945,18.860531,7.610108,1,-1,-1,-1,0.003834,0.003299,0.169188,0.026102
56,3957,14.540028,216.529991,8.120007,18.660016,1,-1,-1,-1,0.003334,0.003947,0.191113,0.034931
56,3956,15.380510,187.640823,7.638942,16.958306,1,-1,-1,-1,0.003872,0.004148,0.252063,0.057486
57,3967,-66.262959,116.842057,16.246652,8.089270,1,-1,-1,-1,0.087867,0.067378,0.901045,0.337177
57,3962,92.672837,131.462435,18.713208,8.720368,1,-1,-1,-1,0.112509,0.071779,1.072236,0.333698
57,3961,-70.171850,131.484705,17.356625,8.191609,1,-1,-1,-1,0.329807,0.215510,1.960334,0.816933
57,3960,-99.460610,131.383975,18.455171,8.598053,1,-1,-1,-1,0.112814,0.061197,1.223645,0.352597
57,3959,-40.000001,117.080000,19.440001,8.150000,1,-1,-1,-1,0.002958,0.002812,0.156351,0.025597
57,3958,122.313607,130.811923,18.862906,7.645903,1,-1,-1,-1,0.004321,0.004583,0.190652,0.034587
57,3957,14.539998,216.529998,8.120002,18.660004,1,-1,-1,-1,0.003172,0.003830,0.186435,0.033608
57,3956,15.380105,187.640211,7.639790,16.959571,1,-1,-1,-1,0.003990,0.004232,0.257281,0.058051
58,3967,-66.099944,116.721410,16.139842,7.903082,1,-1,-1,-1,0.127259,0.096680,1.021498,0.452470
58,3962,93.048636,131.416753,18.834664,8.559826,1,-1,-1,-1,0.050199,0.014937,0.594548,0.108120
58,3961,-70.653714,131.401169,17.771607,8.220849,1,-1,-1,-1,0.158481,0.097716,1.635237,0.500482
58,3960,-99.450740,131.279237,18.437704,8.680431,1,-1,-1,-1,0.095329,0.061723,1.156011,0.329752
58,3959,-40.000000,117.080000,19.440000,8.150000,1,-1,-1,-1,0.002900,0.002784,0.155016,0.025349
58,3958,122.327656,130.798703,18.874551,7.612781,1,-1,-1,-1,0.003647,0.003201,0.166800,0.025355
58,3957,14.539998,216.529999,8.120001,18.660002,1,-1,-1,-1,0.003172,0.003792,0.187893,0.033933
58,3956,15.379480,187.639349,7.631073,16.961299,1,-1,-1,-1,0.003470,0.002985,0.226094,0.051810
59,3967,-66.373915,117.017885,16.268013,7.987524,1,-1,-1,-1,0.096316,0.072612,0.970894,0.370071
59,3962,92.860535,131.292499,18.878152,8.559858,1,-1,-1,-1,0.106822,0.067015,0.973936,0.342920
59,3961,-70.370203,131.320388,17.564993,8.227993,1,-1,-1,-1,0.198510,0.120607,1.734778,0.585742
59,3960,-99.446174,131.105028,18.510144,8.494077,1,-1,-1,-1,0.112251,0.068485,1.231563,0.394009
59,3959,-40.000000,117.080000,19.440000,8.150000,1,-1,-1,-1,0.002929,0.002840,0.154986,0.025349
59,3958,122.329220,130.799715,18.861599,7.610568,1,-1,-1,-1,0.003575,0.003107,0.164893,0.025598
59,3957,14.549382,216.528848,8.111204,18.652339,1,-1,-1,-1,0.003269,0.003869,0.187920,0.034263
59,3956,15.379758,187.639236,7.630482,16.951562,1,-1,-1,-1,0.003911,0.004190,0.254106,0.058034
60,3967,-66.203782,116.938967,16.104612,8.048609,1,-1,-1,-1,0.092611,0.069832,0.878543,0.346069
60,3962,92.674623,131.417210,18.541540,8.686454,1,-1,-1,-1,0.109341,0.052517,1.080524,0.344310
60,3961,-70.452352,131.403775,17.632800,8.251007,1,-1,-1,-1,0.124015,0.071354,1.374993,0.413802
60,3960,-99.141436,130.993253,18.182111,8.448647,1,-1,-1,-1,0.144512,0.071812,1.378702,0.443543
60,3959,-39.999617,117.080114,19.449207,8.149772,1,-1,-1,-1,0.003018,0.002897,0.157691,0.025598
60,3958,122.329498,130.799841,18.851042,7.610316,1,-1,-1,-1,0.003721,0.003233,0.167709,0.026102
60,3957,14.540542,216.530984,8.118946,18.657994,1,-1,-1,-1,0.003269,0.003869,0.189505,0.034264
60,3956,15.371893,187.653952,7.646212,16.981856,1,-1,-1,-1,0.004030,0.004274,0.257312,0.058053
61,3967,-66.096134,116.971746,16.004843,8.023634,1,-1,-1,-1,0.101510,0.075975,0.893464,0.354870
61,3962,92.538105,131.466528,18.450364,8.653353,1,-1,-1,-1,0.128687,0.062873,1.164150,0.376029
61,3961,-69.985498,131.287121,17.281689,8.219586,1,-1,-1,-1,0.160781,0.092360,1.412622,0.495726
61,3960,-99.207574,131.149996,18.191008,8.371491,1,-1,-1,-1,0.219056,0.138742,1.732545,0.654455
61,3959,-40.000338,117.079903,19.440705,8.150194,1,-1,-1,-1,0.002988,0.002840,0.156373,0.025598
61,3958,122.330336,130.800092,18.859295,7.609814,1,-1,-1,-1,0.003684,0.003170,0.164897,0.025598
61,3957,14.540075,216.530169,8.119847,18.659663,1,-1,-1,-1,0.003172,0.003792,0.186358,0.033607
61,3956,15.378770,187.637682,7.632459,16.964779,1,-1,-1,-1,0.003470,0.002956,0.226055,0.051319
62,3967,-66.010715,117.022163,15.980640,8.055788,1,-1,-1,-1,0.114371,0.084221,1.008550,0.413212
62,3962,92.761452,131.485655,18.639641,8.694407,1,-1,-1,-1,0.108546,0.067210,1.094523,0.321174
62,3961,-69.804986,131.306439,16.906005,8.223424,1,-1,-1,-1,0.146565,0.082761,1.302230,0.453352
62,3960,-99.406151,131.168542,18.333113,8.278045,1,-1,-1,-1,0.271937,0.196150,2.020747,0.809260
62,3959,-39.990066,117.079984,19.440080,8.150031,1,-1,-1,-1,0.002871,0.002784,0.153650,0.025349
62,3958,122.330049,130.800017,18.859905,7.609964,1,-1,-1,-1,0.003721,0.003201,0.167695,0.025849
62,3957,14.549981,216.530026,8.119977,18.659947,1,-1,-1,-1,0.003301,0.003908,0.189448,0.034263
62,3956,15.381391,187.652418,7.647141,16.975002,1,-1,-1,-1,0.004152,0.004360,0.260186,0.059699
63,3967,-66.324318,116.923056,16.089457,8.059170,1,-1,-1,-1,0.101688,0.081948,0.977385,0.389637
63,3962,92.550300,131.475986,18.752638,8.549802,1,-1,-1,-1,0.124138,0.073168,1.189276,0.407201
63,3961,-69.850945,131.189961,16.952598,8.173115,1,-1,-1,-1,0.162633,0.091592,1.420805,0.493959
63,3960,-99.247176,131.152866,18.147727,8.331583,1,-1,-1,-1,0.130532,0.064528,1.503182,0.434152
63,3959,-39.999600,117.080110,19.449230,8.149780,1,-1,-1,-1,0.002929,0.002812,0.154937,0.025103
63,3958,122.330011,130.809974,18.859979,7.609992,1,-1,-1,-1,0.003611,0.003170,0.166309,0.025598
63,3957,14.540032,216.530003,8.119997,18.659993,1,-1,-1,-1,0.003204,0.003830,0.187923,0.033607
63,3956,15.379490,187.639175,7.641060,16.971771,1,-1,-1,-1,0.003796,0.004107,0.251391,0.056970
64,3967,-66.283852,116.884166,16.090353,8.038123,1,-1,-1,-1,0.098824,0.077471,0.934404,0.376739
64,3962,92.641525,131.426920,18.731025,8.535885,1,-1,-1,-1,0.143428,0.096726,1.279557,0.423853
64,3961,-70.170712,131.282131,17.260069,8.166084,1,-1,-1,-1,0.097454,0.054103,1.148515,0.348104
64,3960,-99.616714,131.165764,18.300904,8.420714,1,-1,-1,-1,0.097231,0.061733,1.256186,0.347380
64,3959,-40.000339,117.079902,19.440708,8.150196,1,-1,-1,-1,0.003018,0.002840,0.156306,0.025349
64,3958,122.320837,130.800500,18.858408,7.619047,1,-1,-1,-1,0.004408,0.004629,0.188915,0.031702
64,3957,14.549970,216.530000,8.120000,18.660001,1,-1,-1,-1,0.003236,0.003869,0.187877,0.033933
64,3956,15.380067,187.650374,7.639868,16.979142,1,-1,-1,-1,0.003721,0.004026,0.249016,0.056425
65,3967,-66.452282,117.018994,16.242513,8.040993,1,-1,-1,-1,0.105349,0.081910,1.004208,0.395211
65,3962,92.797583,131.438899,18.780312,8.596705,1,-1,-1,-1,0.105729,0.065454,1.104511,0.323712
65,3961,-70.257540,131.438104,17.341751,8.280737,1,-1,-1,-1,0.210281,0.126701,1.530564,0.534974
65,3960,-99.250234,131.166680,18.251126,8.406588,1,-1,-1,-1,0.255386,0.173664,1.693914,0.691156
65,3959,-39.999661,117.080097,19.449295,8.149807,1,-1,-1,-1,0.003018,0.002869,0.156325,0.025598
65,3958,122.329396,130.799664,18.861139,7.610700,1,-1,-1,-1,0.003575,0.003107,0.165285,0.025602
65,3957,14.550001,216.529999,8.120001,18.660002,1,-1,-1,-1,0.003172,0.003792,0.187868,0.033934
65,3956,15.379862,187.639497,7.640276,16.971122,1,-1,-1,-1,0.003684,0.004026,0.248909,0.056960
66,3967,-66.010207,116.768089,16.003078,7.943514,1,-1,-1,-1,0.098853,0.073234,0.883933,0.363547
66,3962,92.744748,131.478268,18.863052,8.742775,1,-1,-1,-1,0.077649,0.053017,0.960132,0.270266
66,3961,-69.914427,131.363518,16.924827,8.265711,1,-1,-1,-1,0.213950,0.131140,1.564739,0.590925
66,3960,-99.454229,131.290371,18.436813,8.562213,1,-1,-1,-1,0.107558,0.051741,1.184422,0.330428
66,3959,-40.000344,117.079901,19.440716,8.150199,1,-1,-1,-1,0.003018,0.002869,0.156320,0.025349
66,3958,122.310422,130.800080,18.869276,7.609836,1,-1,-1,-1,0.004321,0.004537,0.187290,0.030793
66,3957,14.540030,216.529999,8.120001,18.660002,1,-1,-1,-1,0.003172,0.003792,0.187861,0.033934
66,3956,15.379804,187.639298,7.640393,16.961439,1,-1,-1,-1,0.003796,0.004107,0.252923,0.056962
67,3967,-66.087898,117.043980,16.113917,7.934758,1,-1,-1,-1,0.097001,0.071161,0.912879,0.356073
67,3962,92.707525,131.378785,18.661852,8.685498,1,-1,-1,-1,0.136505,0.090542,1.193591,0.399489
67,3961,-69.545682,131.134384,16.645766,8.000043,1,-1,-1,-1,0.099615,0.078436,1.211337,0.445514
67,3960,-99.574022,131.446857,18.622998,8.774348,1,-1,-1,-1,0.161853,0.090532,1.437769,0.485067
67,3959,-39.990068,117.079984,19.440082,8.150032,1,-1,-1,-1,0.002929,0.002812,0.154964,0.025103
67,3958,122.310041,130.800015,18.869910,7.609967,1,-1,-1,-1,0.004633,0.004722,0.192650,0.031707
67,3957,14.549969,216.529999,8.120001,18.660002,1,-1,-1,-1,0.003236,0.003869,0.187853,0.033607
67,3956,15.379141,187.628147,7.631749,16.943805,1,-1,-1,-1,0.003301,0.002897,0.222151,0.050830
68,3967,-66.436949,116.981047,16.313774,8.012241,1,-1,-1,-1,0.103424,0.081116,0.983150,0.399099
68,3962,92.709228,131.409094,18.769326,8.602697,1,-1,-1,-1,0.111632,0.069248,1.190752,0.374709
68,3961,-69.956167,131.387366,17.003709,7.929549,1,-1,-1,-1,0.130877,0.081155,1.308137,0.470569
68,3960,-96.766741,131.530331,16.954953,8.758761,1,-1,-1,-1,0.191980,0.145317,1.419702,0.733091
68,3959,-39.999596,117.080111,19.449222,8.149779,1,-1,-1,-1,0.002988,0.002840,0.156286,0.025597
68,3958,122.319507,130.799871,18.860938,7.610254,1,-1,-1,-1,0.004496,0.004629,0.192782,0.031708
68,3957,14.549866,216.529539,8.120271,18.650957,1,-1,-1,-1,0.003334,0.003908,0.191043,0.034596
68,3956,15.379842,187.629645,7.630313,16.940691,1,-1,-1,-1,0.003872,0.004190,0.253805,0.058031
69,3967,-66.134331,116.875917,16.201205,7.962949,1,-1,-1,-1,0.085237,0.063569,0.869474,0.334987
69,3962,92.761587,131.370177,18.319625,8.695813,1,-1,-1,-1,0.217868,0.162317,1.606562,0.633092
69,3961,-69.762316,131.496732,16.832274,8.148623,1,-1,-1,-1,0.165178,0.137669,1.494196,0.546372
69,3960,-98.982961,131.684253,17.989652,8.784315,1,-1,-1,-1,0.147028,0.081501,1.376675,0.423191
69,3959,-40.000342,117.079902,19.440713,8.150197,1,-1,-1,-1,0.003079,0.002926,0.157666,0.025598
69,3958,122.329911,130.799979,18.860107,7.610040,1,-1,-1,-1,0.003796,0.003266,0.168216,0.026361
69,3957,14.540142,216.530393,8.119779,18.659175,1,-1,-1,-1,0.003301,0.003908,0.189512,0.033934
69,3956,15.380940,187.641982,7.638083,16.955865,1,-1,-1,-1,0.003990,0.004232,0.257170,0.058604
70,3967,-65.996525,116.748818,16.019193,7.935941,1,-1,-1,-1,0.077550,0.058313,0.790822,0.299876
70,3962,92.882935,131.369711,18.643278,8.681051,1,-1,-1,-1,0.125345,0.064431,1.279850,0.366397
70,3961,-70.091227,131.514184,17.003524,8.195053,1,-1,-1,-1,0.216140,0.150018,1.726704,0.667202
70,3960,-99.527614,131.227411,18.357553,8.618919,1,-1,-1,-1,0.131500,0.070529,1.314313,0.393232
70,3959,-40.000042,117.079984,19.440082,8.150032,1,-1,-1,-1,0.003018,0.002869,0.156325,0.025598
70,3958,122.329998,130.799998,18.860008,7.610003,1,-1,-1,-1,0.003796,0.003266,0.167716,0.026358
70,3957,14.540020,216.530054,8.119957,18.659891,1,-1,-1,-1,0.003269,0.003869,0.187874,0.033934
70,3956,15.371985,187.663856,7.656032,16.982010,1,-1,-1,-1,0.004152,0.004360,0.259361,0.059162
71,3967,-66.083663,116.961547,16.042578,7.995433,1,-1,-1,-1,0.087487,0.065937,0.844442,0.321658
71,3962,92.536615,131.510533,18.301196,8.765050,1,-1,-1,-1,0.132401,0.071123,1.342123,0.431800
71,3961,-69.905978,131.508841,16.916090,8.268069,1,-1,-1,-1,0.208758,0.183518,1.767880,0.672628
71,3960,-99.395840,131.196640,18.348059,8.609988,1,-1,-1,-1,0.118913,0.058333,1.212299,0.352771
71,3959,-40.000006,117.079998,19.440010,8.150004,1,-1,-1,-1,0.003018,0.002869,0.156297,0.025598
71,3958,122.320865,130.800469,18.858360,7.619016,1,-1,-1,-1,0.004773,0.004865,0.195346,0.032955
71,3957,14.540002,216.530007,8.119994,18.659985,1,-1,-1,-1,0.003079,0.003755,0.184675,0.033607
71,3956,15.378623,187.637451,7.642756,16.965382,1,-1,-1,-1,0.003872,0.004148,0.253286,0.057510
72,3967,-65.717208,116.899610,15.836745,7.988587,1,-1,-1,-1,0.084356,0.064121,0.795380,0.315710
72,3962,92.694487,131.397773,18.555294,8.669328,1,-1,-1,-1,0.099973,0.048653,1.069827,0.311755
72,3961,-70.211542,131.285882,17.367349,8.176587,1,-1,-1,-1,0.109210,0.062082,1.295143,0.391842
72,3960,-99.659569,131.099577,18.398432,8.526420,1,-1,-1,-1,0.102662,0.065317,1.217988,0.363250
72,3959,-40.000001,117.080000,19.440001,8.150000,1,-1,-1,-1,0.002900,0.002812,0.154941,0.025103
72,3958,122.320142,130.800064,18.859712,7.619874,1,-1,-1,-1,0.004452,0.004629,0.191208,0.032018
72,3957,14.549839,216.529550,8.120264,18.650934,1,-1,-1,-1,0.003141,0.003792,0.186161,0.033933
72,3956,15.379115,187.638621,7.631807,16.962756,1,-1,-1,-1,0.003950,0.004190,0.257113,0.058051
73,3967,-66.378235,117.048504,16.208227,8.003619,1,-1,-1,-1,0.128356,0.099350,1.073735,0.461903
73,3962,92.673407,131.450129,18.691434,8.615806,1,-1,-1,-1,0.116445,0.075869,1.116108,0.355023
73,3961,-70.318460,131.449734,17.540583,8.221911,1,-1,-1,-1,0.141928,0.081064,1.323726,0.425397
73,3960,-99.302437,131.083970,18.290471,8.446458,1,-1,-1,-1,0.134471,0.067220,1.303771,0.419776
73,3959,-40.000000,117.080000,19.440000,8.150000,1,-1,-1,-1,0.002814,0.002756,0.150922,0.024618
73,3958,122.320467,130.800136,18.869021,7.619730,1,-1,-1,-1,0.004541,0.004722,0.194338,0.032017
73,3957,14.549979,216.529941,8.120046,18.650116,1,-1,-1,-1,0.003172,0.003792,0.187772,0.033934
73,3956,15.379870,187.649716,7.630258,16.960513,1,-1,-1,-1,0.003301,0.002869,0.222228,0.049874
74,3967,-66.153374,116.954133,16.080981,7.993877,1,-1,-1,-1,0.086984,0.063629,0.921919,0.343699
74,3962,92.652503,131.389494,18.725091,8.703106,1,-1,-1,-1,0.134667,0.069190,1.193785,0.376863
74,3961,-69.913501,131.244732,16.967210,8.145216,1,-1,-1,-1,0.135016,0.076745,1.202369,0.431482
74,3960,-99.494704,131.422086,18.374356,8.689042,1,-1,-1,-1,0.101846,0.065970,1.220751,0.331055
74,3959,-39.990027,117.080000,19.440000,8.150000,1,-1,-1,-1,0.002929,0.002812,0.156186,0.025349
74,3958,122.318767,130.799420,18.862510,7.611207,1,-1,-1,-1,0.004869,0.004914,0.199366,0.032961
74,3957,14.550134,216.530447,8.119736,18.659068,1,-1,-1,-1,0.003172,0.003830,0.187807,0.033607
74,3956,15.380789,187.651442,7.638383,16.967081,1,-1,-1,-1,0.003950,0.004190,0.255767,0.058028
75,3967,-65.925884,116.934008,15.943167,7.966715,1,-1,-1,-1,0.102395,0.075237,0.895924,0.354705
75,3962,92.412938,131.499428,18.789400,8.566844,1,-1,-1,-1,0.100915,0.056150,1.077191,0.346500
75,3961,-70.447003,131.492698,17.473762,8.171818,1,-1,-1,-1,0.172580,0.105066,1.411710,0.488186
75,3960,-99.499448,131.056704,18.384797,8.562611,1,-1,-1,-1,0.106343,0.069150,1.253874,0.369621
75,3959,-39.999971,117.080000,19.440000,8.150000,1,-1,-1,-1,0.002958,0.002840,0.154928,0.025103
75,3958,122.329779,130.799922,18.860372,7.610155,1,-1,-1,-1,0.003721,0.003233,0.168316,0.026106
75,3957,14.540056,216.540028,8.119950,18.659874,1,-1,-1,-1,0.003269,0.003908,0.189394,0.034596
75,3956,15.379831,187.629160,7.640340,16.951919,1,-1,-1,-1,0.003990,0.004274,0.257185,0.059721
76,3967,-65.902431,116.887068,15.916092,7.998949,1,-1,-1,-1,0.081350,0.061185,0.813696,0.317560
76,3962,92.583452,131.452210,18.567587,8.656051,1,-1,-1,-1,0.105367,0.051007,1.043334,0.317108
76,3961,-69.437771,131.167583,16.390655,8.106231,1,-1,-1,-1,0.093102,0.079793,1.016874,0.386481
76,3960,-99.539706,131.619369,18.438505,8.750039,1,-1,-1,-1,0.090980,0.059449,1.062354,0.278730
76,3959,-39.999629,117.080110,19.449231,8.149779,1,-1,-1,-1,0.002787,0.002756,0.152231,0.024859
76,3958,122.329979,130.799990,18.860046,7.610018,1,-1,-1,-1,0.003436,0.003046,0.162010,0.024860
76,3957,14.549975,216.530046,8.119993,18.659983,1,-1,-1,-1,0.003079,0.003755,0.184684,0.032963
76,3956,15.380118,187.640440,7.639765,16.958993,1,-1,-1,-1,0.003950,0.004190,0.255185,0.058058
77,3967,-65.900926,116.972277,15.970065,7.984978,1,-1,-1,-1,0.092506,0.069784,0.899639,0.352857
77,3962,92.623092,131.445726,18.535410,8.678173,1,-1,-1,-1,0.120792,0.081001,1.149507,0.365889
77,3961,-70.341846,131.367173,17.300765,8.037624,1,-1,-1,-1,0.091736,0.055117,1.012527,0.336802
77,3960,-99.656912,131.189210,18.605887,8.616359,1,-1,-1,-1,0.078308,0.056661,0.992076,0.281282
77,3959,-39.980384,117.079905,19.440693,8.150190,1,-1,-1,-1,0.002843,0.002784,0.152181,0.025103
77,3958,122.330002,130.799999,18.860000,7.610000,1,-1,-1,-1,0.003647,0.003201,0.166123,0.025597
77,3957,14.559972,216.530001,8.119999,18.659999,1,-1,-1,-1,0.003236,0.003830,0.187714,0.034262
77,3956,15.390003,187.640095,7.639925,16.959807,1,-1,-1,-1,0.003911,0.004190,0.257142,0.058604
78,3967,-66.073613,116.906559,16.076488,7.969615,1,-1,-1,-1,0.116364,0.091501,1.007371,0.424591
78,3962,92.633861,131.441636,18.782555,8.619821,1,-1,-1,-1,0.079191,0.050093,0.919267,0.259147
78,3961,-70.224312,131.357306,17.377599,8.111255,1,-1,-1,-1,0.126176,0.072429,1.180252,0.408673
78,3960,-99.615911,131.203191,18.555054,8.583217,1,-1,-1,-1,0.104208,0.051499,1.026638,0.315724
78,3959,-39.950114,117.079985,19.440079,8.150031,1,-1,-1,-1,0.002900,0.002812,0.153506,0.024859
78,3958,122.320431,130.800115,18.869175,7.609768,1,-1,-1,-1,0.003684,0.003201,0.164778,0.025598
78,3957,14.589918,216.539965,8.120001,18.660001,1,-1,-1,-1,0.003172,0.003792,0.186203,0.033607
78,3956,15.429877,187.640029,7.639974,16.959940,1,-1,-1,-1,0.003872,0.004190,0.255164,0.058605
79,3967,-66.109834,116.864059,16.114421,8.032932,1,-1,-1,-1,0.116620,0.089972,1.036255,0.428407
79,3962,92.222461,131.471881,18.771675,8.699960,1,-1,-1,-1,0.100472,0.049078,0.967857,0.305022
79,3961,-70.182215,131.526992,17.400928,8.212607,1,-1,-1,-1,0.211280,0.128093,1.532520,0.567817
79,3960,-99.037112,131.185249,18.377337,8.552879,1,-1,-1,-1,0.136909,0.069743,1.220265,0.412322
79,3959,-39.880452,117.079727,19.450515,8.140573,1,-1,-1,-1,0.003048,0.002869,0.157574,0.025848
79,3958,122.328483,130.799377,18.853034,7.601275,1,-1,-1,-1,0.003872,0.003332,0.169049,0.026102
79,3957,14.659809,216.530037,8.120001,18.660002,1,-1,-1,-1,0.003204,0.003830,0.187742,0.033933
79,3956,15.490139,187.651210,7.639332,16.977427,1,-1,-1,-1,0.003911,0.004190,0.255075,0.057508
80,3967,-65.946806,116.846384,16.230622,7.953291,1,-1,-1,-1,0.087727,0.066053,0.898527,0.344421
80,3962,91.937946,131.474095,18.891231,8.626815,1,-1,-1,-1,0.136853,0.068433,1.100310,0.370231
80,3961,-70.085536,131.334861,17.626409,8.069310,1,-1,-1,-1,0.104313,0.061343,1.208702,0.388716
80,3960,-99.236894,131.281219,18.611093,8.694262,1,-1,-1,-1,0.089496,0.043350,0.975878,0.260774
80,3959,-39.750115,117.080242,19.439609,8.149487,1,-1,-1,-1,0.003018,0.002869,0.156286,0.025849
80,3958,122.330902,130.800427,18.858163,7.609114,1,-1,-1,-1,0.003647,0.003170,0.164829,0.025104
80,3957,14.789657,216.529999,8.120001,18.660002,1,-1,-1,-1,0.003172,0.003792,0.186195,0.033283
80,3956,15.620268,187.651040,7.648536,16.977932,1,-1,-1,-1,0.004111,0.004360,0.259170,0.059158
81,3967,-65.547648,116.848765,15.892811,7.941703,1,-1,-1,-1,0.088367,0.066591,0.799576,0.324317
81,3962,91.456668,131.404933,18.881134,8.607608,1,-1,-1,-1,0.171136,0.116004,1.393312,0.518944
81,3961,-69.449125,131.335101,17.019954,8.179965,1,-1,-1,-1,0.152203,0.085708,1.271431,0.452105
81,3960,-99.359143,131.220616,18.543178,8.687999,1,-1,-1,-1,0.136686,0.070366,1.211386,0.379716
81,3959,-39.550418,117.080025,19.439902,8.149950,1,-1,-1,-1,0.002900,0.002784,0.154909,0.025350
81,3958,122.320671,130.800201,18.868702,7.609597,1,-1,-1,-1,0.004541,0.004675,0.191969,0.031702
81,3957,14.989350,216.529545,8.120267,18.650945,1,-1,-1,-1,0.003204,0.003869,0.187732,0.034263
81,3956,15.819650,187.650846,7.649442,16.988282,1,-1,-1,-1,0.003911,0.004190,0.253183,0.057510
82,3967,-64.938518,116.860812,15.740075,7.888884,1,-1,-1,-1,0.077565,0.056143,0.701997,0.278998
82,3962,91.405927,131.509793,19.164651,8.840172,1,-1,-1,-1,0.107915,0.053133,1.103243,0.318207
82,3961,-68.900534,131.300326,16.724347,8.183234,1,-1,-1,-1,0.126917,0.069229,1.152474,0.404098
82,3960,-98.350654,131.326838,18.339842,8.694761,1,-1,-1,-1,0.098178,0.060020,1.187980,0.359820
82,3959,-39.280636,117.080003,19.439985,8.149994,1,-1,-1,-1,0.003079,0.002897,0.158960,0.025848
82,3958,122.329267,130.799804,18.851465,7.610392,1,-1,-1,-1,0.003647,0.003233,0.166700,0.025852
82,3957,15.269424,216.530388,8.119781,18.659186,1,-1,-1,-1,0.003141,0.003792,0.186186,0.033284
82,3956,16.089342,187.660726,7.649564,16.998445,1,-1,-1,-1,0.004193,0.004360,0.259073,0.059158
83,3967,-64.927426,117.010873,15.949797,7.883255,1,-1,-1,-1,0.105157,0.086473,0.901505,0.386727
83,3962,90.788435,131.155727,18.819928,8.745914,1,-1,-1,-1,0.143169,0.099256,1.298539,0.444367
83,3961,-68.950729,131.497678,17.050789,8.191449,1,-1,-1,-1,0.189424,0.112910,1.484630,0.550254
83,3960,-98.056243,131.271909,18.141934,8.596586,1,-1,-1,-1,0.195095,0.137330,1.549798,0.559711
83,3959,-38.901338,117.079883,19.430819,8.150235,1,-1,-1,-1,0.003269,0.003015,0.163206,0.026615
83,3958,122.329918,130.799969,18.850163,7.610061,1,-1,-1,-1,0.003647,0.003201,0.166196,0.025350
83,3957,15.638977,216.529600,8.120225,18.650834,1,-1,-1,-1,0.003269,0.003869,0.187723,0.033933
83,3956,16.468550,187.648907,7.650576,16.982362,1,-1,-1,-1,0.004030,0.004274,0.257252,0.059163
84,3967,-64.257684,116.852945,15.749908,7.902218,1,-1,-1,-1,0.090133,0.067300,0.814049,0.334273
84,3962,90.251729,131.162596,18.874356,8.609322,1,-1,-1,-1,0.108673,0.069282,1.147312,0.347976
84,3961,-68.531846,131.391867,17.051688,8.311556,1,-1,-1,-1,0.233767,0.138154,1.751290,0.615298
84,3960,-97.939590,131.410810,18.296992,8.762236,1,-1,-1,-1,0.139402,0.070747,1.381573,0.388216
84,3959,-38.430699,117.080096,19.439300,8.149808,1,-1,-1,-1,0.003018,0.002869,0.156375,0.025598
84,3958,122.328878,130.799479,18.842277,7.601070,1,-1,-1,-1,0.003721,0.003266,0.167616,0.026102
84,3957,16.108485,216.529694,8.110729,18.660572,1,-1,-1,-1,0.003402,0.003986,0.190951,0.034932
84,3956,16.947666,187.637821,7.642060,16.964513,1,-1,-1,-1,0.003758,0.004107,0.251059,0.057510
85,3967,-64.018605,116.945074,15.929996,7.997512,1,-1,-1,-1,0.107210,0.082618,0.936012,0.397189
85,3962,89.737569,131.356336,19.041600,8.552019,1,-1,-1,-1,0.039827,0.016163,0.577597,0.097758
85,3961,-67.987655,131.374048,17.123051,8.239380,1,-1,-1,-1,0.125501,0.070750,1.366955,0.428257
85,3960,-97.238164,131.345390,18.241735,8.728094,1,-1,-1,-1,0.194652,0.099405,1.620761,0.554444
85,3959,-37.840823,117.080127,19.449145,8.149747,1,-1,-1,-1,0.002958,0.002840,0.153559,0.025103
85,3958,122.330249,130.800054,18.849464,7.599889,1,-1,-1,-1,0.003721,0.003266,0.167642,0.025849
85,3957,16.698907,216.530186,8.119390,18.649663,1,-1,-1,-1,0.003301,0.003869,0.191030,0.034597
85,3956,17.528229,187.639547,7.640406,16.960898,1,-1,-1,-1,0.003834,0.004148,0.254858,0.058051
86,3967,-63.314877,116.939058,15.856190,8.012397,1,-1,-1,-1,0.113396,0.086641,0.927370,0.399726
86,3962,89.428582,131.514492,18.936393,8.634368,1,-1,-1,-1,0.047251,0.017648,0.544927,0.105312
86,3961,-67.582247,131.403125,17.552932,8.250222,1,-1,-1,-1,0.113576,0.064138,1.205947,0.360337
86,3960,-96.664419,131.155591,18.384118,8.673600,1,-1,-1,-1,0.095868,0.063029,1.267414,0.351289
86,3959,-37.151396,117.080018,19.449907,8.149964,1,-1,-1,-1,0.003079,0.002926,0.157554,0.026101
86,3958,122.339199,130.799778,18.831603,7.600440,1,-1,-1,-1,0.003990,0.003399,0.172006,0.026615
86,3957,17.398623,216.530519,8.119659,18.658924,1,-1,-1,-1,0.003236,0.003869,0.189424,0.033934
86,3956,18.229049,187.651900,7.648162,16.976042,1,-1,-1,-1,0.003872,0.004190,0.252972,0.058053
87,3967,-62.680251,116.973776,16.071410,7.915116,1,-1,-1,-1,0.104515,0.081961,0.949901,0.377477
87,3962,88.902289,131.713764,19.062125,8.716660,1,-1,-1,-1,0.038239,0.014068,0.502617,0.092769
87,3961,-66.986826,131.475125,17.869926,8.219930,1,-1,-1,-1,0.169152,0.104948,1.405617,0.485859
87,3960,-95.879936,131.264531,18.421355,8.619364,1,-1,-1,-1,0.142973,0.069792,1.266560,0.395879
87,3959,-36.322005,117.079889,19.440779,8.150223,1,-1,-1,-1,0.002958,0.002812,0.154915,0.025350
87,3958,122.331118,130.800313,18.857733,7.599372,1,-1,-1,-1,0.003368,0.003046,0.162044,0.024619
87,3957,18.228331,216.540502,8.119668,18.668891,1,-1,-1,-1,0.003334,0.003908,0.190983,0.034596
87,3956,19.057355,187.639018,7.641229,16.972080,1,-1,-1,-1,0.003721,0.004066,0.250868,0.056965
88,3967,-61.452135,116.932993,16.024192,7.975510,1,-1,-1,-1,0.084454,0.064177,0.841774,0.328702
88,3962,88.235320,131.173864,19.087288,8.649854,1,-1,-1,-1,0.099205,0.050908,0.838385,0.294173
88,3961,-64.452369,131.218865,16.306424,8.098085,1,-1,-1,-1,0.088850,0.063647,0.920859,0.361155
88,3960,-95.031998,131.181845,18.558060,8.720521,1,-1,-1,-1,0.143719,0.076689,1.351604,0.399618
88,3959,-35.282082,117.079982,19.440090,8.150035,1,-1,-1,-1,0.002958,0.002840,0.154865,0.025349
88,3958,122.330071,130.800216,18.839918,7.609539,1,-1,-1,-1,0.003236,0.002985,0.159077,0.024618
88,3957,19.257721,216.539622,8.120209,18.660801,1,-1,-1,-1,0.003204,0.003869,0.187823,0.034264
88,3956,20.087098,187.639154,7.640547,16.961727,1,-1,-1,-1,0.003872,0.004148,0.252797,0.058049
89,3967,-60.495219,117.014729,16.209532,7.969698,1,-1,-1,-1,0.102374,0.077381,0.947574,0.380203
89,3962,87.922745,131.439609,19.045053,8.707489,1,-1,-1,-1,0.110268,0.057725,0.983813,0.321308
89,3961,-64.002641,131.395146,17.010308,8.042252,1,-1,-1,-1,0.102411,0.058313,1.045742,0.366524
89,3960,-93.703405,131.287970,18.544822,8.696051,1,-1,-1,-1,0.073553,0.046831,1.034478,0.273292
89,3959,-34.032363,117.079998,19.440011,8.150005,1,-1,-1,-1,0.002900,0.002812,0.153522,0.025103
89,3958,122.338928,130.799520,18.832110,7.600988,1,-1,-1,-1,0.003402,0.003076,0.161790,0.025349
89,3957,20.507374,216.529984,8.120042,18.660107,1,-1,-1,-1,0.003204,0.003830,0.186161,0.033934
89,3956,21.346584,187.639170,7.631214,16.961655,1,-1,-1,-1,0.003436,0.002927,0.221993,0.050833
90,3967,-59.340657,116.995246,16.447490,8.038517,1,-1,-1,-1,0.112322,0.089050,1.073710,0.433170
90,3962,86.383487,131.580611,19.025912,8.646070,1,-1,-1,-1,0.043869,0.014934,0.557018,0.100362
90,3961,-62.774020,131.410694,17.125755,8.116048,1,-1,-1,-1,0.195225,0.117993,1.463780,0.580785
90,3960,-92.153543,131.103624,18.647932,8.581836,1,-1,-1,-1,0.088275,0.043312,0.948327,0.274503
90,3959,-32.542520,117.080114,19.449204,8.149771,1,-1,-1,-1,0.003048,0.002897,0.157543,0.025597
90,3958,122.321197,130.790568,18.837726,7.608903,1,-1,-1,-1,0.004452,0.004675,0.190248,0.031396
90,3957,21.996819,216.529991,8.120008,18.660018,1,-1,-1,-1,0.003334,0.003947,0.189286,0.034263
90,3956,22.827684,187.652726,7.646879,16.974388,1,-1,-1,-1,0.004070,0.004274,0.257663,0.059137
91,3967,-57.343081,117.107982,16.107591,8.039816,1,-1,-1,-1,0.109392,0.077506,1.009653,0.391139
91,3962,86.046573,131.311449,19.393250,8.533032,1,-1,-1,-1,0.130077,0.070898,0.948028,0.335141
91,3961,-61.012490,131.184928,17.085442,8.128900,1,-1,-1,-1,0.136926,0.076201,1.355451,0.460869
91,3960,-90.849180,131.508153,18.718809,8.809611,1,-1,-1,-1,0.155938,0.084021,1.283795,0.419362
91,3959,-31.003107,117.079903,19.440711,8.150195,1,-1,-1,-1,0.003048,0.002897,0.157615,0.025849
91,3958,122.339408,130.799654,18.841039,7.600658,1,-1,-1,-1,0.003758,0.003266,0.166640,0.025107
91,3957,23.537061,216.529997,8.120002,18.660004,1,-1,-1,-1,0.003236,0.003869,0.187770,0.033934
91,3956,24.366748,187.661850,7.648737,16.996149,1,-1,-1,-1,0.004278,0.004404,0.263357,0.059163
92,3967,-56.263762,117.129296,16.493887,8.087251,1,-1,-1,-1,0.114452,0.089051,1.122443,0.440237
92,3962,85.588474,131.753374,19.149270,8.850288,1,-1,-1,-1,0.049277,0.021716,0.641858,0.113203
92,3961,-59.520824,131.340008,17.083412,8.072400,1,-1,-1,-1,0.118970,0.067899,1.226485,0.416582
92,3960,-89.270422,131.084426,18.703968,8.681488,1,-1,-1,-1,0.085526,0.055656,1.107964,0.311161
92,3959,-29.522381,117.079984,19.440083,8.150032,1,-1,-1,-1,0.003048,0.002897,0.157614,0.025598
92,3958,122.320888,130.790260,18.858304,7.599559,1,-1,-1,-1,0.004193,0.004448,0.184065,0.029909
92,3957,25.017515,216.529998,8.120001,18.660002,1,-1,-1,-1,0.003236,0.003869,0.187729,0.034263
92,3956,25.845995,187.637758,7.641981,16.974769,1,-1,-1,-1,0.003950,0.004190,0.255315,0.058056
93,3967,-54.024097,116.951990,15.944755,7.974307,1,-1,-1,-1,0.086903,0.063595,0.830217,0.309715
93,3962,85.324319,131.752005,19.072393,9.053699,1,-1,-1,-1,0.051524,0.021483,0.652194,0.118533
93,3961,-58.441056,131.598642,17.327866,8.290287,1,-1,-1,-1,0.149813,0.104984,1.444833,0.480073
93,3960,-87.625190,131.058022,18.523711,8.655977,1,-1,-1,-1,0.076829,0.050520,1.038522,0.289532
93,3959,-27.932306,117.079998,19.440010,8.150004,1,-1,-1,-1,0.002900,0.002784,0.154902,0.025103
93,3958,122.329694,130.799897,18.850578,7.600142,1,-1,-1,-1,0.003647,0.003170,0.165084,0.024621
93,3957,26.607507,216.529999,8.120001,18.660002,1,-1,-1,-1,0.003141,0.003792,0.186145,0.033607
93,3956,27.446458,187.639525,7.640417,16.970946,1,-1,-1,-1,0.004152,0.004360,0.259087,0.059160
94,3967,-52.338595,117.071388,16.131494,7.970566,1,-1,-1,-1,0.099618,0.076658,0.906780,0.378632
94,3962,85.204186,131.418020,18.868231,8.788250,1,-1,-1,-1,0.075946,0.026130,0.710567,0.140297
94,3961,-56.790272,131.328862,17.798880,8.156993,1,-1,-1,-1,0.095583,0.055709,1.131358,0.334230
94,3960,-83.455104,131.129805,17.256643,8.696673,1,-1,-1,-1,0.201037,0.153707,1.354865,0.656289
94,3959,-26.222113,117.080113,19.449209,8.149774,1,-1,-1,-1,0.003018,0.002869,0.156200,0.025848
94,3958,122.329984,130.799994,18.850032,7.600011,1,-1,-1,-1,0.003575,0.003138,0.163296,0.024142
94,3957,28.326705,216.528838,8.111211,18.652358,1,-1,-1,-1,0.003236,0.003869,0.187683,0.033933
94,3956,29.147458,187.651308,7.648463,16.977264,1,-1,-1,-1,0.004030,0.004274,0.259240,0.058607
95,3967,-50.650203,117.062433,16.087293,8.061390,1,-1,-1,-1,0.097007,0.076008,0.915165,0.370482
95,3962,83.866714,131.272584,19.843148,8.322506,1,-1,-1,-1,0.089112,0.067696,0.880782,0.194554
95,3961,-55.119885,131.500988,17.738243,8.254884,1,-1,-1,-1,0.230047,0.123372,1.577526,0.601177
95,3960,-83.513810,131.119680,17.968941,8.458331,1,-1,-1,-1,0.168005,0.087870,1.456802,0.508350
95,3959,-24.372923,117.079904,19.440701,8.150192,1,-1,-1,-1,0.002958,0.002840,0.154872,0.025598
95,3958,122.329695,130.799734,18.860579,7.590560,1,-1,-1,-1,0.003470,0.003046,0.161857,0.023907
95,3957,30.167763,216.530975,8.118956,18.658013,1,-1,-1,-1,0.003172,0.003792,0.187718,0.033934
95,3956,31.005900,187.638906,7.641326,16.972306,1,-1,-1,-1,0.003911,0.004190,0.255131,0.058605
96,3967,-48.396961,116.845639,16.068920,8.002647,1,-1,-1,-1,0.098788,0.073898,0.917001,0.372598
96,3962,83.640356,131.834039,19.213869,8.304474,1,-1,-1,-1,0.111174,0.064128,1.118397,0.399619
96,3961,-52.950285,131.276568,17.521560,8.307171,1,-1,-1,-1,0.180732,0.107427,1.619703,0.538159
96,3960,-82.221772,131.412894,18.140840,8.503879,1,-1,-1,-1,0.132949,0.068587,1.340338,0.408335
96,3959,-22.372895,117.079984,19.440082,8.150032,1,-1,-1,-1,0.003079,0.002926,0.157554,0.026102
96,3958,122.320361,130.790116,18.869310,7.589817,1,-1,-1,-1,0.003141,0.002926,0.154971,0.022326
96,3957,32.167106,216.530168,8.119847,18.659663,1,-1,-1,-1,0.003204,0.003830,0.187716,0.033934
96,3956,33.005145,187.627122,7.632499,16.945940,1,-1,-1,-1,0.003911,0.004190,0.254957,0.058054
97,3967,-46.753359,116.929212,16.342964,7.999198,1,-1,-1,-1,0.092628,0.073198,0.931986,0.370045
97,3962,83.808732,132.221712,18.673112,8.996968,1,-1,-1,-1,0.070042,0.023950,0.788688,0.150508
97,3961,-50.226923,131.355739,17.155861,8.268151,1,-1,-1,-1,0.119413,0.093472,1.433197,0.493286
97,3960,-79.878080,131.150832,18.445612,8.395908,1,-1,-1,-1,0.206271,0.110876,1.507426,0.534227
97,3959,-20.232833,117.079998,19.440010,8.150004,1,-1,-1,-1,0.002929,0.002812,0.154892,0.025104
97,3958,122.320744,130.800369,18.868511,7.599175,1,-1,-1,-1,0.003236,0.002956,0.156195,0.023215
97,3957,34.306918,216.530026,8.119977,18.659948,1,-1,-1,-1,0.003204,0.003830,0.187713,0.033607
97,3956,35.137768,187.653467,7.646606,16.972732,1,-1,-1,-1,0.004070,0.004317,0.256991,0.058604
98,3967,-44.711448,116.857335,16.444665,8.023176,1,-1,-1,-1,0.094310,0.078154,0.974800,0.380759
98,3962,82.793817,131.802528,19.065255,8.439730,1,-1,-1,-1,0.107018,0.058193,0.973474,0.311646
98,3961,-48.440007,131.464220,17.533786,8.256479,1,-1,-1,-1,0.143352,0.085111,1.400818,0.443715
98,3960,-77.324044,131.125071,18.212347,8.418531,1,-1,-1,-1,0.206724,0.156260,1.786907,0.668701
98,3959,-17.944322,117.069519,19.432140,8.141044,1,-1,-1,-1,0.003236,0.003015,0.160298,0.026101
98,3958,122.310869,130.800266,18.888262,7.599468,1,-1,-1,-1,0.002929,0.002756,0.150877,0.021893
98,3957,36.586169,216.528832,8.111216,18.652370,1,-1,-1,-1,0.003236,0.003869,0.189300,0.033933
98,3956,37.415717,187.639353,7.640931,16.971412,1,-1,-1,-1,0.003834,0.004148,0.252988,0.058054
99,3967,-41.743167,116.945101,16.314426,8.026935,1,-1,-1,-1,0.095196,0.073217,0.920070,0.367931
99,3962,82.115259,134.217753,18.909699,9.329529,1,-1,-1,-1,0.123008,0.083336,1.400429,0.590050
99,3961,-46.139566,131.207485,17.885413,8.025725,1,-1,-1,-1,0.075659,0.046398,0.995429,0.305036
99,3960,-74.716974,130.997740,18.183617,8.296908,1,-1,-1,-1,0.153927,0.080039,1.579880,0.505980
99,3959,-15.452272,117.080398,19.438233,8.149122,1,-1,-1,-1,0.002871,0.002784,0.153597,0.024860
99,3958,122.310463,130.800148,18.899048,7.599705,1,-1,-1,-1,0.002958,0.002784,0.150785,0.021468
99,3957,39.086758,216.530988,8.118940,18.657984,1,-1,-1,-1,0.003402,0.003986,0.190940,0.034596
99,3956,39.925564,187.639835,7.640164,16.970328,1,-1,-1,-1,0.003911,0.004190,0.254854,0.057506
100,3967,-38.780182,117.038372,16.098331,8.059509,1,-1,-1,-1,0.093462,0.070494,0.883802,0.356372
100,3962,81.322051,134.892096,18.807816,9.991273,1,-1,-1,-1,0.149883,0.116172,1.810984,0.813411
100,3961,-42.504850,131.126069,16.873088,7.965119,1,-1,-1,-1,0.084286,0.046327,0.854049,0.317147
100,3960,-72.351418,131.229613,18.298376,8.571871,1,-1,-1,-1,0.131586,0.068557,1.407977,0.390556
100,3959,-12.713470,117.080055,19.439745,8.149890,1,-1,-1,-1,0.002958,0.002840,0.154816,0.025103
100,3958,122.309009,130.799544,18.892012,7.590937,1,-1,-1,-1,0.003018,0.002840,0.152100,0.021679
100,3957,41.825943,216.530175,8.119841,18.659650,1,-1,-1,-1,0.003402,0.003986,0.192593,0.034597
100,3956,42.665565,187.662022,7.648010,16.985706,1,-1,-1,-1,0.004452,0.004583,0.267384,0.061432
