1,6575,32.320000,78.070000,8.140000,19.200000,1,-1,-1,-1,10.000000,10.000000,10.000000,10.000000
1,6574,92.690000,131.470000,18.760000,8.720000,1,-1,-1,-1,10.000000,10.000000,10.000000,10.000000
1,6573,-70.030000,131.380000,17.620000,8.500000,1,-1,-1,-1,10.000000,10.000000,10.000000,10.000000
1,6572,-99.250000,130.990000,18.020000,8.090000,1,-1,-1,-1,10.000000,10.000000,10.000000,10.000000
1,6571,-40.120000,117.080000,19.440000,8.150000,1,-1,-1,-1,10.000000,10.000000,10.000000,10.000000
1,6570,122.320000,130.810000,18.870000,7.610000,1,-1,-1,-1,10.000000,10.000000,10.000000,10.000000
1,6569,14.540000,216.540000,8.120000,18.660000,1,-1,-1,-1,10.000000,10.000000,10.000000,10.000000
1,6568,15.380000,187.650000,7.640000,16.980000,1,-1,-1,-1,10.000000,10.000000,10.000000,10.000000
2,6575,32.258919,79.305395,7.802208,17.679115,1,-1,-1,-1,0.999900,0.999900,9.990021,5.238095
2,6574,92.663041,131.439214,18.413959,8.511600,1,-1,-1,-1,0.999900,0.999900,9.990021,5.238095
2,6573,-69.273889,131.236853,16.217768,7.766395,1,-1,-1,-1,0.999900,0.999900,9.990021,5.238095
2,6572,-99.789015,131.366243,18.448096,8.477401,1,-1,-1,-1,0.999900,0.999900,9.990021,5.238095
2,6571,-40.000012,117.080000,19.440000,8.150000,1,-1,-1,-1,0.999900,0.999900,9.990021,5.238095
2,6570,122.328807,130.800480,18.862386,7.609041,1,-1,-1,-1,0.999900,0.999900,9.990021,5.238095
2,6569,14.540000,216.540000,8.120000,18.660000,1,-1,-1,-1,0.999900,0.999900,9.990021,5.238095
2,6568,15.380535,187.648808,7.638931,16.972385,1,-1,-1,-1,0.999900,0.999900,9.990021,5.238095
3,6576,15.320000,243.960000,7.950000,16.400000,1,-1,-1,-1,10.000000,10.000000,10.000000,10.000000
3,6575,32.320049,80.855149,7.718748,17.468403,1,-1,-1,-1,0.941153,0.941153,8.384601,3.841642
3,6574,92.824148,131.409024,18.708180,8.621965,1,-1,-1,-1,0.941153,0.941153,8.384601,3.841642
3,6573,-69.779835,131.320951,16.803204,7.933437,1,-1,-1,-1,0.941153,0.941153,8.384601,3.841642
3,6572,-98.990621,131.105804,17.914190,8.180707,1,-1,-1,-1,0.941153,0.941153,8.384601,3.841642
3,6571,-39.992947,117.080000,19.440000,8.150000,1,-1,-1,-1,0.941153,0.941153,8.384601,3.841642
3,6570,122.309973,130.801062,18.872407,7.616112,1,-1,-1,-1,0.941153,0.941153,8.384601,3.841642
3,6569,14.549906,216.528940,8.119012,18.653886,1,-1,-1,-1,0.941153,0.941153,8.384601,3.841642
3,6568,15.371726,187.659561,7.647137,16.987936,1,-1,-1,-1,0.941153,0.941153,8.384601,3.841642
4,6575,32.811656,81.844397,7.643008,16.859748,1,-1,-1,-1,0.847083,0.847083,7.132717,3.262201
4,6574,92.828707,131.436886,18.894244,8.751067,1,-1,-1,-1,0.847083,0.847083,7.132717,3.262201
4,6573,-69.978996,131.291715,16.911514,7.932061,1,-1,-1,-1,0.847083,0.847083,7.132717,3.262201
4,6572,-99.302079,131.076982,18.063565,8.260637,1,-1,-1,-1,0.847083,0.847083,7.132717,3.262201
4,6571,-39.994607,117.080000,19.440000,8.150000,1,-1,-1,-1,0.847083,0.847083,7.132717,3.262201
4,6570,122.310242,130.798733,18.875197,7.614243,1,-1,-1,-1,0.847083,0.847083,7.132717,3.262201
4,6569,14.542744,216.529223,8.119729,18.656787,1,-1,-1,-1,0.847083,0.847083,7.132717,3.262201
4,6568,15.377243,187.651064,7.642905,16.977856,1,-1,-1,-1,0.847083,0.847083,7.132717,3.262201
5,6575,32.885907,84.341962,7.866555,17.474855,1,-1,-1,-1,0.780933,0.780933,6.225018,2.988460
5,6574,92.669034,131.487267,18.998610,8.806741,1,-1,-1,-1,0.780933,0.780933,6.225018,2.988460
5,6573,-69.730770,131.219616,16.680741,7.792834,1,-1,-1,-1,0.780933,0.780933,6.225018,2.988460
5,6572,-99.546335,131.319827,18.578860,8.670542,1,-1,-1,-1,0.780933,0.780933,6.225018,2.988460
5,6571,-39.995986,117.080000,19.440000,8.150000,1,-1,-1,-1,0.780933,0.780933,6.225018,2.988460
5,6570,122.322571,130.799088,18.867700,7.611783,1,-1,-1,-1,0.780933,0.780933,6.225018,2.988460
5,6569,14.540627,216.529352,8.120000,18.658185,1,-1,-1,-1,0.780933,0.780933,6.225018,2.988460
5,6568,15.380380,187.649192,7.646422,16.981600,1,-1,-1,-1,0.780933,0.780933,6.225018,2.988460
6,6575,32.812015,86.878161,7.967885,17.926833,1,-1,-1,-1,0.739812,0.739812,5.560040,2.851250
6,6574,92.692229,131.484838,18.874799,8.773664,1,-1,-1,-1,0.739812,0.739812,5.560040,2.851250
6,6573,-69.746903,131.143649,16.561550,7.703643,1,-1,-1,-1,0.739812,0.739812,5.560040,2.851250
6,6572,-99.708494,131.476953,18.713958,8.819647,1,-1,-1,-1,0.739812,0.739812,5.560040,2.851250
6,6571,-39.989534,117.080000,19.440000,8.150000,1,-1,-1,-1,0.739812,0.739812,5.560040,2.851250
6,6570,122.318180,130.801050,18.867200,7.614807,1,-1,-1,-1,0.739812,0.739812,5.560040,2.851250
6,6569,14.539966,216.529414,8.120107,18.658948,1,-1,-1,-1,0.739812,0.739812,5.560040,2.851250
6,6568,15.380627,187.657488,7.648888,16.987204,1,-1,-1,-1,0.739812,0.739812,5.560040,2.851250
7,6575,32.633393,89.408620,8.213163,18.521966,1,-1,-1,-1,0.714060,0.714060,5.062690,2.780435
7,6574,92.673449,131.529447,18.803062,8.731232,1,-1,-1,-1,0.714060,0.714060,5.062690,2.780435
7,6573,-69.894229,131.551156,17.046327,8.048669,1,-1,-1,-1,0.714060,0.714060,5.062690,2.780435
7,6572,-99.333935,131.224429,18.184298,8.526625,1,-1,-1,-1,0.714060,0.714060,5.062690,2.780435
7,6571,-39.994888,117.080000,19.440000,8.150000,1,-1,-1,-1,0.714060,0.714060,5.062690,2.780435
7,6570,122.325646,130.799686,18.863452,7.612766,1,-1,-1,-1,0.714060,0.714060,5.062690,2.780435
7,6569,14.546912,216.529454,8.120146,18.659398,1,-1,-1,-1,0.714060,0.714060,5.062690,2.780435
7,6568,15.379823,187.633098,7.644185,16.971898,1,-1,-1,-1,0.714060,0.714060,5.062690,2.780435
8,6577,-73.624046,116.860215,15.082988,7.657485,1,-1,-1,-1,0.808479,0.808479,6.225062,3.298778
8,6575,32.604246,92.404884,8.415347,18.837750,1,-1,-1,-1,0.697349,0.697349,4.683127,2.743335
8,6574,93.003931,131.467934,18.805697,8.679026,1,-1,-1,-1,0.697349,0.697349,4.683127,2.743335
8,6573,-69.705100,131.287377,16.871453,8.014720,1,-1,-1,-1,0.697349,0.697349,4.683127,2.743335
8,6572,-99.541114,131.210222,18.367375,8.545940,1,-1,-1,-1,0.697349,0.697349,4.683127,2.743335
8,6571,-39.997067,117.080000,19.440000,8.150000,1,-1,-1,-1,0.697349,0.697349,4.683127,2.743335
8,6570,122.328671,130.799458,18.861361,7.611545,1,-1,-1,-1,0.697349,0.697349,4.683127,2.743335
8,6569,14.542371,216.529488,8.120155,18.659675,1,-1,-1,-1,0.697349,0.697349,4.683127,2.743335
8,6568,15.380934,187.644243,7.646607,16.975956,1,-1,-1,-1,0.697349,0.697349,4.683127,2.743335
9,6577,-72.360201,116.952802,15.171814,7.701587,1,-1,-1,-1,0.761768,0.761768,5.587838,3.006395
9,6575,32.549919,95.808277,8.909866,19.284686,1,-1,-1,-1,0.686065,0.686065,4.388218,2.723746
9,6574,92.763546,131.562604,18.767272,8.726242,1,-1,-1,-1,0.686065,0.686065,4.388218,2.723746
9,6573,-69.398882,131.109455,16.601113,7.896329,1,-1,-1,-1,0.686065,0.686065,4.388218,2.723746
9,6572,-99.628853,131.246396,18.382488,8.572037,1,-1,-1,-1,0.686065,0.686065,4.388218,2.723746
9,6571,-39.998039,117.080000,19.440000,8.150000,1,-1,-1,-1,0.686065,0.686065,4.388218,2.723746
9,6570,122.323093,130.799549,18.860166,7.610792,1,-1,-1,-1,0.686065,0.686065,4.388218,2.723746
9,6569,14.540709,216.529521,8.120150,18.659851,1,-1,-1,-1,0.686065,0.686065,4.388218,2.723746
9,6568,15.379335,187.648876,7.644552,16.976490,1,-1,-1,-1,0.686065,0.686065,4.388218,2.723746
10,6577,-71.160315,116.918934,15.110039,7.682898,1,-1,-1,-1,0.729260,0.729260,5.118443,2.860404
10,6575,33.889582,98.591038,9.109384,18.269583,1,-1,-1,-1,0.678159,0.678159,4.155461,2.713360
10,6574,92.718986,131.569431,18.777237,8.756885,1,-1,-1,-1,0.678159,0.678159,4.155461,2.713360
10,6573,-69.222842,130.975165,16.495276,7.788597,1,-1,-1,-1,0.678159,0.678159,4.155461,2.713360
10,6572,-99.560308,131.238978,18.336263,8.547120,1,-1,-1,-1,0.678159,0.678159,4.155461,2.713360
10,6571,-39.998528,117.080000,19.440000,8.150000,1,-1,-1,-1,0.678159,0.678159,4.155461,2.713360
10,6570,122.322837,130.799553,18.862915,7.610609,1,-1,-1,-1,0.678159,0.678159,4.155461,2.713360
10,6569,14.546889,216.529553,8.120141,18.659963,1,-1,-1,-1,0.678159,0.678159,4.155461,2.713360
10,6568,15.379212,187.648756,7.642818,16.973621,1,-1,-1,-1,0.678159,0.678159,4.155461,2.713360
11,6577,-70.057836,116.790282,14.968684,7.639895,1,-1,-1,-1,0.707694,0.707694,4.751699,2.785203
11,6575,34.035438,102.634450,10.820750,19.862843,1,-1,-1,-1,0.672446,0.672446,3.969193,2.707841
11,6574,92.804479,131.569762,18.757277,8.743355,1,-1,-1,-1,0.672446,0.672446,3.969193,2.707841
11,6573,-69.504341,131.171995,16.810251,7.938422,1,-1,-1,-1,0.672446,0.672446,3.969193,2.707841
11,6572,-99.252169,131.129587,18.164473,8.440628,1,-1,-1,-1,0.672446,0.672446,3.969193,2.707841
11,6571,-39.998811,117.080000,19.440000,8.150000,1,-1,-1,-1,0.672446,0.672446,3.969193,2.707841
11,6570,122.327324,130.799742,18.861514,7.610198,1,-1,-1,-1,0.672446,0.672446,3.969193,2.707841
11,6569,14.542446,216.529585,8.120130,18.660035,1,-1,-1,-1,0.672446,0.672446,3.969193,2.707841
11,6568,15.379547,187.640689,7.641396,16.968468,1,-1,-1,-1,0.672446,0.672446,3.969193,2.707841
12,6577,-69.232460,116.782763,15.088454,7.680712,1,-1,-1,-1,0.693227,0.693227,4.458919,2.745845
12,6575,34.695470,105.969534,12.049394,20.311732,1,-1,-1,-1,0.668212,0.668212,3.818265,2.704905
12,6574,92.728996,131.454583,18.756209,8.706263,1,-1,-1,-1,0.668212,0.668212,3.818265,2.704905
12,6573,-69.554481,131.228430,16.795520,7.910505,1,-1,-1,-1,0.668212,0.668212,3.818265,2.704905
12,6572,-99.166596,131.158776,18.004361,8.374607,1,-1,-1,-1,0.668212,0.668212,3.818265,2.704905
12,6571,-39.998998,117.080000,19.440000,8.150000,1,-1,-1,-1,0.668212,0.668212,3.818265,2.704905
12,6570,122.330898,130.799765,18.863862,7.610165,1,-1,-1,-1,0.668212,0.668212,3.818265,2.704905
12,6569,14.540779,216.529616,8.120118,18.660080,1,-1,-1,-1,0.668212,0.668212,3.818265,2.704905
12,6568,15.379727,187.640206,7.640747,16.968280,1,-1,-1,-1,0.668212,0.668212,3.818265,2.704905
13,6577,-68.397189,116.807958,15.193722,7.710035,1,-1,-1,-1,0.683248,0.683248,4.222594,2.725074
13,6575,35.617321,108.961888,13.864145,19.759484,1,-1,-1,-1,0.665009,0.665009,3.694582,2.703342
13,6574,92.764255,131.501294,18.787341,8.751065,1,-1,-1,-1,0.665009,0.665009,3.694582,2.703342
13,6573,-69.119838,131.062030,16.347505,7.756981,1,-1,-1,-1,0.665009,0.665009,3.694582,2.703342
13,6572,-99.012898,131.223893,17.971737,8.382047,1,-1,-1,-1,0.665009,0.665009,3.694582,2.703342
13,6571,-40.001744,117.071418,19.445217,8.147213,1,-1,-1,-1,0.665009,0.665009,3.694582,2.703342
13,6570,122.317900,130.801525,18.866764,7.613323,1,-1,-1,-1,0.665009,0.665009,3.694582,2.703342
13,6569,14.540162,216.529646,8.120108,18.660108,1,-1,-1,-1,0.665009,0.665009,3.694582,2.703342
13,6568,15.380001,187.638364,7.640088,16.965025,1,-1,-1,-1,0.665009,0.665009,3.694582,2.703342
14,6577,-67.707296,116.583481,15.243028,7.736518,1,-1,-1,-1,0.676155,0.676155,4.030254,2.714065
14,6575,38.306842,111.769795,15.386821,19.136657,1,-1,-1,-1,0.662548,0.662548,3.592165,2.702510
14,6574,93.021618,131.598135,18.853362,8.754529,1,-1,-1,-1,0.662548,0.662548,3.592165,2.702510
14,6573,-69.815409,131.314727,16.927936,7.911685,1,-1,-1,-1,0.662548,0.662548,3.592165,2.702510
14,6572,-99.304764,131.209364,18.172683,8.443418,1,-1,-1,-1,0.662548,0.662548,3.592165,2.702510
14,6571,-40.001156,117.077252,19.443824,8.147973,1,-1,-1,-1,0.662548,0.662548,3.592165,2.702510
14,6570,122.324686,130.800031,18.864375,7.612199,1,-1,-1,-1,0.662548,0.662548,3.592165,2.702510
14,6569,14.546566,216.529674,8.120099,18.660124,1,-1,-1,-1,0.662548,0.662548,3.592165,2.702510
14,6568,15.379986,187.648347,7.640075,16.969095,1,-1,-1,-1,0.662548,0.662548,3.592165,2.702510
15,6577,-67.210501,116.538733,15.318959,7.765134,1,-1,-1,-1,0.670976,0.670976,3.872512,2.708216
15,6575,41.152391,113.408060,16.580920,17.725419,1,-1,-1,-1,0.660633,0.660633,3.506534,2.702067
15,6574,93.102577,131.472202,18.848637,8.663259,1,-1,-1,-1,0.660633,0.660633,3.506534,2.702067
15,6573,-70.087805,131.396418,17.173340,8.004387,1,-1,-1,-1,0.660633,0.660633,3.506534,2.702067
15,6572,-99.054846,131.260353,18.068566,8.465945,1,-1,-1,-1,0.660633,0.660633,3.506534,2.702067
15,6571,-39.994127,117.079344,19.442801,8.148525,1,-1,-1,-1,0.660633,0.660633,3.506534,2.702067
15,6570,122.327619,130.799644,18.862737,7.611421,1,-1,-1,-1,0.660633,0.660633,3.506534,2.702067
15,6569,14.548976,216.529700,8.120090,18.660133,1,-1,-1,-1,0.660633,0.660633,3.506534,2.702067
15,6568,15.378422,187.641793,7.636577,16.964915,1,-1,-1,-1,0.660633,0.660633,3.506534,2.702067
16,6577,-67.063551,116.773326,15.550506,7.910005,1,-1,-1,-1,0.667107,0.667107,3.742165,2.705105
16,6575,45.080224,115.076131,17.919217,16.429271,1,-1,-1,-1,0.659128,0.659128,3.434287,2.701831
16,6574,92.744540,131.521059,18.796812,8.698969,1,-1,-1,-1,0.659128,0.659128,3.434287,2.701831
16,6573,-69.613719,131.311509,16.786184,7.920398,1,-1,-1,-1,0.659128,0.659128,3.434287,2.701831
16,6572,-99.240559,131.314900,18.277914,8.581505,1,-1,-1,-1,0.659128,0.659128,3.434287,2.701831
16,6571,-39.997938,117.080044,19.442051,8.148926,1,-1,-1,-1,0.659128,0.659128,3.434287,2.701831
16,6570,122.328971,130.799626,18.861611,7.610881,1,-1,-1,-1,0.659128,0.659128,3.434287,2.701831
16,6569,14.543274,216.529725,8.120083,18.660136,1,-1,-1,-1,0.659128,0.659128,3.434287,2.701831
16,6568,15.381591,187.659377,7.640934,16.976015,1,-1,-1,-1,0.659128,0.659128,3.434287,2.701831
17,6577,-67.109665,116.891894,15.856102,8.030516,1,-1,-1,-1,0.664165,0.664165,3.633636,2.703449
17,6575,50.051647,115.780384,18.388641,14.490540,1,-1,-1,-1,0.657936,0.657936,3.372813,2.701705
17,6574,92.767256,131.457542,18.814774,8.757732,1,-1,-1,-1,0.657936,0.657936,3.372813,2.701705
17,6573,-69.707059,131.322011,16.771323,7.934107,1,-1,-1,-1,0.657936,0.657936,3.372813,2.701705
17,6572,-99.194777,131.212274,18.215366,8.554918,1,-1,-1,-1,0.657936,0.657936,3.372813,2.701705
17,6571,-39.999298,117.080238,19.441501,8.149218,1,-1,-1,-1,0.657936,0.657936,3.372813,2.701705
17,6570,122.329642,130.799710,18.860836,7.610506,1,-1,-1,-1,0.657936,0.657936,3.372813,2.701705
17,6569,14.541108,216.529747,8.120076,18.660136,1,-1,-1,-1,0.657936,0.657936,3.372813,2.701705
17,6568,15.382317,187.652323,7.643527,16.974706,1,-1,-1,-1,0.657936,0.657936,3.372813,2.701705
18,6577,-66.785669,116.806266,15.850908,8.070349,1,-1,-1,-1,0.661894,0.661894,3.542591,2.702567
18,6574,93.039283,131.275755,18.806889,8.648384,1,-1,-1,-1,0.656986,0.656986,3.320085,2.701638
18,6573,-70.130919,131.431057,17.148828,8.044039,1,-1,-1,-1,0.656986,0.656986,3.320085,2.701638
18,6572,-98.941724,131.286398,18.007911,8.528417,1,-1,-1,-1,0.656986,0.656986,3.320085,2.701638
18,6571,-39.997971,117.080194,19.444109,8.149560,1,-1,-1,-1,0.656986,0.656986,3.320085,2.701638
18,6570,122.325211,130.806314,18.863316,7.610371,1,-1,-1,-1,0.656986,0.656986,3.320085,2.701638
18,6569,14.546931,216.527989,8.119936,18.657122,1,-1,-1,-1,0.656986,0.656986,3.320085,2.701638
18,6568,15.378646,187.642217,7.639234,16.969319,1,-1,-1,-1,0.656986,0.656986,3.320085,2.701638
19,6577,-66.633596,116.760038,15.777051,8.045775,1,-1,-1,-1,0.660120,0.660120,3.465641,2.702097
19,6574,93.117071,131.389114,18.839882,8.617323,1,-1,-1,-1,0.656225,0.656225,3.274518,2.701603
19,6573,-70.144045,131.293286,17.149366,8.022732,1,-1,-1,-1,0.656225,0.656225,3.274518,2.701603
19,6572,-99.037487,131.196164,17.962884,8.478842,1,-1,-1,-1,0.656225,0.656225,3.274518,2.701603
19,6571,-39.999727,117.080183,19.442983,8.149672,1,-1,-1,-1,0.656225,0.656225,3.274518,2.701603
19,6570,122.317966,130.804002,18.868813,7.613371,1,-1,-1,-1,0.656225,0.656225,3.274518,2.701603
19,6569,14.542523,216.529636,8.119975,18.657949,1,-1,-1,-1,0.656225,0.656225,3.274518,2.701603
19,6568,15.374783,187.650544,7.642548,16.975806,1,-1,-1,-1,0.656225,0.656225,3.274518,2.701603
20,6577,-66.485660,116.901446,15.806282,8.086853,1,-1,-1,-1,0.658723,0.658723,3.400126,2.701847
20,6574,92.819294,131.370525,18.802992,8.598533,1,-1,-1,-1,0.655613,0.655613,3.234861,2.701584
20,6573,-70.217566,131.341595,17.288722,8.081485,1,-1,-1,-1,0.655613,0.655613,3.234861,2.701584
20,6572,-99.000925,131.138816,17.955779,8.414337,1,-1,-1,-1,0.655613,0.655613,3.234861,2.701584
20,6571,-40.000228,117.080155,19.442168,8.149757,1,-1,-1,-1,0.655613,0.655613,3.234861,2.701584
20,6570,122.314660,130.800817,18.872032,7.612539,1,-1,-1,-1,0.655613,0.655613,3.234861,2.701584
20,6569,14.547456,216.528341,8.119884,18.655576,1,-1,-1,-1,0.655613,0.655613,3.234861,2.701584
20,6568,15.377720,187.640995,7.641578,16.970910,1,-1,-1,-1,0.655613,0.655613,3.234861,2.701584
21,6584,79.126323,117.080283,18.775841,8.340960,1,-1,-1,-1,0.847083,0.847083,7.132717,3.262201
21,6577,-66.292691,117.032938,15.813194,8.103030,1,-1,-1,-1,0.657614,0.657614,3.343948,2.701714
21,6574,92.796673,131.501734,18.836444,8.689020,1,-1,-1,-1,0.655120,0.655120,3.200116,2.701574
21,6573,-69.934013,131.169943,17.054710,8.011342,1,-1,-1,-1,0.655120,0.655120,3.200116,2.701574
21,6572,-99.248735,131.216459,18.108292,8.460162,1,-1,-1,-1,0.655120,0.655120,3.200116,2.701574
21,6571,-40.000298,117.080126,19.441576,8.149820,1,-1,-1,-1,0.655120,0.655120,3.200116,2.701574
21,6570,122.309266,130.799854,18.868463,7.611725,1,-1,-1,-1,0.655120,0.655120,3.200116,2.701574
21,6569,14.549330,216.528268,8.119828,18.653869,1,-1,-1,-1,0.655120,0.655120,3.200116,2.701574
21,6568,15.377307,187.628335,7.637729,16.960955,1,-1,-1,-1,0.655120,0.655120,3.200116,2.701574
22,6584,86.132060,117.839007,19.867706,9.026145,1,-1,-1,-1,0.780933,0.780933,6.225018,2.988460
22,6577,-66.462140,117.021303,16.102147,8.131361,1,-1,-1,-1,0.656728,0.656728,3.295443,2.701643
22,6574,92.683107,131.524876,18.908319,8.730858,1,-1,-1,-1,0.654721,0.654721,3.169484,2.701568
22,6573,-69.691294,131.160417,16.834230,7.984775,1,-1,-1,-1,0.654721,0.654721,3.169484,2.701568
22,6572,-99.457091,131.319822,18.315668,8.598474,1,-1,-1,-1,0.654721,0.654721,3.169484,2.701568
22,6571,-40.000240,117.080102,19.441146,8.149867,1,-1,-1,-1,0.654721,0.654721,3.169484,2.701568
22,6570,122.307855,130.799625,18.865899,7.611147,1,-1,-1,-1,0.654721,0.654721,3.169484,2.701568
22,6569,14.550031,216.528550,8.119796,18.652642,1,-1,-1,-1,0.654721,0.654721,3.169484,2.701568
22,6568,15.379498,187.635157,7.638136,16.960239,1,-1,-1,-1,0.654721,0.654721,3.169484,2.701568
23,6584,93.904841,117.552618,18.395500,8.543082,1,-1,-1,-1,0.739812,0.739812,5.560040,2.851250
23,6577,-66.164062,116.860040,16.067432,8.105798,1,-1,-1,-1,0.656018,0.656018,3.253283,2.701605
23,6574,92.909232,131.328974,18.861890,8.625452,1,-1,-1,-1,0.654397,0.654397,3.142321,2.701565
23,6573,-70.298791,131.324472,17.286016,8.039130,1,-1,-1,-1,0.654397,0.654397,3.142321,2.701565
23,6572,-99.501850,131.327008,18.358776,8.603166,1,-1,-1,-1,0.654397,0.654397,3.142321,2.701565
23,6571,-40.000158,117.080082,19.440834,8.149902,1,-1,-1,-1,0.654397,0.654397,3.142321,2.701565
23,6570,122.317263,130.799728,18.858213,7.610559,1,-1,-1,-1,0.654397,0.654397,3.142321,2.701565
23,6569,14.543736,216.528884,8.119778,18.651761,1,-1,-1,-1,0.654397,0.654397,3.142321,2.701565
23,6568,15.380209,187.639739,7.638543,16.962661,1,-1,-1,-1,0.654397,0.654397,3.142321,2.701565
24,6584,102.522922,117.480426,18.088658,8.378184,1,-1,-1,-1,0.714060,0.714060,5.062690,2.780435
24,6577,-66.137300,116.787916,16.003955,8.070794,1,-1,-1,-1,0.655447,0.655447,3.216405,2.701585
24,6574,92.730689,131.153548,18.725027,8.585020,1,-1,-1,-1,0.654134,0.654134,3.118101,2.701564
24,6573,-70.369160,131.300201,17.412820,8.062698,1,-1,-1,-1,0.654134,0.654134,3.118101,2.701564
24,6572,-99.534823,131.320218,18.414299,8.635988,1,-1,-1,-1,0.654134,0.654134,3.118101,2.701564
24,6571,-40.000086,117.080066,19.440607,8.149928,1,-1,-1,-1,0.654134,0.654134,3.118101,2.701564
24,6570,122.319270,130.799780,18.858487,7.610324,1,-1,-1,-1,0.654134,0.654134,3.118101,2.701564
24,6569,14.547837,216.530993,8.119861,18.654038,1,-1,-1,-1,0.654134,0.654134,3.118101,2.701564
24,6568,15.375588,187.657578,7.641939,16.970714,1,-1,-1,-1,0.654134,0.654134,3.118101,2.701564
25,6584,110.408714,117.950194,17.649344,8.460803,1,-1,-1,-1,0.697349,0.697349,4.683127,2.743335
25,6577,-66.032412,116.845633,15.885423,8.031041,1,-1,-1,-1,0.654985,0.654985,3.183951,2.701574
25,6574,92.776851,131.361941,18.791700,8.635941,1,-1,-1,-1,0.653921,0.653921,3.096395,2.701563
25,6573,-70.125846,131.457900,17.289101,8.136157,1,-1,-1,-1,0.653921,0.653921,3.096395,2.701563
25,6572,-99.374579,131.391143,18.548270,8.768518,1,-1,-1,-1,0.653921,0.653921,3.096395,2.701563
25,6571,-39.998211,117.080012,19.443341,8.150029,1,-1,-1,-1,0.653921,0.653921,3.096395,2.701563
25,6570,122.315277,130.799804,18.861596,7.610236,1,-1,-1,-1,0.653921,0.653921,3.096395,2.701563
25,6569,14.542838,216.531410,8.119917,18.655691,1,-1,-1,-1,0.653921,0.653921,3.096395,2.701563
25,6568,15.376339,187.636512,7.638228,16.964041,1,-1,-1,-1,0.653921,0.653921,3.096395,2.701563
26,6584,119.256389,117.276287,17.825457,8.300600,1,-1,-1,-1,0.686065,0.686065,4.388218,2.723746
26,6577,-66.096170,116.931354,15.903796,8.058242,1,-1,-1,-1,0.654611,0.654611,3.155226,2.701569
26,6574,93.015391,131.433031,18.819891,8.620204,1,-1,-1,-1,0.653747,0.653747,3.076849,2.701563
26,6573,-70.181253,131.415592,17.303570,8.131942,1,-1,-1,-1,0.653747,0.653747,3.076849,2.701563
26,6572,-99.188723,131.226076,18.427408,8.691480,1,-1,-1,-1,0.653747,0.653747,3.076849,2.701563
26,6571,-40.002476,117.071577,19.447764,8.147283,1,-1,-1,-1,0.653747,0.653747,3.076849,2.701563
26,6570,122.319247,130.791624,18.851840,7.606979,1,-1,-1,-1,0.653747,0.653747,3.076849,2.701563
26,6569,14.542713,216.539431,8.122926,18.660213,1,-1,-1,-1,0.653747,0.653747,3.076849,2.701563
26,6568,15.374205,187.656134,7.641677,16.971650,1,-1,-1,-1,0.653747,0.653747,3.076849,2.701563
27,6584,128.471086,117.136670,17.803944,8.170226,1,-1,-1,-1,0.678159,0.678159,4.155461,2.713360
27,6577,-66.024993,116.954183,15.900216,8.048007,1,-1,-1,-1,0.654308,0.654308,3.129663,2.701566
27,6574,92.743440,131.568675,18.835948,8.691245,1,-1,-1,-1,0.653605,0.653605,3.059169,2.701562
27,6573,-70.095398,131.345166,17.148321,8.087322,1,-1,-1,-1,0.653605,0.653605,3.059169,2.701562
27,6572,-99.085200,131.118592,18.235998,8.561300,1,-1,-1,-1,0.653605,0.653605,3.059169,2.701562
27,6571,-39.995685,117.077305,19.445664,8.148016,1,-1,-1,-1,0.653605,0.653605,3.059169,2.701562
27,6570,122.313795,130.788877,18.862094,7.605067,1,-1,-1,-1,0.653605,0.653605,3.059169,2.701562
27,6569,14.540365,216.540075,8.122139,18.660164,1,-1,-1,-1,0.653605,0.653605,3.059169,2.701562
27,6568,15.379433,187.652094,7.644002,16.971375,1,-1,-1,-1,0.653605,0.653605,3.059169,2.701562
28,6584,137.563152,117.029982,17.667123,8.066893,1,-1,-1,-1,0.672446,0.672446,3.969193,2.707841
28,6577,-66.449670,116.919116,16.082521,8.084830,1,-1,-1,-1,0.654062,0.654062,3.106798,2.701564
28,6574,92.608482,131.536118,18.702326,8.676674,1,-1,-1,-1,0.653490,0.653490,3.043111,2.701562
28,6573,-69.626260,131.084014,16.772555,7.937136,1,-1,-1,-1,0.653490,0.653490,3.043111,2.701562
28,6572,-99.222643,131.095522,18.253975,8.515816,1,-1,-1,-1,0.653490,0.653490,3.043111,2.701562
28,6571,-39.999295,117.079369,19.444132,8.148551,1,-1,-1,-1,0.653490,0.653490,3.043111,2.701562
28,6570,122.315273,130.798545,18.858931,7.609136,1,-1,-1,-1,0.653490,0.653490,3.043111,2.701562
28,6569,14.546188,216.531930,8.121493,18.657260,1,-1,-1,-1,0.653490,0.653490,3.043111,2.701562
28,6568,15.379223,187.642413,7.642743,16.967906,1,-1,-1,-1,0.653490,0.653490,3.043111,2.701562
29,6590,150.532933,132.295342,20.533344,10.361486,1,-1,-1,-1,0.847083,0.847083,7.132717,3.262201
29,6584,147.116121,116.922291,17.987928,8.056411,1,-1,-1,-1,0.668212,0.668212,3.818265,2.704905
29,6577,-66.480206,117.020015,16.227051,8.104905,1,-1,-1,-1,0.653862,0.653862,3.086246,2.701563
29,6574,92.707521,131.480212,18.711299,8.711627,1,-1,-1,-1,0.653396,0.653396,3.028469,2.701562
29,6573,-69.926924,131.371023,16.927358,8.016529,1,-1,-1,-1,0.653396,0.653396,3.028469,2.701562
29,6572,-99.425363,131.328951,18.345309,8.616134,1,-1,-1,-1,0.653396,0.653396,3.028469,2.701562
29,6571,-40.000418,117.080062,19.443014,8.148942,1,-1,-1,-1,0.653396,0.653396,3.028469,2.701562
29,6570,122.324991,130.799660,18.859058,7.609304,1,-1,-1,-1,0.653396,0.653396,3.028469,2.701562
29,6569,14.541940,216.531160,8.121098,18.658020,1,-1,-1,-1,0.653396,0.653396,3.028469,2.701562
29,6568,15.374502,187.659553,7.644998,16.977225,1,-1,-1,-1,0.653396,0.653396,3.028469,2.701562
30,6590,150.961460,131.997953,19.995857,9.993819,1,-1,-1,-1,0.780933,0.780933,6.225018,2.988460
30,6584,157.013218,117.084138,18.426852,8.200737,1,-1,-1,-1,0.665009,0.665009,3.694582,2.703342
30,6577,-66.360481,116.980888,16.182371,8.076713,1,-1,-1,-1,0.653699,0.653699,3.067692,2.701563
30,6574,92.751448,131.452606,18.677030,8.684836,1,-1,-1,-1,0.653319,0.653319,3.015070,2.701562
30,6573,-70.130852,131.374184,17.073896,8.043191,1,-1,-1,-1,0.653319,0.653319,3.015070,2.701562
30,6572,-99.483933,131.309993,18.401988,8.660378,1,-1,-1,-1,0.653319,0.653319,3.015070,2.701562
30,6571,-40.000658,117.080255,19.442199,8.149227,1,-1,-1,-1,0.653319,0.653319,3.015070,2.701562
30,6570,122.328658,130.800054,18.859155,7.609429,1,-1,-1,-1,0.653319,0.653319,3.015070,2.701562
30,6569,14.540395,216.530737,8.120810,18.658575,1,-1,-1,-1,0.653319,0.653319,3.015070,2.701562
30,6568,15.377128,187.646034,7.643548,16.975052,1,-1,-1,-1,0.653319,0.653319,3.015070,2.701562
31,6590,151.419768,132.291177,20.254264,10.157725,1,-1,-1,-1,0.739812,0.739812,5.560040,2.851250
31,6584,165.671510,116.942834,18.788552,8.202058,1,-1,-1,-1,0.662548,0.662548,3.592165,2.702510
31,6577,-66.521211,117.019405,16.382816,8.114972,1,-1,-1,-1,0.653566,0.653566,3.050869,2.701562
31,6574,92.829870,131.407130,18.704455,8.646400,1,-1,-1,-1,0.653256,0.653256,3.002767,2.701562
31,6573,-69.814627,131.187921,16.911330,7.950778,1,-1,-1,-1,0.653256,0.653256,3.002767,2.701562
31,6572,-99.592477,131.055955,18.439900,8.614764,1,-1,-1,-1,0.653256,0.653256,3.002767,2.701562
31,6571,-39.998771,117.080244,19.444456,8.149499,1,-1,-1,-1,0.653256,0.653256,3.002767,2.701562
31,6570,122.323292,130.802020,18.859608,7.612373,1,-1,-1,-1,0.653256,0.653256,3.002767,2.701562
31,6569,14.541707,216.530310,8.123452,18.659325,1,-1,-1,-1,0.653256,0.653256,3.002767,2.701562
31,6568,15.380150,187.651291,7.645486,16.979524,1,-1,-1,-1,0.653256,0.653256,3.002767,2.701562
32,6584,174.717119,117.074096,19.060055,8.282418,1,-1,-1,-1,0.660633,0.660633,3.506534,2.702067
32,6577,-66.181969,116.951831,16.216568,8.070652,1,-1,-1,-1,0.653458,0.653458,3.035556,2.701562
32,6574,92.735398,131.459068,18.695755,8.643704,1,-1,-1,-1,0.653205,0.653205,2.991436,2.701562
32,6573,-69.987367,131.353323,17.076368,7.972634,1,-1,-1,-1,0.653205,0.653205,2.991436,2.701562
32,6572,-99.659143,131.333044,18.368891,8.647319,1,-1,-1,-1,0.653205,0.653205,2.991436,2.701562
32,6571,-40.000295,117.080221,19.443248,8.149632,1,-1,-1,-1,0.653205,0.653205,2.991436,2.701562
32,6570,122.321172,130.802248,18.859918,7.614514,1,-1,-1,-1,0.653205,0.653205,2.991436,2.701562
32,6569,14.539912,216.530199,8.122523,18.659516,1,-1,-1,-1,0.653205,0.653205,2.991436,2.701562
32,6568,15.377402,187.638922,7.640936,16.970734,1,-1,-1,-1,0.653205,0.653205,2.991436,2.701562
33,6584,181.454618,117.443227,19.375410,8.444250,1,-1,-1,-1,0.659128,0.659128,3.434287,2.701831
33,6577,-66.127846,117.019759,16.143170,8.061801,1,-1,-1,-1,0.653370,0.653370,3.021566,2.701562
33,6574,92.680942,131.499490,18.644902,8.620989,1,-1,-1,-1,0.653163,0.653163,2.980969,2.701562
33,6573,-70.176110,131.419984,17.241560,8.032287,1,-1,-1,-1,0.653163,0.653163,2.980969,2.701562
33,6572,-99.284086,131.180107,18.019352,8.509789,1,-1,-1,-1,0.653163,0.653163,2.980969,2.701562
33,6571,-40.000672,117.080184,19.442367,8.149730,1,-1,-1,-1,0.653163,0.653163,2.980969,2.701562
33,6570,122.315632,130.801921,18.862969,7.616128,1,-1,-1,-1,0.653163,0.653163,2.980969,2.701562
33,6569,14.545959,216.528279,8.121786,18.656817,1,-1,-1,-1,0.653163,0.653163,2.980969,2.701562
33,6568,15.380736,187.647498,7.643508,16.973513,1,-1,-1,-1,0.653163,0.653163,2.980969,2.701562
34,6577,-66.082784,117.002211,16.077166,8.046419,1,-1,-1,-1,0.653298,0.653298,3.008740,2.701562
34,6574,92.650223,131.508381,18.613726,8.677396,1,-1,-1,-1,0.653129,0.653129,2.971273,2.701562
34,6573,-70.175976,131.399098,17.265691,8.035744,1,-1,-1,-1,0.653129,0.653129,2.971273,2.701562
34,6572,-99.414370,131.301573,18.158673,8.588121,1,-1,-1,-1,0.653129,0.653129,2.971273,2.701562
34,6571,-39.998817,117.080122,19.444561,8.149859,1,-1,-1,-1,0.653129,0.653129,2.971273,2.701562
34,6570,122.313011,130.801503,18.865175,7.617298,1,-1,-1,-1,0.653129,0.653129,2.971273,2.701562
34,6569,14.541821,216.529873,8.121310,18.657693,1,-1,-1,-1,0.653129,0.653129,2.971273,2.701562
34,6568,15.379735,187.648593,7.642479,16.972384,1,-1,-1,-1,0.653129,0.653129,2.971273,2.701562
35,6577,-66.242220,116.994751,16.241024,8.080608,1,-1,-1,-1,0.653239,0.653239,2.996944,2.701562
35,6574,92.808336,131.522234,18.713994,8.736323,1,-1,-1,-1,0.653101,0.653101,2.962268,2.701562
35,6573,-70.322642,131.346689,17.399233,8.066485,1,-1,-1,-1,0.653101,0.653101,2.962268,2.701562
35,6572,-99.483543,131.067972,18.271011,8.576476,1,-1,-1,-1,0.653101,0.653101,2.962268,2.701562
35,6571,-40.000349,117.080101,19.443324,8.149895,1,-1,-1,-1,0.653101,0.653101,2.962268,2.701562
35,6570,122.323026,130.799306,18.863615,7.615260,1,-1,-1,-1,0.653101,0.653101,2.962268,2.701562
35,6569,14.540330,216.530334,8.120963,18.658332,1,-1,-1,-1,0.653101,0.653101,2.962268,2.701562
35,6568,15.381346,187.650902,7.644623,16.974692,1,-1,-1,-1,0.653101,0.653101,2.962268,2.701562
36,6577,-66.325509,116.876428,16.225240,8.029995,1,-1,-1,-1,0.653191,0.653191,2.986061,2.701562
36,6574,92.635734,131.517866,18.545149,8.712121,1,-1,-1,-1,0.653078,0.653078,2.953887,2.701562
36,6573,-70.044574,131.301267,17.175142,8.037255,1,-1,-1,-1,0.653078,0.653078,2.953887,2.701562
36,6572,-99.520986,131.433237,18.375826,8.670067,1,-1,-1,-1,0.653078,0.653078,2.953887,2.701562
36,6571,-40.000722,117.080084,19.442422,8.149921,1,-1,-1,-1,0.653078,0.653078,2.953887,2.701562
36,6570,122.327098,130.798817,18.862489,7.613778,1,-1,-1,-1,0.653078,0.653078,2.953887,2.701562
36,6569,14.546390,216.528550,8.120655,18.655971,1,-1,-1,-1,0.653078,0.653078,2.953887,2.701562
36,6568,15.381605,187.649521,7.646124,16.973531,1,-1,-1,-1,0.653078,0.653078,2.953887,2.701562
37,6577,-66.014919,116.937747,16.144491,8.020162,1,-1,-1,-1,0.653151,0.653151,2.975994,2.701562
37,6574,92.993192,131.473274,18.608621,8.657621,1,-1,-1,-1,0.653059,0.653059,2.946067,2.701562
37,6573,-70.171583,131.305436,17.248872,8.048446,1,-1,-1,-1,0.653059,0.653059,2.946067,2.701562
37,6572,-99.654488,131.323913,18.465370,8.633240,1,-1,-1,-1,0.653059,0.653059,2.946067,2.701562
37,6571,-40.000708,117.080070,19.441765,8.149941,1,-1,-1,-1,0.653059,0.653059,2.946067,2.701562
37,6570,122.324142,130.798862,18.864500,7.612749,1,-1,-1,-1,0.653059,0.653059,2.946067,2.701562
37,6569,14.542160,216.538527,8.120540,18.659900,1,-1,-1,-1,0.653059,0.653059,2.946067,2.701562
37,6568,15.379575,187.649327,7.644393,16.972408,1,-1,-1,-1,0.653059,0.653059,2.946067,2.701562
38,6577,-66.233894,116.963637,16.241757,8.050501,1,-1,-1,-1,0.653119,0.653119,2.966657,2.701562
38,6574,92.818811,131.423450,18.704558,8.676330,1,-1,-1,-1,0.653044,0.653044,2.938756,2.701562
38,6573,-69.829358,131.228021,17.044781,8.001707,1,-1,-1,-1,0.653044,0.653044,2.938756,2.701562
38,6572,-99.328659,131.147729,18.367435,8.567474,1,-1,-1,-1,0.653044,0.653044,2.938756,2.701562
38,6571,-40.000588,117.080059,19.441286,8.149956,1,-1,-1,-1,0.653044,0.653044,2.938756,2.701562
38,6570,122.315971,130.800916,18.866263,7.614819,1,-1,-1,-1,0.653044,0.653044,2.938756,2.701562
38,6569,14.547129,216.533239,8.120400,18.659941,1,-1,-1,-1,0.653044,0.653044,2.938756,2.701562
38,6568,15.374366,187.659547,7.646062,16.977502,1,-1,-1,-1,0.653044,0.653044,2.938756,2.701562
39,6577,-65.948421,116.860641,16.080315,8.000114,1,-1,-1,-1,0.653093,0.653093,2.957975,2.701562
39,6574,92.830293,131.339581,18.708971,8.682828,1,-1,-1,-1,0.653031,0.653031,2.931907,2.701562
39,6573,-69.144717,131.189929,16.491177,7.916704,1,-1,-1,-1,0.653031,0.653031,2.931907,2.701562
39,6572,-98.050336,131.045226,17.699482,8.417752,1,-1,-1,-1,0.653031,0.653031,2.931907,2.701562
39,6571,-40.000458,117.080050,19.440937,8.149967,1,-1,-1,-1,0.653031,0.653031,2.931907,2.701562
39,6570,122.322054,130.799523,18.861617,7.613415,1,-1,-1,-1,0.653031,0.653031,2.931907,2.701562
39,6569,14.549037,216.531207,8.120298,18.659971,1,-1,-1,-1,0.653031,0.653031,2.931907,2.701562
39,6568,15.378659,187.654135,7.647220,16.978385,1,-1,-1,-1,0.653031,0.653031,2.931907,2.701562
40,6577,-66.587394,116.995533,16.446872,8.077126,1,-1,-1,-1,0.653071,0.653071,2.949883,2.701562
40,6574,92.677231,131.436483,18.502795,8.669860,1,-1,-1,-1,0.653021,0.653021,2.925479,2.701562
40,6573,-69.672270,131.335162,16.789547,8.003317,1,-1,-1,-1,0.653021,0.653021,2.925479,2.701562
40,6572,-98.810861,131.050116,18.020970,8.463755,1,-1,-1,-1,0.653021,0.653021,2.925479,2.701562
40,6571,-40.000347,117.080043,19.440682,8.149976,1,-1,-1,-1,0.653021,0.653021,2.925479,2.701562
40,6570,122.327031,130.805741,18.861052,7.612441,1,-1,-1,-1,0.653021,0.653021,2.925479,2.701562
40,6569,14.545095,216.530297,8.123037,18.660250,1,-1,-1,-1,0.653021,0.653021,2.925479,2.701562
40,6568,15.378306,187.633385,7.645098,16.970332,1,-1,-1,-1,0.653021,0.653021,2.925479,2.701562
41,6577,-66.237257,116.891706,16.313897,8.057239,1,-1,-1,-1,0.653054,0.653054,2.942326,2.701562
41,6574,92.638707,131.467526,18.562046,8.644189,1,-1,-1,-1,0.653013,0.653013,2.919436,2.701562
41,6573,-69.952311,131.474116,16.936151,8.071444,1,-1,-1,-1,0.653013,0.653013,2.919436,2.701562
41,6572,-99.251328,131.271315,18.135169,8.507655,1,-1,-1,-1,0.653013,0.653013,2.919436,2.701562
41,6571,-40.000259,117.080037,19.440497,8.149982,1,-1,-1,-1,0.653013,0.653013,2.919436,2.701562
41,6570,122.329008,130.801733,18.860646,7.611732,1,-1,-1,-1,0.653013,0.653013,2.919436,2.701562
41,6569,14.541251,216.530035,8.122220,18.660191,1,-1,-1,-1,0.653013,0.653013,2.919436,2.701562
41,6568,15.373792,187.645436,7.646514,16.973148,1,-1,-1,-1,0.653013,0.653013,2.919436,2.701562
42,6577,-66.367525,116.940125,16.359214,8.095778,1,-1,-1,-1,0.653040,0.653040,2.935253,2.701562
42,6574,92.828589,131.582457,18.686073,8.708981,1,-1,-1,-1,0.653006,0.653006,2.913746,2.701562
42,6573,-69.899754,131.323020,16.935117,8.053762,1,-1,-1,-1,0.653006,0.653006,2.913746,2.701562
42,6572,-99.566053,131.290757,18.322289,8.595232,1,-1,-1,-1,0.653006,0.653006,2.913746,2.701562
42,6571,-40.000193,117.080032,19.440362,8.149986,1,-1,-1,-1,0.653006,0.653006,2.913746,2.701562
42,6570,122.329808,130.800324,18.860355,7.611217,1,-1,-1,-1,0.653006,0.653006,2.913746,2.701562
42,6569,14.539934,216.529947,8.121625,18.660149,1,-1,-1,-1,0.653006,0.653006,2.913746,2.701562
42,6568,15.374714,187.637673,7.641786,16.966306,1,-1,-1,-1,0.653006,0.653006,2.913746,2.701562
43,6577,-66.399912,116.953770,16.303440,8.113294,1,-1,-1,-1,0.653028,0.653028,2.928621,2.701562
43,6574,92.808099,131.574372,18.716340,8.751706,1,-1,-1,-1,0.653000,0.653000,2.908379,2.701562
43,6573,-70.166348,131.397838,17.175185,8.128034,1,-1,-1,-1,0.653000,0.653000,2.908379,2.701562
43,6572,-99.652675,131.293107,18.413367,8.690383,1,-1,-1,-1,0.653000,0.653000,2.908379,2.701562
43,6571,-40.000143,117.080028,19.440263,8.149990,1,-1,-1,-1,0.653000,0.653000,2.908379,2.701562
43,6570,122.330141,130.799878,18.860146,7.610843,1,-1,-1,-1,0.653000,0.653000,2.908379,2.701562
43,6569,14.546077,216.529923,8.121190,18.660119,1,-1,-1,-1,0.653000,0.653000,2.908379,2.701562
43,6568,15.377714,187.646076,7.641244,16.967172,1,-1,-1,-1,0.653000,0.653000,2.908379,2.701562
44,6577,-66.105187,116.946124,16.178989,8.099551,1,-1,-1,-1,0.653018,0.653018,2.922392,2.701562
44,6574,92.697936,131.410845,18.690602,8.709211,1,-1,-1,-1,0.652996,0.652996,2.903309,2.701562
44,6573,-69.962753,131.291465,17.055622,8.124952,1,-1,-1,-1,0.652996,0.652996,2.903309,2.701562
44,6572,-99.224009,131.317758,18.277405,8.678289,1,-1,-1,-1,0.652996,0.652996,2.903309,2.701562
44,6571,-40.000107,117.080024,19.440191,8.149992,1,-1,-1,-1,0.652996,0.652996,2.903309,2.701562
44,6570,122.325615,130.799756,18.862800,7.610612,1,-1,-1,-1,0.652996,0.652996,2.903309,2.701562
44,6569,14.548487,216.529921,8.120873,18.660097,1,-1,-1,-1,0.652996,0.652996,2.903309,2.701562
44,6568,15.378956,187.642609,7.640851,16.967809,1,-1,-1,-1,0.652996,0.652996,2.903309,2.701562
45,6577,-66.207262,117.040250,16.156256,8.135023,1,-1,-1,-1,0.653010,0.653010,2.916530,2.701562
45,6574,92.768444,131.410233,18.776122,8.693838,1,-1,-1,-1,0.652992,0.652992,2.898514,2.701562
45,6573,-70.295485,131.550291,17.439111,8.308459,1,-1,-1,-1,0.652992,0.652992,2.898514,2.701562
45,6572,-97.056615,131.539509,17.397209,8.659448,1,-1,-1,-1,0.652992,0.652992,2.898514,2.701562
45,6571,-40.000080,117.080021,19.440139,8.149994,1,-1,-1,-1,0.652992,0.652992,2.898514,2.701562
45,6570,122.321430,130.801640,18.862182,7.613201,1,-1,-1,-1,0.652992,0.652992,2.898514,2.701562
45,6569,14.542918,216.529926,8.120642,18.660082,1,-1,-1,-1,0.652992,0.652992,2.898514,2.701562
45,6568,15.379520,187.639328,7.640521,16.965476,1,-1,-1,-1,0.652992,0.652992,2.898514,2.701562
46,6577,-66.190247,116.918630,16.096318,8.110019,1,-1,-1,-1,0.653004,0.653004,2.911006,2.701562
46,6574,92.697247,131.504534,18.710766,8.727769,1,-1,-1,-1,0.652989,0.652989,2.893973,2.701562
46,6573,-70.146771,131.264198,17.309360,8.198983,1,-1,-1,-1,0.652989,0.652989,2.893973,2.701562
46,6572,-98.427897,131.456404,17.822068,8.730818,1,-1,-1,-1,0.652989,0.652989,2.893973,2.701562
46,6571,-40.000060,117.080019,19.440101,8.149995,1,-1,-1,-1,0.652989,0.652989,2.893973,2.701562
46,6570,122.315288,130.801883,18.864521,7.615129,1,-1,-1,-1,0.652989,0.652989,2.893973,2.701562
46,6569,14.547369,216.529933,8.120473,18.660070,1,-1,-1,-1,0.652989,0.652989,2.893973,2.701562
46,6568,15.377924,187.638617,7.637485,16.963569,1,-1,-1,-1,0.652989,0.652989,2.893973,2.701562
47,6577,-65.943452,116.844052,16.045779,8.071935,1,-1,-1,-1,0.652999,0.652999,2.905791,2.701562
47,6574,92.672088,131.609454,18.695259,8.739536,1,-1,-1,-1,0.652986,0.652986,2.889667,2.701562
47,6573,-70.008937,131.184967,17.137196,8.182371,1,-1,-1,-1,0.652986,0.652986,2.889667,2.701562
47,6572,-98.902240,131.451343,17.909735,8.742282,1,-1,-1,-1,0.652986,0.652986,2.889667,2.701562
47,6571,-40.000045,117.080017,19.440073,8.149996,1,-1,-1,-1,0.652986,0.652986,2.889667,2.701562
47,6570,122.323873,130.799784,18.863190,7.613699,1,-1,-1,-1,0.652986,0.652986,2.889667,2.701562
47,6569,14.549087,216.536469,8.120350,18.660062,1,-1,-1,-1,0.652986,0.652986,2.889667,2.701562
47,6568,15.379696,187.646997,7.638115,16.965195,1,-1,-1,-1,0.652986,0.652986,2.889667,2.701562
48,6577,-66.134978,116.887212,16.109440,8.045344,1,-1,-1,-1,0.652994,0.652994,2.900863,2.701562
48,6574,92.961903,131.545874,18.750568,8.695506,1,-1,-1,-1,0.652984,0.652984,2.885579,2.701562
48,6573,-69.839647,131.268840,17.034004,8.170448,1,-1,-1,-1,0.652984,0.652984,2.885579,2.701562
48,6572,-99.173816,131.223224,18.091681,8.720837,1,-1,-1,-1,0.652984,0.652984,2.885579,2.701562
48,6571,-40.000034,117.080015,19.440053,8.149997,1,-1,-1,-1,0.652984,0.652984,2.885579,2.701562
48,6570,122.327371,130.805763,18.862223,7.612657,1,-1,-1,-1,0.652984,0.652984,2.885579,2.701562
48,6569,14.543220,216.532415,8.120260,18.660056,1,-1,-1,-1,0.652984,0.652984,2.885579,2.701562
48,6568,15.378436,187.633217,7.635699,16.960594,1,-1,-1,-1,0.652984,0.652984,2.885579,2.701562
49,6577,-65.837454,116.923272,16.048381,8.055091,1,-1,-1,-1,0.652991,0.652991,2.896198,2.701562
49,6574,92.822329,131.353011,18.591312,8.689016,1,-1,-1,-1,0.652983,0.652983,2.881694,2.701562
49,6573,-69.680436,131.320542,16.758939,8.126530,1,-1,-1,-1,0.652983,0.652983,2.881694,2.701562
49,6572,-98.938512,131.265302,17.993621,8.663532,1,-1,-1,-1,0.652983,0.652983,2.881694,2.701562
49,6571,-40.000026,117.080014,19.440038,8.149998,1,-1,-1,-1,0.652983,0.652983,2.881694,2.701562
49,6570,122.317555,130.803528,18.864537,7.614726,1,-1,-1,-1,0.652983,0.652983,2.881694,2.701562
49,6569,14.541004,216.530866,8.120194,18.660051,1,-1,-1,-1,0.652983,0.652983,2.881694,2.701562
49,6568,15.380252,187.628708,7.636734,16.957448,1,-1,-1,-1,0.652983,0.652983,2.881694,2.701562
50,6577,-66.202546,117.033658,16.160977,8.107184,1,-1,-1,-1,0.652988,0.652988,2.891778,2.701562
50,6574,92.849127,131.331058,18.644753,8.714742,1,-1,-1,-1,0.652981,0.652981,2.877997,2.701562
50,6573,-69.916624,131.434616,16.959753,8.175595,1,-1,-1,-1,0.652981,0.652981,2.877997,2.701562
50,6572,-99.070788,131.165143,18.040888,8.599851,1,-1,-1,-1,0.652981,0.652981,2.877997,2.701562
50,6571,-40.000020,117.080012,19.440027,8.149998,1,-1,-1,-1,0.652981,0.652981,2.877997,2.701562
50,6570,122.313426,130.802306,18.866217,7.616233,1,-1,-1,-1,0.652981,0.652981,2.877997,2.701562
50,6569,14.546732,216.528407,8.120108,18.657257,1,-1,-1,-1,0.652981,0.652981,2.877997,2.701562
50,6568,15.376023,187.654566,7.640444,16.966521,1,-1,-1,-1,0.652981,0.652981,2.877997,2.701562
51,6577,-66.313707,117.054921,16.184252,8.115680,1,-1,-1,-1,0.652986,0.652986,2.887583,2.701562
51,6574,92.749223,131.416087,18.617340,8.701806,1,-1,-1,-1,0.652980,0.652980,2.874476,2.701562
51,6573,-70.165934,131.576297,17.270027,8.310416,1,-1,-1,-1,0.652980,0.652980,2.874476,2.701562
51,6572,-97.424548,131.163534,17.173419,8.418313,1,-1,-1,-1,0.652980,0.652980,2.874476,2.701562
51,6571,-39.998144,117.079993,19.442807,8.150035,1,-1,-1,-1,0.652980,0.652980,2.874476,2.701562
51,6570,122.322880,130.806246,18.864435,7.614507,1,-1,-1,-1,0.652980,0.652980,2.874476,2.701562
51,6569,14.548906,216.529838,8.120084,18.658010,1,-1,-1,-1,0.652980,0.652980,2.874476,2.701562
51,6568,15.378493,187.644248,7.640238,16.964568,1,-1,-1,-1,0.652980,0.652980,2.874476,2.701562
52,6577,-66.219788,116.949616,16.147234,8.109776,1,-1,-1,-1,0.652984,0.652984,2.883599,2.701562
52,6574,92.741005,131.426969,18.684640,8.707573,1,-1,-1,-1,0.652979,0.652979,2.871119,2.701562
52,6573,-70.552473,131.407371,17.521407,8.322375,1,-1,-1,-1,0.652979,0.652979,2.871119,2.701562
52,6572,-98.429122,131.148057,17.364449,8.386652,1,-1,-1,-1,0.652979,0.652979,2.871119,2.701562
52,6571,-39.999793,117.079997,19.442047,8.150024,1,-1,-1,-1,0.652979,0.652979,2.871119,2.701562
52,6570,122.322131,130.808015,18.865924,7.613283,1,-1,-1,-1,0.652979,0.652979,2.871119,2.701562
52,6569,14.549745,216.528387,8.120029,18.655772,1,-1,-1,-1,0.652979,0.652979,2.871119,2.701562
52,6568,15.377599,187.647277,7.637304,16.962961,1,-1,-1,-1,0.652979,0.652979,2.871119,2.701562
53,6577,-66.023867,117.064705,16.078534,8.110292,1,-1,-1,-1,0.652982,0.652982,2.879810,2.701562
53,6574,92.669292,131.385450,18.743207,8.683719,1,-1,-1,-1,0.652978,0.652978,2.867916,2.701562
53,6573,-70.047349,131.253295,17.189411,8.204863,1,-1,-1,-1,0.652978,0.652978,2.867916,2.701562
53,6572,-98.932470,131.231039,17.663756,8.426749,1,-1,-1,-1,0.652978,0.652978,2.867916,2.701562
53,6571,-39.998420,117.079982,19.444277,8.150052,1,-1,-1,-1,0.652978,0.652978,2.867916,2.701562
53,6570,122.326237,130.808899,18.864227,7.612357,1,-1,-1,-1,0.652978,0.652978,2.867916,2.701562
53,6569,14.543495,216.538511,8.120063,18.659710,1,-1,-1,-1,0.652978,0.652978,2.867916,2.701562
53,6568,15.379647,187.642082,7.637952,16.961982,1,-1,-1,-1,0.652978,0.652978,2.867916,2.701562
54,6577,-66.359282,116.923773,16.118774,8.080981,1,-1,-1,-1,0.652981,0.652981,2.876203,2.701562
54,6574,92.962643,131.426315,18.771041,8.646564,1,-1,-1,-1,0.652978,0.652978,2.864857,2.701562
54,6573,-70.225208,131.344189,17.431586,8.239863,1,-1,-1,-1,0.652978,0.652978,2.864857,2.701562
54,6572,-99.209629,131.332755,17.949687,8.524565,1,-1,-1,-1,0.652978,0.652978,2.864857,2.701562
54,6571,-40.000167,117.079989,19.443119,8.150037,1,-1,-1,-1,0.652978,0.652978,2.864857,2.701562
54,6570,122.328181,130.800976,18.862795,7.608898,1,-1,-1,-1,0.652978,0.652978,2.864857,2.701562
54,6569,14.547660,216.533259,8.120051,18.659798,1,-1,-1,-1,0.652978,0.652978,2.864857,2.701562
54,6568,15.375601,187.658870,7.641322,16.969807,1,-1,-1,-1,0.652978,0.652978,2.864857,2.701562
55,6577,-66.270971,116.990786,16.151482,8.076585,1,-1,-1,-1,0.652980,0.652980,2.872767,2.701562
55,6574,93.019872,131.364353,18.824203,8.611468,1,-1,-1,-1,0.652977,0.652977,2.861934,2.701562
55,6573,-70.221077,131.290286,17.432558,8.214590,1,-1,-1,-1,0.652977,0.652977,2.861934,2.701562
55,6572,-99.183410,131.303304,18.051679,8.482535,1,-1,-1,-1,0.652977,0.652977,2.861934,2.701562
55,6571,-40.000634,117.079994,19.442274,8.150026,1,-1,-1,-1,0.652977,0.652977,2.861934,2.701562
55,6570,122.324397,130.800424,18.864734,7.609193,1,-1,-1,-1,0.652977,0.652977,2.861934,2.701562
55,6569,14.549244,216.531234,8.120041,18.659862,1,-1,-1,-1,0.652977,0.652977,2.861934,2.701562
55,6568,15.376334,187.643488,7.638068,16.964024,1,-1,-1,-1,0.652977,0.652977,2.861934,2.701562
56,6577,-66.939476,117.029169,16.554933,8.186162,1,-1,-1,-1,0.652979,0.652979,2.869489,2.701562
56,6574,92.875950,131.370139,18.814967,8.657525,1,-1,-1,-1,0.652977,0.652977,2.859137,2.701562
56,6573,-70.097934,131.249729,17.314108,8.205917,1,-1,-1,-1,0.652977,0.652977,2.859137,2.701562
56,6572,-99.118961,131.040991,18.133340,8.426680,1,-1,-1,-1,0.652977,0.652977,2.859137,2.701562
56,6571,-40.000664,117.079997,19.441658,8.150018,1,-1,-1,-1,0.652977,0.652977,2.859137,2.701562
56,6570,122.327265,130.800191,18.863369,7.609376,1,-1,-1,-1,0.652977,0.652977,2.859137,2.701562
56,6569,14.543309,216.530450,8.120034,18.659909,1,-1,-1,-1,0.652977,0.652977,2.859137,2.701562
56,6568,15.379044,187.640421,7.638514,16.962768,1,-1,-1,-1,0.652977,0.652977,2.859137,2.701562
57,6577,-66.492332,116.892005,16.396757,8.138995,1,-1,-1,-1,0.652978,0.652978,2.866359,2.701562
57,6574,92.716490,131.442008,18.784715,8.679926,1,-1,-1,-1,0.652977,0.652977,2.856459,2.701562
57,6573,-70.193453,131.427077,17.403551,8.215705,1,-1,-1,-1,0.652977,0.652977,2.856459,2.701562
57,6572,-99.328195,131.286469,18.280198,8.519262,1,-1,-1,-1,0.652977,0.652977,2.856459,2.701562
57,6571,-40.000566,117.079999,19.441208,8.150013,1,-1,-1,-1,0.652977,0.652977,2.856459,2.701562
57,6570,122.316988,130.814106,18.865973,7.620639,1,-1,-1,-1,0.652977,0.652977,2.856459,2.701562
57,6569,14.541055,216.530146,8.120029,18.659943,1,-1,-1,-1,0.652977,0.652977,2.856459,2.701562
57,6568,15.379999,187.639489,7.638841,16.961854,1,-1,-1,-1,0.652977,0.652977,2.856459,2.701562
58,6577,-66.247505,116.745569,16.272058,8.028738,1,-1,-1,-1,0.652978,0.652978,2.863370,2.701562
58,6574,92.957553,131.406376,18.790099,8.638200,1,-1,-1,-1,0.652976,0.652976,2.853893,2.701562
58,6573,-70.495565,131.395563,17.603514,8.247234,1,-1,-1,-1,0.652976,0.652976,2.853893,2.701562
58,6572,-99.394585,131.302009,18.343489,8.579988,1,-1,-1,-1,0.652976,0.652976,2.853893,2.701562
58,6571,-40.000449,117.080001,19.440881,8.150009,1,-1,-1,-1,0.652976,0.652976,2.853893,2.701562
58,6570,122.326103,130.803365,18.867046,7.617756,1,-1,-1,-1,0.652976,0.652976,2.853893,2.701562
58,6569,14.540211,216.530027,8.120025,18.659968,1,-1,-1,-1,0.652976,0.652976,2.853893,2.701562
58,6568,15.378425,187.639398,7.636303,16.961023,1,-1,-1,-1,0.652976,0.652976,2.853893,2.701562
59,6577,-66.354452,116.912540,16.309946,8.038801,1,-1,-1,-1,0.652977,0.652977,2.860511,2.701562
59,6574,92.898714,131.309483,18.824833,8.619411,1,-1,-1,-1,0.652976,0.652976,2.851434,2.701562
59,6573,-70.369318,131.346646,17.524710,8.227989,1,-1,-1,-1,0.652976,0.652976,2.851434,2.701562
59,6572,-99.385245,131.167609,18.358620,8.517690,1,-1,-1,-1,0.652976,0.652976,2.851434,2.701562
59,6571,-40.000345,117.080002,19.440641,8.150006,1,-1,-1,-1,0.652976,0.652976,2.851434,2.701562
59,6570,122.327501,130.799777,18.865053,7.615623,1,-1,-1,-1,0.652976,0.652976,2.851434,2.701562
59,6569,14.544575,216.528189,8.117213,18.657038,1,-1,-1,-1,0.652976,0.652976,2.851434,2.701562
59,6568,15.378286,187.637650,7.634422,16.957648,1,-1,-1,-1,0.652976,0.652976,2.851434,2.701562
60,6577,-66.278619,116.925033,16.240257,8.047388,1,-1,-1,-1,0.652977,0.652977,2.857774,2.701562
60,6574,92.699105,131.390403,18.708397,8.645139,1,-1,-1,-1,0.652976,0.652976,2.849075,2.701562
60,6573,-70.419277,131.388631,17.574077,8.242847,1,-1,-1,-1,0.652976,0.652976,2.849075,2.701562
60,6572,-99.200208,131.050299,18.205167,8.463391,1,-1,-1,-1,0.652976,0.652976,2.849075,2.701562
60,6571,-39.998384,117.079987,19.443242,8.150035,1,-1,-1,-1,0.652976,0.652976,2.849075,2.701562
60,6570,122.326487,130.798801,18.860826,7.614039,1,-1,-1,-1,0.652976,0.652976,2.849075,2.701562
60,6569,14.542065,216.529801,8.117972,18.657851,1,-1,-1,-1,0.652976,0.652976,2.849075,2.701562
60,6568,15.375724,187.651469,7.638739,16.966630,1,-1,-1,-1,0.652976,0.652976,2.849075,2.701562
61,6577,-66.186428,116.954532,16.157740,8.034019,1,-1,-1,-1,0.652977,0.652977,2.855154,2.701562
61,6574,92.543809,131.448229,18.607678,8.633944,1,-1,-1,-1,0.652976,0.652976,2.846809,2.701562
61,6573,-70.115231,131.327047,17.391552,8.207356,1,-1,-1,-1,0.652976,0.652976,2.846809,2.701562
61,6572,-99.201719,131.120136,18.167264,8.404336,1,-1,-1,-1,0.652976,0.652976,2.846809,2.701562
61,6571,-39.999974,117.079992,19.442364,8.150024,1,-1,-1,-1,0.652976,0.652976,2.846809,2.701562
61,6570,122.328708,130.798702,18.860519,7.612914,1,-1,-1,-1,0.652976,0.652976,2.846809,2.701562
61,6569,14.540987,216.530280,8.118525,18.658443,1,-1,-1,-1,0.652976,0.652976,2.846809,2.701562
61,6568,15.376830,187.643153,7.636236,16.964525,1,-1,-1,-1,0.652976,0.652976,2.846809,2.701562
62,6577,-66.096124,117.002779,16.112498,8.046360,1,-1,-1,-1,0.652976,0.652976,2.852643,2.701562
62,6574,92.682457,131.478170,18.658755,8.666061,1,-1,-1,-1,0.652976,0.652976,2.844634,2.701562
62,6573,-69.963667,131.326380,17.178354,8.193953,1,-1,-1,-1,0.652976,0.652976,2.844634,2.701562
62,6572,-99.338136,131.135997,18.235720,8.339147,1,-1,-1,-1,0.652976,0.652976,2.844634,2.701562
62,6571,-39.993900,117.079995,19.441724,8.150017,1,-1,-1,-1,0.652976,0.652976,2.844634,2.701562
62,6570,122.329597,130.798873,18.860298,7.612094,1,-1,-1,-1,0.652976,0.652976,2.844634,2.701562
62,6569,14.547022,216.530363,8.118928,18.658874,1,-1,-1,-1,0.652976,0.652976,2.844634,2.701562
62,6568,15.381418,187.650474,7.640025,16.968864,1,-1,-1,-1,0.652976,0.652976,2.844634,2.701562
63,6577,-66.268946,116.946684,16.129321,8.056086,1,-1,-1,-1,0.652976,0.652976,2.850234,2.701562
63,6574,92.604619,131.467135,18.672821,8.605325,1,-1,-1,-1,0.652976,0.652976,2.842542,2.701562
63,6573,-69.931026,131.231022,17.113926,8.176736,1,-1,-1,-1,0.652976,0.652976,2.842542,2.701562
63,6572,-99.285056,131.140076,18.189901,8.338895,1,-1,-1,-1,0.652976,0.652976,2.842542,2.701562
63,6571,-39.996141,117.079982,19.444028,8.150041,1,-1,-1,-1,0.652976,0.652976,2.842542,2.701562
63,6570,122.329962,130.805623,18.860138,7.611496,1,-1,-1,-1,0.652976,0.652976,2.842542,2.701562
63,6569,14.542717,216.530321,8.119222,18.659189,1,-1,-1,-1,0.652976,0.652976,2.842542,2.701562
63,6568,15.380634,187.644158,7.639982,16.969091,1,-1,-1,-1,0.652976,0.652976,2.842542,2.701562
64,6577,-66.280842,116.901334,16.118555,8.048958,1,-1,-1,-1,0.652976,0.652976,2.847923,2.701562
64,6574,92.647609,131.427581,18.677698,8.580948,1,-1,-1,-1,0.652975,0.652975,2.840531,2.701562
64,6573,-70.090353,131.256096,17.203635,8.185147,1,-1,-1,-1,0.652975,0.652975,2.840531,2.701562
64,6572,-99.524206,131.158452,18.267664,8.384480,1,-1,-1,-1,0.652975,0.652975,2.840531,2.701562
64,6571,-39.999290,117.079988,19.442937,8.150029,1,-1,-1,-1,0.652975,0.652975,2.840531,2.701562
64,6570,122.323500,130.803644,18.860198,7.613831,1,-1,-1,-1,0.652975,0.652975,2.840531,2.701562
64,6569,14.547559,216.530252,8.119436,18.659418,1,-1,-1,-1,0.652975,0.652975,2.840531,2.701562
64,6568,15.380317,187.650114,7.639984,16.972029,1,-1,-1,-1,0.652975,0.652975,2.840531,2.701562
65,6577,-66.389933,116.977376,16.186035,8.055778,1,-1,-1,-1,0.652976,0.652976,2.845704,2.701562
65,6574,92.762714,131.432557,18.724569,8.597077,1,-1,-1,-1,0.652975,0.652975,2.838596,2.701562
65,6573,-70.223449,131.380017,17.330310,8.267038,1,-1,-1,-1,0.652975,0.652975,2.838596,2.701562
65,6572,-99.277177,131.171307,18.230139,8.377735,1,-1,-1,-1,0.652975,0.652975,2.838596,2.701562
65,6571,-39.998423,117.079978,19.444912,8.150049,1,-1,-1,-1,0.652975,0.652975,2.838596,2.701562
65,6570,122.327651,130.800597,18.860067,7.612764,1,-1,-1,-1,0.652975,0.652975,2.838596,2.701562
65,6569,14.549359,216.530186,8.119593,18.659584,1,-1,-1,-1,0.652975,0.652975,2.838596,2.701562
65,6568,15.380204,187.643436,7.639953,16.971404,1,-1,-1,-1,0.652975,0.652975,2.838596,2.701562
66,6577,-66.135085,116.818091,16.089110,8.003796,1,-1,-1,-1,0.652976,0.652976,2.843571,2.701562
66,6574,92.757408,131.480304,18.801582,8.661867,1,-1,-1,-1,0.652975,0.652975,2.836732,2.701562
66,6573,-70.018445,131.380340,17.089573,8.234881,1,-1,-1,-1,0.652975,0.652975,2.836732,2.701562
66,6572,-99.389523,131.272367,18.342105,8.457605,1,-1,-1,-1,0.652975,0.652975,2.836732,2.701562
66,6571,-40.000322,117.079985,19.443582,8.150035,1,-1,-1,-1,0.652975,0.652975,2.836732,2.701562
66,6570,122.318073,130.799614,18.862742,7.612014,1,-1,-1,-1,0.652975,0.652975,2.836732,2.701562
66,6569,14.543474,216.530133,8.119707,18.659706,1,-1,-1,-1,0.652975,0.652975,2.836732,2.701562
66,6568,15.380175,187.639114,7.639902,16.968179,1,-1,-1,-1,0.652975,0.652975,2.836732,2.701562
67,6577,-66.106137,116.957867,16.115649,7.988720,1,-1,-1,-1,0.652976,0.652976,2.841520,2.701562
67,6574,92.724722,131.427790,18.689554,8.638310,1,-1,-1,-1,0.652975,0.652975,2.834938,2.701562
67,6573,-69.738011,131.189307,16.880488,8.114774,1,-1,-1,-1,0.652975,0.652975,2.834938,2.701562
67,6572,-99.537416,131.418684,18.569527,8.631251,1,-1,-1,-1,0.652975,0.652975,2.834938,2.701562
67,6571,-39.994284,117.079990,19.442612,8.150024,1,-1,-1,-1,0.652975,0.652975,2.834938,2.701562
67,6570,122.313975,130.799380,18.864694,7.611466,1,-1,-1,-1,0.652975,0.652975,2.834938,2.701562
67,6569,14.547743,216.530092,8.119790,18.659794,1,-1,-1,-1,0.652975,0.652975,2.834938,2.701562
67,6568,15.378315,187.627823,7.637039,16.960147,1,-1,-1,-1,0.652975,0.652975,2.834938,2.701562
68,6577,-66.322099,116.962931,16.225837,8.020765,1,-1,-1,-1,0.652975,0.652975,2.839548,2.701562
68,6574,92.731676,131.414279,18.712729,8.616358,1,-1,-1,-1,0.652975,0.652975,2.833208,2.701562
68,6573,-69.907088,131.288216,16.985982,8.066131,1,-1,-1,-1,0.652975,0.652975,2.833208,2.701562
68,6572,-97.548040,131.557356,17.595402,8.608296,1,-1,-1,-1,0.652975,0.652975,2.833208,2.701562
68,6571,-39.996476,117.079980,19.444671,8.150044,1,-1,-1,-1,0.652975,0.652975,2.833208,2.701562
68,6570,122.316750,130.799410,18.863352,7.611040,1,-1,-1,-1,0.652975,0.652975,2.833208,2.701562
68,6569,14.549362,216.528181,8.119822,18.657091,1,-1,-1,-1,0.652975,0.652975,2.833208,2.701562
68,6568,15.378108,187.624972,7.634953,16.954294,1,-1,-1,-1,0.652975,0.652975,2.833208,2.701562
69,6577,-66.180527,116.895480,16.198479,7.995376,1,-1,-1,-1,0.652975,0.652975,2.837649,2.701562
69,6574,92.734396,131.404869,18.440787,8.629774,1,-1,-1,-1,0.652975,0.652975,2.831540,2.701562
69,6573,-69.838505,131.427513,16.962147,8.145413,1,-1,-1,-1,0.652975,0.652975,2.831540,2.701562
69,6572,-98.638963,131.653609,17.943774,8.732382,1,-1,-1,-1,0.652975,0.652975,2.831540,2.701562
69,6571,-39.999562,117.079986,19.443406,8.150031,1,-1,-1,-1,0.652975,0.652975,2.831540,2.701562
69,6570,122.324592,130.799505,18.862374,7.610730,1,-1,-1,-1,0.652975,0.652975,2.831540,2.701562
69,6569,14.543417,216.529814,8.119874,18.657886,1,-1,-1,-1,0.652975,0.652975,2.831540,2.701562
69,6568,15.380251,187.635195,7.636259,16.955708,1,-1,-1,-1,0.652975,0.652975,2.831540,2.701562
70,6577,-66.074817,116.785975,16.122811,7.970843,1,-1,-1,-1,0.652975,0.652975,2.835821,2.701562
70,6574,92.859279,131.384794,18.547397,8.655018,1,-1,-1,-1,0.652975,0.652975,2.829932,2.701562
70,6573,-70.067949,131.481774,17.058751,8.192428,1,-1,-1,-1,0.652975,0.652975,2.829932,2.701562
70,6572,-99.178439,131.353281,18.099309,8.686605,1,-1,-1,-1,0.652975,0.652975,2.829932,2.701562
70,6571,-40.000517,117.079991,19.442483,8.150021,1,-1,-1,-1,0.652975,0.652975,2.829932,2.701562
70,6570,122.327748,130.799605,18.861661,7.610504,1,-1,-1,-1,0.652975,0.652975,2.829932,2.701562
70,6569,14.541146,216.530302,8.119912,18.658466,1,-1,-1,-1,0.652975,0.652975,2.829932,2.701562
70,6568,15.378030,187.657437,7.642834,16.965337,1,-1,-1,-1,0.652975,0.652975,2.829932,2.701562
71,6577,-66.101788,116.903978,16.116203,7.989165,1,-1,-1,-1,0.652975,0.652975,2.834059,2.701562
71,6574,92.594624,131.494938,18.415770,8.683947,1,-1,-1,-1,0.652975,0.652975,2.828379,2.701562
71,6573,-69.970262,131.511697,17.013015,8.230097,1,-1,-1,-1,0.652975,0.652975,2.828379,2.701562
71,6572,-99.266474,131.240446,18.165756,8.664786,1,-1,-1,-1,0.652975,0.652975,2.828379,2.701562
71,6571,-40.000715,117.079994,19.441810,8.150015,1,-1,-1,-1,0.652975,0.652975,2.828379,2.701562
71,6570,122.322453,130.801574,18.861303,7.613103,1,-1,-1,-1,0.652975,0.652975,2.828379,2.701562
71,6569,14.540286,216.530388,8.119940,18.658889,1,-1,-1,-1,0.652975,0.652975,2.828379,2.701562
71,6568,15.378844,187.645636,7.642009,16.963765,1,-1,-1,-1,0.652975,0.652975,2.828379,2.701562
72,6577,-65.871730,116.900603,16.010701,7.982173,1,-1,-1,-1,0.652975,0.652975,2.832361,2.701562
72,6574,92.684507,131.429503,18.475459,8.674251,1,-1,-1,-1,0.652975,0.652975,2.826881,2.701562
72,6573,-70.094296,131.349477,17.167980,8.218331,1,-1,-1,-1,0.652975,0.652975,2.826881,2.701562
72,6572,-99.494204,131.124712,18.221515,8.612423,1,-1,-1,-1,0.652975,0.652975,2.826881,2.701562
72,6571,-40.000666,117.079996,19.441319,8.150010,1,-1,-1,-1,0.652975,0.652975,2.826881,2.701562
72,6570,122.320503,130.801871,18.861037,7.615000,1,-1,-1,-1,0.652975,0.652975,2.826881,2.701562
72,6569,14.546510,216.528464,8.119933,18.656433,1,-1,-1,-1,0.652975,0.652975,2.826881,2.701562
72,6568,15.377411,187.641466,7.638645,16.962481,1,-1,-1,-1,0.652975,0.652975,2.826881,2.701562
73,6577,-66.247553,116.995375,16.170781,8.016202,1,-1,-1,-1,0.652975,0.652975,2.830724,2.701562
73,6574,92.710258,131.435895,18.548866,8.653492,1,-1,-1,-1,0.652975,0.652975,2.825433,2.701562
73,6573,-70.199686,131.414249,17.323953,8.241274,1,-1,-1,-1,0.652975,0.652975,2.825433,2.701562
73,6572,-99.316315,131.074216,18.192327,8.540678,1,-1,-1,-1,0.652975,0.652975,2.825433,2.701562
73,6571,-40.000554,117.079998,19.440960,8.150006,1,-1,-1,-1,0.652975,0.652975,2.825433,2.701562
73,6570,122.321702,130.801635,18.863604,7.616410,1,-1,-1,-1,0.652975,0.652975,2.825433,2.701562
73,6569,14.548879,216.528167,8.119928,18.654642,1,-1,-1,-1,0.652975,0.652975,2.825433,2.701562
73,6568,15.377454,187.646633,7.636191,16.961550,1,-1,-1,-1,0.652975,0.652975,2.825433,2.701562
74,6577,-66.185542,116.964819,16.128007,8.005434,1,-1,-1,-1,0.652975,0.652975,2.829144,2.701562
74,6574,92.688611,131.403646,18.627195,8.688792,1,-1,-1,-1,0.652975,0.652975,2.824034,2.701562
74,6573,-70.007549,131.296379,17.095516,8.175520,1,-1,-1,-1,0.652975,0.652975,2.824034,2.701562
74,6572,-99.450968,131.315085,18.319638,8.634250,1,-1,-1,-1,0.652975,0.652975,2.824034,2.701562
74,6571,-39.993913,117.079999,19.440699,8.150004,1,-1,-1,-1,0.652975,0.652975,2.824034,2.701562
74,6570,122.319908,130.799423,18.862561,7.614649,1,-1,-1,-1,0.652975,0.652975,2.824034,2.701562
74,6569,14.549757,216.530261,8.119952,18.656099,1,-1,-1,-1,0.652975,0.652975,2.824034,2.701562
74,6568,15.379774,187.650570,7.637194,16.963774,1,-1,-1,-1,0.652975,0.652975,2.824034,2.701562
75,6577,-66.027750,116.941082,16.052107,7.986130,1,-1,-1,-1,0.652975,0.652975,2.827619,2.701562
75,6574,92.534002,131.455249,18.656241,8.633274,1,-1,-1,-1,0.652975,0.652975,2.822682,2.701562
75,6573,-70.333687,131.414545,17.363124,8.222964,1,-1,-1,-1,0.652975,0.652975,2.822682,2.701562
75,6572,-99.461953,131.131110,18.308522,8.587642,1,-1,-1,-1,0.652975,0.652975,2.822682,2.701562
75,6571,-39.997878,117.080000,19.440508,8.150002,1,-1,-1,-1,0.652975,0.652975,2.822682,2.701562
75,6570,122.325944,130.798889,18.861800,7.613365,1,-1,-1,-1,0.652975,0.652975,2.822682,2.701562
75,6569,14.543543,216.537338,8.119969,18.657162,1,-1,-1,-1,0.652975,0.652975,2.822682,2.701562
75,6568,15.380511,187.634834,7.637871,16.959871,1,-1,-1,-1,0.652975,0.652975,2.822682,2.701562
76,6577,-65.968192,116.904785,16.016906,7.994115,1,-1,-1,-1,0.652975,0.652975,2.826146,2.701562
76,6574,92.559771,131.455098,18.609983,8.645140,1,-1,-1,-1,0.652975,0.652975,2.821375,2.701562
76,6573,-69.831145,131.235110,16.930703,8.154177,1,-1,-1,-1,0.652975,0.652975,2.821375,2.701562
76,6572,-99.519127,131.483787,18.392115,8.665168,1,-1,-1,-1,0.652975,0.652975,2.821375,2.701562
76,6571,-39.997473,117.079988,19.443130,8.150026,1,-1,-1,-1,0.652975,0.652975,2.821375,2.701562
76,6570,122.328370,130.798915,18.861247,7.612428,1,-1,-1,-1,0.652975,0.652975,2.821375,2.701562
76,6569,14.547705,216.533301,8.119981,18.657937,1,-1,-1,-1,0.652975,0.652975,2.821375,2.701562
76,6568,15.380655,187.637956,7.638394,16.959789,1,-1,-1,-1,0.652975,0.652975,2.821375,2.701562
77,6577,-65.931168,116.949180,16.012894,7.991927,1,-1,-1,-1,0.652975,0.652975,2.824723,2.701562
77,6574,92.585634,131.454712,18.587415,8.656728,1,-1,-1,-1,0.652975,0.652975,2.820111,2.701562
77,6573,-70.190542,131.286765,17.181546,8.149840,1,-1,-1,-1,0.652975,0.652975,2.820111,2.701562
77,6572,-99.579046,131.279841,18.455935,8.638576,1,-1,-1,-1,0.652975,0.652975,2.820111,2.701562
77,6571,-39.986606,117.079992,19.442282,8.150018,1,-1,-1,-1,0.652975,0.652975,2.820111,2.701562
77,6570,122.329377,130.799096,18.860844,7.611745,1,-1,-1,-1,0.652975,0.652975,2.820111,2.701562
77,6569,14.555813,216.531618,8.119990,18.658503,1,-1,-1,-1,0.652975,0.652975,2.820111,2.701562
77,6568,15.387143,187.639181,7.638776,16.959731,1,-1,-1,-1,0.652975,0.652975,2.820111,2.701562
78,6577,-66.025765,116.912157,16.051235,7.987949,1,-1,-1,-1,0.652975,0.652975,2.823348,2.701562
78,6574,92.644788,131.438846,18.663904,8.646734,1,-1,-1,-1,0.652975,0.652975,2.818887,2.701562
78,6573,-70.185350,131.312552,17.274206,8.162657,1,-1,-1,-1,0.652975,0.652975,2.818887,2.701562
78,6572,-99.582534,131.224311,18.469128,8.616295,1,-1,-1,-1,0.652975,0.652975,2.818887,2.701562
78,6571,-39.962761,117.079995,19.441663,8.150012,1,-1,-1,-1,0.652975,0.652975,2.818887,2.701562
78,6570,122.325169,130.799279,18.863311,7.611271,1,-1,-1,-1,0.652975,0.652975,2.818887,2.701562
78,6569,14.578461,216.537405,8.119996,18.658916,1,-1,-1,-1,0.652975,0.652975,2.818887,2.701562
78,6568,15.415645,187.639672,7.639055,16.959690,1,-1,-1,-1,0.652975,0.652975,2.818887,2.701562
79,6577,-66.077002,116.880308,16.088955,8.015550,1,-1,-1,-1,0.652975,0.652975,2.822019,2.701562
79,6574,92.356443,131.465549,18.707790,8.675355,1,-1,-1,-1,0.652975,0.652975,2.817702,2.701562
79,6573,-70.181077,131.456690,17.364105,8.219173,1,-1,-1,-1,0.652975,0.652975,2.817702,2.701562
79,6572,-99.181900,131.194169,18.389817,8.580185,1,-1,-1,-1,0.652975,0.652975,2.817702,2.701562
79,6571,-39.906004,117.078101,19.443835,8.147270,1,-1,-1,-1,0.652975,0.652975,2.817702,2.701562
79,6570,122.325959,130.797576,18.859452,7.608119,1,-1,-1,-1,0.652975,0.652975,2.817702,2.701562
79,6569,14.632707,216.532989,8.120001,18.659217,1,-1,-1,-1,0.652975,0.652975,2.817702,2.701562
79,6568,15.465507,187.650179,7.639314,16.965179,1,-1,-1,-1,0.652975,0.652975,2.817702,2.701562
80,6577,-65.956659,116.846486,16.136579,7.991360,1,-1,-1,-1,0.652975,0.652975,2.820733,2.701562
80,6574,92.089849,131.466613,18.765297,8.652020,1,-1,-1,-1,0.652975,0.652975,2.816556,2.701562
80,6573,-70.064991,131.351204,17.450295,8.162523,1,-1,-1,-1,0.652975,0.652975,2.816556,2.701562
80,6572,-99.206123,131.259758,18.510177,8.641237,1,-1,-1,-1,0.652975,0.652975,2.816556,2.701562
80,6571,-39.802077,117.079762,19.442798,8.148007,1,-1,-1,-1,0.652975,0.652975,2.816556,2.701562
80,6570,122.328745,130.799365,18.859539,7.608602,1,-1,-1,-1,0.652975,0.652975,2.816556,2.701562
80,6569,14.738026,216.531246,8.120004,18.659437,1,-1,-1,-1,0.652975,0.652975,2.816556,2.701562
80,6568,15.570996,187.653135,7.642260,16.969318,1,-1,-1,-1,0.652975,0.652975,2.816556,2.701562
81,6577,-65.694828,116.841288,16.021980,7.967274,1,-1,-1,-1,0.652975,0.652975,2.819490,2.701562
81,6574,91.644745,131.416901,18.785025,8.632179,1,-1,-1,-1,0.652975,0.652975,2.815445,2.701562
81,6573,-69.649750,131.349991,17.210431,8.160896,1,-1,-1,-1,0.652975,0.652975,2.815445,2.701562
81,6572,-99.299607,131.243717,18.501390,8.648517,1,-1,-1,-1,0.652975,0.652975,2.815445,2.701562
81,6571,-39.632232,117.080270,19.442041,8.148545,1,-1,-1,-1,0.652975,0.652975,2.815445,2.701562
81,6570,122.325138,130.799961,18.862362,7.608979,1,-1,-1,-1,0.652975,0.652975,2.815445,2.701562
81,6569,14.908242,216.528657,8.119982,18.656838,1,-1,-1,-1,0.652975,0.652975,2.815445,2.701562
81,6568,15.740737,187.655386,7.644436,16.975092,1,-1,-1,-1,0.652975,0.652975,2.815445,2.701562
82,6577,-65.208580,116.840995,15.921357,7.935726,1,-1,-1,-1,0.652975,0.652975,2.818286,2.701562
82,6574,91.500245,131.498922,18.976069,8.736293,1,-1,-1,-1,0.652975,0.652975,2.814369,2.701562
82,6573,-69.186027,131.326485,17.021411,8.154212,1,-1,-1,-1,0.652975,0.652975,2.814369,2.701562
82,6572,-98.640452,131.315028,18.420429,8.653064,1,-1,-1,-1,0.652975,0.652975,2.814369,2.701562
82,6571,-39.392060,117.080370,19.441488,8.148937,1,-1,-1,-1,0.652975,0.652975,2.814369,2.701562
82,6570,122.326026,130.800150,18.858906,7.609207,1,-1,-1,-1,0.652975,0.652975,2.814369,2.701562
82,6569,15.154953,216.530019,8.119990,18.657700,1,-1,-1,-1,0.652975,0.652975,2.814369,2.701562
82,6568,15.980349,187.663602,7.646048,16.982059,1,-1,-1,-1,0.652975,0.652975,2.814369,2.701562
83,6577,-65.014809,116.942473,15.972465,7.930116,1,-1,-1,-1,0.652975,0.652975,2.817121,2.701562
83,6574,90.982539,131.280146,18.804103,8.687815,1,-1,-1,-1,0.652975,0.652975,2.813325,2.701562
83,6573,-69.062802,131.440760,17.156346,8.199266,1,-1,-1,-1,0.652975,0.652975,2.813325,2.701562
83,6572,-98.213225,131.299487,18.216519,8.576502,1,-1,-1,-1,0.652975,0.652975,2.813325,2.701562
83,6571,-39.055806,117.080351,19.438327,8.149200,1,-1,-1,-1,0.652975,0.652975,2.813325,2.701562
83,6570,122.326967,130.800187,18.856385,7.609375,1,-1,-1,-1,0.652975,0.652975,2.813325,2.701562
83,6569,15.488957,216.528507,8.119972,18.655572,1,-1,-1,-1,0.652975,0.652975,2.813325,2.701562
83,6568,16.317926,187.655136,7.647170,16.981624,1,-1,-1,-1,0.652975,0.652975,2.813325,2.701562
84,6577,-64.495475,116.874446,15.885377,7.919413,1,-1,-1,-1,0.652975,0.652975,2.815992,2.701562
84,6574,90.462310,131.193372,18.804952,8.644255,1,-1,-1,-1,0.652975,0.652975,2.812314,2.701562
84,6573,-68.689711,131.404792,17.183513,8.276994,1,-1,-1,-1,0.652975,0.652975,2.812314,2.701562
84,6572,-98.020337,131.395221,18.314588,8.670310,1,-1,-1,-1,0.652975,0.652975,2.812314,2.701562
84,6571,-38.620796,117.080285,19.438778,8.149416,1,-1,-1,-1,0.652975,0.652975,2.812314,2.701562
84,6570,122.325946,130.798298,18.851656,7.606720,1,-1,-1,-1,0.652975,0.652975,2.812314,2.701562
84,6569,15.918766,216.530263,8.117227,18.656648,1,-1,-1,-1,0.652975,0.652975,2.812314,2.701562
84,6568,16.755466,187.641690,7.645183,16.975669,1,-1,-1,-1,0.652975,0.652975,2.812314,2.701562
85,6577,-64.148838,116.926834,15.951651,7.968047,1,-1,-1,-1,0.652975,0.652975,2.814899,2.701562
85,6574,89.970420,131.276583,18.874337,8.618555,1,-1,-1,-1,0.652975,0.652975,2.811334,2.701562
85,6573,-68.175747,131.383011,17.167960,8.256880,1,-1,-1,-1,0.652975,0.652975,2.811334,2.701562
85,6572,-97.405629,131.381319,18.261916,8.668778,1,-1,-1,-1,0.652975,0.652975,2.811334,2.701562
85,6571,-38.071505,117.080210,19.441863,8.149596,1,-1,-1,-1,0.652975,0.652975,2.811334,2.701562
85,6570,122.328277,130.798042,18.850965,7.604805,1,-1,-1,-1,0.652975,0.652975,2.811334,2.701562
85,6569,16.466652,216.528799,8.117956,18.654806,1,-1,-1,-1,0.652975,0.652975,2.811334,2.701562
85,6568,17.297717,187.637602,7.643733,16.971325,1,-1,-1,-1,0.652975,0.652975,2.811334,2.701562
86,6577,-63.533811,116.943358,15.915605,7.980378,1,-1,-1,-1,0.652975,0.652975,2.813840,2.701562
86,6574,89.558124,131.430054,18.892900,8.627426,1,-1,-1,-1,0.652975,0.652975,2.810383,2.701562
86,6573,-67.676960,131.386471,17.356342,8.277574,1,-1,-1,-1,0.652975,0.652975,2.810383,2.701562
86,6572,-96.832284,131.231825,18.311629,8.668427,1,-1,-1,-1,0.652975,0.652975,2.810383,2.701562
86,6571,-37.417047,117.080149,19.444114,8.149727,1,-1,-1,-1,0.652975,0.652975,2.810383,2.701562
86,6570,122.332046,130.798314,18.844952,7.603367,1,-1,-1,-1,0.652975,0.652975,2.810383,2.701562
86,6569,17.127520,216.530459,8.118513,18.656219,1,-1,-1,-1,0.652975,0.652975,2.810383,2.701562
86,6568,17.958687,187.647064,7.645481,16.973790,1,-1,-1,-1,0.652975,0.652975,2.810383,2.701562
87,6577,-62.862321,116.955235,15.981773,7.954133,1,-1,-1,-1,0.652975,0.652975,2.812813,2.701562
87,6574,89.074173,131.629632,18.960326,8.662040,1,-1,-1,-1,0.652975,0.652975,2.809460,2.701562
87,6573,-67.051756,131.431366,17.583856,8.276282,1,-1,-1,-1,0.652975,0.652975,2.809460,2.701562
87,6572,-96.072320,131.251400,18.338859,8.645856,1,-1,-1,-1,0.652975,0.652975,2.809460,2.701562
87,6571,-36.634377,117.080114,19.443001,8.149800,1,-1,-1,-1,0.652975,0.652975,2.809460,2.701562
87,6570,122.333662,130.798651,18.848836,7.602383,1,-1,-1,-1,0.652975,0.652975,2.809460,2.701562
87,6569,17.914804,216.539266,8.118943,18.660005,1,-1,-1,-1,0.652975,0.652975,2.809460,2.701562
87,6568,18.743936,187.641877,7.643975,16.972711,1,-1,-1,-1,0.652975,0.652975,2.809460,2.701562
88,6577,-61.808411,116.941154,15.995320,7.968097,1,-1,-1,-1,0.652975,0.652975,2.811817,2.701562
88,6574,88.451864,131.324853,18.982642,8.645501,1,-1,-1,-1,0.652975,0.652975,2.808564,2.701562
88,6573,-65.339368,131.272969,17.024752,8.182179,1,-1,-1,-1,0.652975,0.652975,2.808564,2.701562
88,6572,-95.248796,131.200113,18.467052,8.702614,1,-1,-1,-1,0.652975,0.652975,2.808564,2.701562
88,6571,-35.665033,117.080087,19.442188,8.149853,1,-1,-1,-1,0.652975,0.652975,2.808564,2.701562
88,6570,122.329749,130.800874,18.846296,7.604377,1,-1,-1,-1,0.652975,0.652975,2.808564,2.701562
88,6569,18.879104,216.540048,8.119232,18.660012,1,-1,-1,-1,0.652975,0.652975,2.808564,2.701562
88,6568,19.707803,187.638205,7.642853,16.969169,1,-1,-1,-1,0.652975,0.652975,2.808564,2.701562
89,6577,-60.779569,116.989722,16.090449,7.976429,1,-1,-1,-1,0.652975,0.652975,2.810851,2.701562
89,6574,88.020146,131.414462,19.006184,8.672110,1,-1,-1,-1,0.652975,0.652975,2.807695,2.701562
89,6573,-64.393492,131.315804,17.155853,8.169021,1,-1,-1,-1,0.652975,0.652975,2.807695,2.701562
89,6572,-94.081105,131.258730,18.486138,8.698730,1,-1,-1,-1,0.652975,0.652975,2.807695,2.701562
89,6571,-34.489655,117.080066,19.441595,8.149892,1,-1,-1,-1,0.652975,0.652975,2.807695,2.701562
89,6570,122.333414,130.799500,18.841558,7.603059,1,-1,-1,-1,0.652975,0.652975,2.807695,2.701562
89,6569,20.052364,216.533786,8.119443,18.660018,1,-1,-1,-1,0.652975,0.652975,2.807695,2.701562
89,6568,20.885796,187.637501,7.639280,16.966471,1,-1,-1,-1,0.652975,0.652975,2.807695,2.701562
90,6577,-59.620276,116.993009,16.258377,8.022703,1,-1,-1,-1,0.652975,0.652975,2.809915,2.701562
90,6574,86.831696,131.521228,19.005354,8.661079,1,-1,-1,-1,0.652975,0.652975,2.806851,2.701562
90,6573,-63.138538,131.347869,17.231207,8.198261,1,-1,-1,-1,0.652975,0.652975,2.806851,2.701562
90,6572,-92.598977,131.136012,18.529311,8.654244,1,-1,-1,-1,0.652975,0.652975,2.806851,2.701562
90,6571,-33.079804,117.080040,19.443916,8.149943,1,-1,-1,-1,0.652975,0.652975,2.806851,2.701562
90,6570,122.324401,130.794561,18.840990,7.604874,1,-1,-1,-1,0.652975,0.652975,2.806851,2.701562
90,6569,21.459383,216.531388,8.119597,18.660021,1,-1,-1,-1,0.652975,0.652975,2.806851,2.701562
90,6568,22.292498,187.647916,7.642230,16.970247,1,-1,-1,-1,0.652975,0.652975,2.806851,2.701562
91,6577,-57.890555,117.084993,16.158268,8.015041,1,-1,-1,-1,0.652975,0.652975,2.809006,2.701562
91,6574,86.258375,131.351395,19.171850,8.620206,1,-1,-1,-1,0.652975,0.652975,2.806031,2.701562
91,6573,-61.516046,131.218125,17.185328,8.180019,1,-1,-1,-1,0.652975,0.652975,2.806031,2.701562
91,6572,-91.236005,131.391307,18.700254,8.778230,1,-1,-1,-1,0.652975,0.652975,2.806031,2.701562
91,6571,-31.555323,117.080032,19.442856,8.149957,1,-1,-1,-1,0.652975,0.652975,2.806031,2.701562
91,6570,122.334217,130.797024,18.840448,7.603446,1,-1,-1,-1,0.652975,0.652975,2.806031,2.701562
91,6569,22.985064,216.530473,8.119710,18.660024,1,-1,-1,-1,0.652975,0.652975,2.806031,2.701562
91,6568,23.817545,187.661525,7.644431,16.978507,1,-1,-1,-1,0.652975,0.652975,2.806031,2.701562
92,6577,-56.576335,117.117738,16.352549,8.067977,1,-1,-1,-1,0.652975,0.652975,2.808123,2.701562
92,6574,85.670544,131.652511,19.189523,8.702649,1,-1,-1,-1,0.652975,0.652975,2.805235,2.701562
92,6573,-59.965915,131.284071,17.145713,8.139026,1,-1,-1,-1,0.652975,0.652975,2.805235,2.701562
92,6572,-89.699300,131.172519,18.677959,8.731785,1,-1,-1,-1,0.652975,0.652975,2.805235,2.701562
92,6571,-30.027054,117.080025,19.442082,8.149968,1,-1,-1,-1,0.652975,0.652975,2.805235,2.701562
92,6570,122.328769,130.791674,18.845562,7.602446,1,-1,-1,-1,0.652975,0.652975,2.805235,2.701562
92,6569,24.513595,216.530126,8.119792,18.660025,1,-1,-1,-1,0.652975,0.652975,2.805235,2.701562
92,6568,25.343613,187.646546,7.643210,16.976156,1,-1,-1,-1,0.652975,0.652975,2.805235,2.701562
93,6577,-54.662701,117.002666,16.163232,8.015472,1,-1,-1,-1,0.652975,0.652975,2.807267,2.701562
93,6574,85.273559,131.784115,19.189921,8.816508,1,-1,-1,-1,0.652975,0.652975,2.804461,2.701562
93,6573,-58.738604,131.494466,17.353503,8.269330,1,-1,-1,-1,0.652975,0.652975,2.804461,2.701562
93,6572,-88.093778,131.086229,18.603546,8.700501,1,-1,-1,-1,0.652975,0.652975,2.804461,2.701562
93,6571,-28.428520,117.080021,19.441517,8.149976,1,-1,-1,-1,0.652975,0.652975,2.804461,2.701562
93,6570,122.330449,130.796378,18.846544,7.601697,1,-1,-1,-1,0.652975,0.652975,2.804461,2.701562
93,6569,26.112085,216.529998,8.119851,18.660027,1,-1,-1,-1,0.652975,0.652975,2.804461,2.701562
93,6568,26.947926,187.641230,7.642320,16.974441,1,-1,-1,-1,0.652975,0.652975,2.804461,2.701562
94,6577,-52.852508,117.042500,16.190600,8.010490,1,-1,-1,-1,0.652975,0.652975,2.806435,2.701562
94,6574,85.075206,131.565044,19.030042,8.768971,1,-1,-1,-1,0.652975,0.652975,2.803709,2.701562
94,6573,-57.096041,131.361186,17.528119,8.235589,1,-1,-1,-1,0.652975,0.652975,2.803709,2.701562
94,6572,-84.452699,131.150251,17.736764,8.639301,1,-1,-1,-1,0.652975,0.652975,2.803709,2.701562
94,6571,-26.725882,117.080006,19.443858,8.150003,1,-1,-1,-1,0.652975,0.652975,2.803709,2.701562
94,6570,122.330918,130.798316,18.847263,7.601152,1,-1,-1,-1,0.652975,0.652975,2.803709,2.701562
94,6569,27.817365,216.528121,8.117120,18.657159,1,-1,-1,-1,0.652975,0.652975,2.803709,2.701562
94,6568,28.646276,187.647871,7.644445,16.976057,1,-1,-1,-1,0.652975,0.652975,2.803709,2.701562
95,6577,-51.101765,117.061665,16.170681,8.039288,1,-1,-1,-1,0.652975,0.652975,2.805628,2.701562
95,6574,84.258931,131.295788,19.301132,8.612002,1,-1,-1,-1,0.652975,0.652975,2.802979,2.701562
95,6573,-55.375103,131.454360,17.608830,8.280622,1,-1,-1,-1,0.652975,0.652975,2.802979,2.701562
95,6572,-83.592584,131.092554,17.921007,8.578425,1,-1,-1,-1,0.652975,0.652975,2.802979,2.701562
95,6571,-24.899375,117.080006,19.442813,8.150001,1,-1,-1,-1,0.652975,0.652975,2.802979,2.701562
95,6570,122.332918,130.797260,18.850422,7.598021,1,-1,-1,-1,0.652975,0.652975,2.802979,2.701562
95,6569,29.643003,216.529749,8.117902,18.657936,1,-1,-1,-1,0.652975,0.652975,2.802979,2.701562
95,6568,30.477733,187.641747,7.643221,16.974369,1,-1,-1,-1,0.652975,0.652975,2.802979,2.701562
96,6577,-48.955164,116.911186,16.132427,8.019079,1,-1,-1,-1,0.652975,0.652975,2.804843,2.701562
96,6574,83.773697,131.624192,19.107783,8.487879,1,-1,-1,-1,0.652975,0.652975,2.802268,2.701562
96,6573,-53.361117,131.334727,17.539473,8.287334,1,-1,-1,-1,0.652975,0.652975,2.802268,2.701562
96,6572,-82.316938,131.285400,18.028373,8.577195,1,-1,-1,-1,0.652975,0.652975,2.802268,2.701562
96,6571,-22.928280,117.080006,19.442051,8.150000,1,-1,-1,-1,0.652975,0.652975,2.802268,2.701562
96,6570,122.328476,130.790877,18.855481,7.595758,1,-1,-1,-1,0.652975,0.652975,2.802268,2.701562
96,6569,31.613452,216.530241,8.118473,18.658503,1,-1,-1,-1,0.652975,0.652975,2.802268,2.701562
96,6568,32.448883,187.627570,7.639511,16.964775,1,-1,-1,-1,0.652975,0.652975,2.802268,2.701562
97,6577,-47.106609,116.915819,16.239932,8.024795,1,-1,-1,-1,0.652975,0.652975,2.804080,2.701562
97,6574,83.552018,132.100036,19.044942,8.672694,1,-1,-1,-1,0.652975,0.652975,2.801577,2.701562
97,6573,-50.897723,131.361469,17.344734,8.256095,1,-1,-1,-1,0.652975,0.652975,2.801577,2.701562
97,6572,-80.142981,131.148446,18.204684,8.514398,1,-1,-1,-1,0.652975,0.652975,2.801577,2.701562
97,6571,-20.813921,117.080006,19.441494,8.149999,1,-1,-1,-1,0.652975,0.652975,2.801577,2.701562
97,6570,122.325831,130.797291,18.859299,7.596862,1,-1,-1,-1,0.652975,0.652975,2.801577,2.701562
97,6569,33.727335,216.530333,8.118889,18.658916,1,-1,-1,-1,0.652975,0.652975,2.801577,2.701562
97,6568,34.560976,187.644404,7.642396,16.969004,1,-1,-1,-1,0.652975,0.652975,2.801577,2.701562
98,6577,-45.078898,116.868271,16.321281,8.034473,1,-1,-1,-1,0.652975,0.652975,2.803339,2.701562
98,6574,82.919842,131.901883,18.995058,8.512584,1,-1,-1,-1,0.652975,0.652975,2.800906,2.701562
98,6573,-48.843593,131.424027,17.484557,8.276470,1,-1,-1,-1,0.652975,0.652975,2.800906,2.701562
98,6572,-77.720859,131.117582,18.118221,8.474720,1,-1,-1,-1,0.652975,0.652975,2.800906,2.701562
98,6571,-18.552243,117.071597,19.438221,8.147226,1,-1,-1,-1,0.652975,0.652975,2.800906,2.701562
98,6570,122.321403,130.799537,18.867589,7.597709,1,-1,-1,-1,0.652975,0.652975,2.800906,2.701562
98,6569,35.982087,216.528465,8.116421,18.656354,1,-1,-1,-1,0.652975,0.652975,2.800906,2.701562
98,6568,36.814612,187.641728,7.641727,16.969224,1,-1,-1,-1,0.652975,0.652975,2.800906,2.701562
99,6577,-42.384639,116.919921,16.300349,8.029711,1,-1,-1,-1,0.652975,0.652975,2.802619,2.701562
99,6574,82.029564,133.541206,19.324483,9.094420,1,-1,-1,-1,0.652975,0.652975,2.800252,2.701562
99,6573,-46.539551,131.238605,17.612840,8.186399,1,-1,-1,-1,0.652975,0.652975,2.800252,2.701562
99,6572,-75.193718,131.007767,18.098796,8.395621,1,-1,-1,-1,0.652975,0.652975,2.800252,2.701562
99,6571,-16.103195,117.077311,19.438701,8.147975,1,-1,-1,-1,0.652975,0.652975,2.800252,2.701562
99,6570,122.320157,130.800239,18.876390,7.598347,1,-1,-1,-1,0.652975,0.652975,2.800252,2.701562
99,6569,38.434953,216.530043,8.117392,18.657349,1,-1,-1,-1,0.652975,0.652975,2.800252,2.701562
99,6568,39.271387,187.640678,7.641239,16.969386,1,-1,-1,-1,0.652975,0.652975,2.800252,2.701562
100,6577,-39.513742,117.007231,16.216625,8.036500,1,-1,-1,-1,0.652975,0.652975,2.801918,2.701562
100,6574,81.123318,134.554394,19.491806,9.656558,1,-1,-1,-1,0.652975,0.652975,2.799616,2.701562
100,6573,-43.424207,131.133671,17.257480,8.090782,1,-1,-1,-1,0.652975,0.652975,2.799616,2.701562
100,6572,-72.806116,131.159985,18.247128,8.508112,1,-1,-1,-1,0.652975,0.652975,2.799616,2.701562
100,6571,-13.425738,117.079369,19.439051,8.148522,1,-1,-1,-1,0.652975,0.652975,2.799616,2.701562
100,6570,122.316308,130.798517,18.879942,7.596039,1,-1,-1,-1,0.652975,0.652975,2.799616,2.701562
100,6569,41.113789,216.530476,8.118101,18.658075,1,-1,-1,-1,0.652975,0.652975,2.799616,2.701562
100,6568,41.953823,187.657044,7.643679,16.975116,1,-1,-1,-1,0.652975,0.652975,2.799616,2.701562
