1,5981,101.990000,105.560000,20.300000,8.000000,1,-1,-1,-1,10.000000,10.000000,10.000000,10.000000
1,5980,33.080000,245.900000,8.540000,19.050000,1,-1,-1,-1,10.000000,10.000000,10.000000,10.000000
1,5979,123.510000,131.440000,18.160000,8.460000,1,-1,-1,-1,10.000000,10.000000,10.000000,10.000000
1,5978,52.710000,-136.140000,8.170000,19.230000,1,-1,-1,-1,10.000000,10.000000,10.000000,10.000000
1,5977,-81.140000,131.200000,18.050000,8.260000,1,-1,-1,-1,10.000000,10.000000,10.000000,10.000000
1,5976,-48.590000,116.830000,16.110000,7.930000,1,-1,-1,-1,10.000000,10.000000,10.000000,10.000000
1,5975,-52.890000,131.400000,17.600000,8.150000,1,-1,-1,-1,10.000000,10.000000,10.000000,10.000000
1,5974,-22.150000,117.390000,19.050000,8.630000,1,-1,-1,-1,10.000000,10.000000,10.000000,10.000000
1,5973,53.250000,-173.080000,8.050000,15.310000,1,-1,-1,-1,10.000000,10.000000,10.000000,10.000000
1,5972,93.550000,130.790000,18.830000,7.580000,1,-1,-1,-1,10.000000,10.000000,10.000000,10.000000
1,5971,32.360000,216.530000,8.120000,18.650000,1,-1,-1,-1,10.000000,10.000000,10.000000,10.000000
1,5970,33.190000,187.650000,7.640000,16.980000,1,-1,-1,-1,10.000000,10.000000,10.000000,10.000000
2,5982,-17.510000,-280.530000,15.440000,21.100000,1,-1,-1,-1,10.000000,10.000000,10.000000,10.000000
2,5981,101.668768,105.567323,20.572500,8.005352,1,-1,-1,-1,0.999900,0.999900,9.990021,5.238095
2,5979,122.843904,131.672789,17.992342,8.394382,1,-1,-1,-1,0.999900,0.999900,9.990021,5.238095
2,5978,52.720278,-136.226862,8.269432,19.253739,1,-1,-1,-1,0.999900,0.999900,9.990021,5.238095
2,5977,-81.570971,131.025907,18.042029,8.238223,1,-1,-1,-1,0.999900,0.999900,9.990021,5.238095
2,5976,-48.588629,116.974321,16.257243,8.021320,1,-1,-1,-1,0.999900,0.999900,9.990021,5.238095
2,5975,-52.462712,131.420425,17.175382,7.999161,1,-1,-1,-1,0.999900,0.999900,9.990021,5.238095
2,5974,-21.973120,117.391383,18.986211,8.607235,1,-1,-1,-1,0.999900,0.999900,9.990021,5.238095
2,5973,53.258750,-173.067614,8.052498,15.325224,1,-1,-1,-1,0.999900,0.999900,9.990021,5.238095
2,5972,93.552952,130.788809,18.824097,7.572384,1,-1,-1,-1,0.999900,0.999900,9.990021,5.238095
2,5971,32.369482,216.531193,8.121034,18.657613,1,-1,-1,-1,0.999900,0.999900,9.990021,5.238095
2,5970,33.200534,187.648808,7.638931,16.972385,1,-1,-1,-1,0.999900,0.999900,9.990021,5.238095
3,5979,122.931903,131.577516,18.462137,8.561419,1,-1,-1,-1,0.941153,0.941153,8.384601,3.841642
3,5978,52.803165,-135.926057,8.167191,19.170343,1,-1,-1,-1,0.941153,0.941153,8.384601,3.841642
3,5977,-81.865437,131.275410,18.692682,8.611530,1,-1,-1,-1,0.941153,0.941153,8.384601,3.841642
3,5976,-47.895079,117.100210,15.867183,7.961321,1,-1,-1,-1,0.941153,0.941153,8.384601,3.841642
3,5975,-52.325651,131.386496,17.077159,8.032309,1,-1,-1,-1,0.941153,0.941153,8.384601,3.841642
3,5974,-21.688214,117.449813,18.744053,8.470376,1,-1,-1,-1,0.941153,0.941153,8.384601,3.841642
3,5973,53.269998,-173.090284,8.050001,15.316449,1,-1,-1,-1,0.941153,0.941153,8.384601,3.841642
3,5972,93.568347,130.780879,18.812128,7.568832,1,-1,-1,-1,0.941153,0.941153,8.384601,3.841642
3,5971,32.370588,216.528975,8.120000,18.653225,1,-1,-1,-1,0.941153,0.941153,8.384601,3.841642
3,5970,33.210510,187.649376,7.638978,16.970660,1,-1,-1,-1,0.941153,0.941153,8.384601,3.841642
4,5979,122.765559,131.622291,18.742363,8.779888,1,-1,-1,-1,0.847083,0.847083,7.132717,3.262201
4,5978,52.750940,-135.939519,8.212223,19.241916,1,-1,-1,-1,0.847083,0.847083,7.132717,3.262201
4,5977,-81.342673,131.235945,18.356867,8.472834,1,-1,-1,-1,0.847083,0.847083,7.132717,3.262201
4,5976,-48.530425,117.203187,16.302894,8.102022,1,-1,-1,-1,0.847083,0.847083,7.132717,3.262201
4,5975,-52.550209,131.431294,17.309829,8.117117,1,-1,-1,-1,0.847083,0.847083,7.132717,3.262201
4,5974,-21.699956,117.379308,18.725384,8.447381,1,-1,-1,-1,0.847083,0.847083,7.132717,3.262201
4,5973,53.269711,-173.081937,8.045164,15.314608,1,-1,-1,-1,0.847083,0.847083,7.132717,3.262201
4,5972,93.573532,130.787788,18.813566,7.568758,1,-1,-1,-1,0.847083,0.847083,7.132717,3.262201
4,5971,32.378635,216.530547,8.120571,18.656746,1,-1,-1,-1,0.847083,0.847083,7.132717,3.262201
4,5970,33.212835,187.629542,7.637387,16.959641,1,-1,-1,-1,0.847083,0.847083,7.132717,3.262201
5,5979,122.554179,131.653183,18.456346,8.622343,1,-1,-1,-1,0.780933,0.780933,6.225018,2.988460
5,5978,52.720835,-135.863292,8.247070,19.337310,1,-1,-1,-1,0.780933,0.780933,6.225018,2.988460
5,5977,-81.184640,131.199773,18.278880,8.390296,1,-1,-1,-1,0.780933,0.780933,6.225018,2.988460
5,5976,-48.570783,117.113735,16.362519,8.095416,1,-1,-1,-1,0.780933,0.780933,6.225018,2.988460
5,5975,-52.607765,131.393558,17.276678,8.175905,1,-1,-1,-1,0.780933,0.780933,6.225018,2.988460
5,5974,-21.875738,117.395869,18.797686,8.482769,1,-1,-1,-1,0.780933,0.780933,6.225018,2.988460
5,5973,53.271054,-173.071575,8.048239,15.322310,1,-1,-1,-1,0.780933,0.780933,6.225018,2.988460
5,5972,93.573795,130.791078,18.823317,7.574064,1,-1,-1,-1,0.780933,0.780933,6.225018,2.988460
5,5971,32.388406,216.530645,8.120705,18.658417,1,-1,-1,-1,0.780933,0.780933,6.225018,2.988460
5,5970,33.219588,187.625968,7.631786,16.946235,1,-1,-1,-1,0.780933,0.780933,6.225018,2.988460
6,5979,122.664978,131.679961,17.684502,8.303001,1,-1,-1,-1,0.739812,0.739812,5.560040,2.851250
6,5978,52.766075,-136.341457,8.163509,19.094405,1,-1,-1,-1,0.739812,0.739812,5.560040,2.851250
6,5977,-81.443192,131.265322,18.485154,8.470605,1,-1,-1,-1,0.739812,0.739812,5.560040,2.851250
6,5976,-48.263782,117.167404,16.134989,8.053510,1,-1,-1,-1,0.739812,0.739812,5.560040,2.851250
6,5975,-52.001066,131.209232,16.788082,7.967187,1,-1,-1,-1,0.739812,0.739812,5.560040,2.851250
6,5974,-20.460360,117.444062,17.453048,8.159337,1,-1,-1,-1,0.739812,0.739812,5.560040,2.851250
6,5973,53.271417,-173.078060,8.048961,15.322069,1,-1,-1,-1,0.739812,0.739812,5.560040,2.851250
6,5972,93.572854,130.790190,18.820341,7.572088,1,-1,-1,-1,0.739812,0.739812,5.560040,2.851250
6,5971,32.391151,216.530462,8.120697,18.659312,1,-1,-1,-1,0.739812,0.739812,5.560040,2.851250
6,5970,33.222822,187.635701,7.634632,16.951281,1,-1,-1,-1,0.739812,0.739812,5.560040,2.851250
7,5979,122.658946,131.628204,17.402361,8.250962,1,-1,-1,-1,0.714060,0.714060,5.062690,2.780435
7,5978,52.754893,-136.366406,8.174109,19.053213,1,-1,-1,-1,0.714060,0.714060,5.062690,2.780435
7,5977,-81.698149,131.342583,18.594600,8.553971,1,-1,-1,-1,0.714060,0.714060,5.062690,2.780435
7,5976,-48.209869,117.125125,16.034013,8.040252,1,-1,-1,-1,0.714060,0.714060,5.062690,2.780435
7,5975,-52.132113,131.456681,16.963040,8.137249,1,-1,-1,-1,0.714060,0.714060,5.062690,2.780435
7,5974,-21.204115,117.461423,18.038705,8.336928,1,-1,-1,-1,0.714060,0.714060,5.062690,2.780435
7,5973,53.276823,-173.079090,8.045481,15.319612,1,-1,-1,-1,0.714060,0.714060,5.062690,2.780435
7,5972,93.578211,130.791665,18.821768,7.574899,1,-1,-1,-1,0.714060,0.714060,5.062690,2.780435
7,5971,32.391776,216.530267,8.120642,18.659824,1,-1,-1,-1,0.714060,0.714060,5.062690,2.780435
7,5970,33.223288,187.638845,7.636328,16.954156,1,-1,-1,-1,0.714060,0.714060,5.062690,2.780435
8,5979,123.320923,131.430569,17.516533,8.258158,1,-1,-1,-1,0.697349,0.697349,4.683127,2.743335
8,5978,52.776250,-136.334621,8.127409,18.965309,1,-1,-1,-1,0.697349,0.697349,4.683127,2.743335
8,5977,-81.747341,131.270935,18.716383,8.600485,1,-1,-1,-1,0.697349,0.697349,4.683127,2.743335
8,5976,-48.170585,117.037581,15.988640,8.023519,1,-1,-1,-1,0.697349,0.697349,4.683127,2.743335
8,5975,-52.642047,131.458691,17.346017,8.334516,1,-1,-1,-1,0.697349,0.697349,4.683127,2.743335
8,5974,-21.677659,117.397024,18.349133,8.410624,1,-1,-1,-1,0.697349,0.697349,4.683127,2.743335
8,5973,53.274836,-173.063923,8.051769,15.329595,1,-1,-1,-1,0.697349,0.697349,4.683127,2.743335
8,5972,93.581534,130.791544,18.825967,7.577079,1,-1,-1,-1,0.697349,0.697349,4.683127,2.743335
8,5971,32.391760,216.530115,8.120577,18.660126,1,-1,-1,-1,0.697349,0.697349,4.683127,2.743335
8,5970,33.222773,187.648409,7.637836,16.959613,1,-1,-1,-1,0.697349,0.697349,4.683127,2.743335
9,5979,123.803510,131.374696,17.735278,8.308877,1,-1,-1,-1,0.686065,0.686065,4.388218,2.723746
9,5978,52.794442,-136.130683,8.137807,19.062780,1,-1,-1,-1,0.686065,0.686065,4.388218,2.723746
9,5977,-81.911349,131.285031,18.812437,8.669070,1,-1,-1,-1,0.686065,0.686065,4.388218,2.723746
9,5976,-48.039786,116.853080,15.852378,7.930573,1,-1,-1,-1,0.686065,0.686065,4.388218,2.723746
9,5975,-52.732822,131.498205,17.494966,8.359672,1,-1,-1,-1,0.686065,0.686065,4.388218,2.723746
9,5974,-21.806762,117.438185,18.622649,8.487941,1,-1,-1,-1,0.686065,0.686065,4.388218,2.723746
9,5973,53.278625,-173.067377,8.051636,15.330370,1,-1,-1,-1,0.686065,0.686065,4.388218,2.723746
9,5972,93.581432,130.789682,18.822809,7.574533,1,-1,-1,-1,0.686065,0.686065,4.388218,2.723746
9,5971,32.391576,216.530007,8.120512,18.660305,1,-1,-1,-1,0.686065,0.686065,4.388218,2.723746
9,5970,33.222235,187.644320,7.638731,16.963120,1,-1,-1,-1,0.686065,0.686065,4.388218,2.723746
10,5979,123.735252,131.331738,17.811962,8.316072,1,-1,-1,-1,0.678159,0.678159,4.155461,2.713360
10,5978,52.802699,-136.138836,8.124881,19.070987,1,-1,-1,-1,0.678159,0.678159,4.155461,2.713360
10,5977,-81.967380,131.430758,18.839984,8.795393,1,-1,-1,-1,0.678159,0.678159,4.155461,2.713360
10,5976,-48.085934,116.884126,15.777226,7.930909,1,-1,-1,-1,0.678159,0.678159,4.155461,2.713360
10,5975,-52.424954,131.291821,17.207878,8.224003,1,-1,-1,-1,0.678159,0.678159,4.155461,2.713360
10,5974,-21.818780,117.365756,18.700959,8.481645,1,-1,-1,-1,0.678159,0.678159,4.155461,2.713360
10,5973,53.297226,-173.121535,8.023712,15.287013,1,-1,-1,-1,0.678159,0.678159,4.155461,2.713360
10,5972,93.582340,130.790861,18.826184,7.576589,1,-1,-1,-1,0.678159,0.678159,4.155461,2.713360
10,5971,32.391528,216.528262,8.120141,18.656974,1,-1,-1,-1,0.678159,0.678159,4.155461,2.713360
10,5970,33.223300,187.649985,7.643037,16.970474,1,-1,-1,-1,0.678159,0.678159,4.155461,2.713360
11,5979,123.264434,131.486223,17.801699,8.311685,1,-1,-1,-1,0.672446,0.672446,3.969193,2.707841
11,5978,52.820454,-135.879766,8.151043,19.149230,1,-1,-1,-1,0.672446,0.672446,3.969193,2.707841
11,5977,-81.782434,131.241915,18.931191,8.825082,1,-1,-1,-1,0.672446,0.672446,3.969193,2.707841
11,5976,-48.697658,117.044116,16.243584,8.060093,1,-1,-1,-1,0.672446,0.672446,3.969193,2.707841
11,5975,-52.693479,131.141213,17.328972,8.172809,1,-1,-1,-1,0.672446,0.672446,3.969193,2.707841
11,5974,-21.785739,117.417431,18.736402,8.490794,1,-1,-1,-1,0.672446,0.672446,3.969193,2.707841
11,5973,53.299671,-173.089876,8.035464,15.302336,1,-1,-1,-1,0.672446,0.672446,3.969193,2.707841
11,5972,93.581191,130.782686,18.823386,7.574352,1,-1,-1,-1,0.672446,0.672446,3.969193,2.707841
11,5971,32.398007,216.529826,8.120212,18.658043,1,-1,-1,-1,0.672446,0.672446,3.969193,2.707841
11,5970,33.222530,187.662918,7.646715,16.985147,1,-1,-1,-1,0.672446,0.672446,3.969193,2.707841
12,5979,122.486924,131.481201,17.333858,8.210959,1,-1,-1,-1,0.668212,0.668212,3.818265,2.704905
12,5978,52.790745,-136.207403,8.146255,19.117162,1,-1,-1,-1,0.668212,0.668212,3.818265,2.704905
12,5977,-81.821862,131.214665,18.754491,8.752063,1,-1,-1,-1,0.668212,0.668212,3.818265,2.704905
12,5976,-48.349955,117.030353,16.121839,7.974955,1,-1,-1,-1,0.668212,0.668212,3.818265,2.704905
12,5975,-52.515785,131.546067,17.507204,8.302354,1,-1,-1,-1,0.668212,0.668212,3.818265,2.704905
12,5974,-21.800851,117.419991,18.811312,8.487953,1,-1,-1,-1,0.668212,0.668212,3.818265,2.704905
12,5973,53.297080,-173.081175,8.039892,15.308061,1,-1,-1,-1,0.668212,0.668212,3.818265,2.704905
12,5972,93.581003,130.786664,18.821618,7.572832,1,-1,-1,-1,0.668212,0.668212,3.818265,2.704905
12,5971,32.400301,216.530248,8.120242,18.658774,1,-1,-1,-1,0.668212,0.668212,3.818265,2.704905
12,5970,33.227013,187.654265,7.645001,16.983984,1,-1,-1,-1,0.668212,0.668212,3.818265,2.704905
13,5979,122.844322,131.614597,17.501485,8.310227,1,-1,-1,-1,0.665009,0.665009,3.694582,2.703342
13,5978,52.819041,-136.295112,8.125191,19.054524,1,-1,-1,-1,0.665009,0.665009,3.694582,2.703342
13,5977,-81.645089,131.321345,18.896703,8.887435,1,-1,-1,-1,0.665009,0.665009,3.694582,2.703342
13,5976,-48.516570,116.913571,16.212095,7.979679,1,-1,-1,-1,0.665009,0.665009,3.694582,2.703342
13,5975,-52.952152,131.412163,17.888282,8.369781,1,-1,-1,-1,0.665009,0.665009,3.694582,2.703342
13,5974,-21.899537,117.359530,18.885521,8.483441,1,-1,-1,-1,0.665009,0.665009,3.694582,2.703342
13,5973,53.288491,-173.070320,8.043215,15.315116,1,-1,-1,-1,0.665009,0.665009,3.694582,2.703342
13,5972,93.587103,130.790131,18.821730,7.574989,1,-1,-1,-1,0.665009,0.665009,3.694582,2.703342
13,5971,32.401039,216.530288,8.120251,18.659276,1,-1,-1,-1,0.665009,0.665009,3.694582,2.703342
13,5970,33.230489,187.658924,7.647201,16.987496,1,-1,-1,-1,0.665009,0.665009,3.694582,2.703342
14,5979,123.223001,131.753527,17.910101,8.488969,1,-1,-1,-1,0.662548,0.662548,3.592165,2.702510
14,5978,52.806059,-136.254994,8.137839,19.045512,1,-1,-1,-1,0.662548,0.662548,3.592165,2.702510
14,5977,-81.743450,131.200746,18.755421,8.793239,1,-1,-1,-1,0.662548,0.662548,3.592165,2.702510
14,5976,-48.231860,116.915742,16.041750,7.962648,1,-1,-1,-1,0.662548,0.662548,3.592165,2.702510
14,5975,-52.490634,131.610201,17.383388,8.426540,1,-1,-1,-1,0.662548,0.662548,3.592165,2.702510
14,5974,-21.956839,117.392310,18.927313,8.503596,1,-1,-1,-1,0.662548,0.662548,3.592165,2.702510
14,5973,53.289538,-173.066919,8.042344,15.319130,1,-1,-1,-1,0.662548,0.662548,3.592165,2.702510
14,5972,93.589346,130.791072,18.821689,7.576514,1,-1,-1,-1,0.662548,0.662548,3.592165,2.702510
14,5971,32.401208,216.530219,8.120248,18.659620,1,-1,-1,-1,0.662548,0.662548,3.592165,2.702510
14,5970,33.231457,187.651748,7.648483,16.986635,1,-1,-1,-1,0.662548,0.662548,3.592165,2.702510
15,5979,122.921919,131.661350,17.961457,8.481082,1,-1,-1,-1,0.660633,0.660633,3.506534,2.702067
15,5978,52.783981,-136.031139,8.130544,19.121898,1,-1,-1,-1,0.660633,0.660633,3.506534,2.702067
15,5976,-48.209470,116.966289,15.981879,7.983171,1,-1,-1,-1,0.660633,0.660633,3.506534,2.702067
15,5975,-52.646037,132.314078,17.402600,8.772690,1,-1,-1,-1,0.660633,0.660633,3.506534,2.702067
15,5974,-22.079048,117.390288,18.972936,8.533697,1,-1,-1,-1,0.660633,0.660633,3.506534,2.702067
15,5973,53.285271,-173.075114,8.044586,15.319696,1,-1,-1,-1,0.660633,0.660633,3.506534,2.702067
15,5972,93.590141,130.791156,18.821582,7.577596,1,-1,-1,-1,0.660633,0.660633,3.506534,2.702067
15,5971,32.401177,216.530134,8.120239,18.659856,1,-1,-1,-1,0.660633,0.660633,3.506534,2.702067
15,5970,33.229853,187.628063,7.646082,16.981899,1,-1,-1,-1,0.660633,0.660633,3.506534,2.702067
16,5979,122.807048,131.308459,18.075241,8.467085,1,-1,-1,-1,0.659128,0.659128,3.434287,2.701831
16,5978,52.780508,-135.949001,8.137813,19.135980,1,-1,-1,-1,0.659128,0.659128,3.434287,2.701831
16,5976,-48.214966,116.971677,16.032327,7.946330,1,-1,-1,-1,0.659128,0.659128,3.434287,2.701831
16,5975,-52.108867,133.095531,17.582488,8.979208,1,-1,-1,-1,0.659128,0.659128,3.434287,2.701831
16,5974,-22.036013,117.258656,18.997294,8.530066,1,-1,-1,-1,0.659128,0.659128,3.434287,2.701831
16,5973,53.291581,-173.078647,8.049253,15.320733,1,-1,-1,-1,0.659128,0.659128,3.434287,2.701831
16,5972,93.585566,130.790913,18.824520,7.578513,1,-1,-1,-1,0.659128,0.659128,3.434287,2.701831
16,5971,32.401084,216.510287,8.120227,18.660016,1,-1,-1,-1,0.659128,0.659128,3.434287,2.701831
16,5970,33.234463,187.374676,7.641151,16.974685,1,-1,-1,-1,0.659128,0.659128,3.434287,2.701831
17,5979,122.583613,131.361740,18.235775,8.497066,1,-1,-1,-1,0.657936,0.657936,3.372813,2.701705
17,5978,52.796715,-135.509728,8.118744,19.139660,1,-1,-1,-1,0.657936,0.657936,3.372813,2.701705
17,5976,-48.180388,116.958483,15.931110,7.903951,1,-1,-1,-1,0.657936,0.657936,3.372813,2.701705
17,5975,-52.049257,132.328679,17.178608,8.715167,1,-1,-1,-1,0.657936,0.657936,3.372813,2.701705
17,5974,-22.035097,117.337043,18.978918,8.516429,1,-1,-1,-1,0.657936,0.657936,3.372813,2.701705
17,5973,53.291352,-173.066616,8.049542,15.320701,1,-1,-1,-1,0.657936,0.657936,3.372813,2.701705
17,5972,93.590287,130.788889,18.825742,7.576107,1,-1,-1,-1,0.657936,0.657936,3.372813,2.701705
17,5971,32.402822,216.395373,8.123106,18.657854,1,-1,-1,-1,0.657936,0.657936,3.372813,2.701705
17,5970,33.246909,186.796552,7.644039,16.977225,1,-1,-1,-1,0.657936,0.657936,3.372813,2.701705
18,5979,122.349621,131.451910,18.150242,8.553913,1,-1,-1,-1,0.656986,0.656986,3.320085,2.701638
18,5978,52.747718,-134.731483,8.149551,19.136052,1,-1,-1,-1,0.656986,0.656986,3.320085,2.701638
18,5977,-81.753150,131.519689,18.591055,8.755799,1,-1,-1,-1,0.658927,0.658927,3.521602,2.835123
18,5976,-47.791801,116.721113,15.627157,7.807818,1,-1,-1,-1,0.656986,0.656986,3.320085,2.701638
18,5975,-51.326963,132.008689,16.522945,8.460738,1,-1,-1,-1,0.656986,0.656986,3.320085,2.701638
18,5974,-22.147274,117.314658,19.085992,8.524072,1,-1,-1,-1,0.656986,0.656986,3.320085,2.701638
18,5973,53.291230,-173.037573,8.049583,15.317651,1,-1,-1,-1,0.656986,0.656986,3.320085,2.701638
18,5972,93.585193,130.788525,18.826685,7.574372,1,-1,-1,-1,0.656986,0.656986,3.320085,2.701638
18,5971,32.407707,216.123004,8.122166,18.655501,1,-1,-1,-1,0.656986,0.656986,3.320085,2.701638
18,5970,33.244304,185.709161,7.672700,16.906325,1,-1,-1,-1,0.656986,0.656986,3.320085,2.701638
19,5979,122.434807,131.018878,18.140650,8.572115,1,-1,-1,-1,0.656225,0.656225,3.274518,2.701603
19,5978,52.691717,-132.318050,8.255929,19.569177,1,-1,-1,-1,0.656225,0.656225,3.274518,2.701603
19,5977,-81.765304,131.682015,18.640798,8.805736,1,-1,-1,-1,0.656409,0.656409,3.376861,2.772019
19,5976,-47.966215,116.987262,15.694272,7.802450,1,-1,-1,-1,0.656225,0.656225,3.274518,2.701603
19,5975,-51.472689,131.289357,16.479107,8.309150,1,-1,-1,-1,0.656225,0.656225,3.274518,2.701603
19,5974,-22.042215,117.368359,19.153851,8.501492,1,-1,-1,-1,0.656225,0.656225,3.274518,2.701603
19,5973,53.282759,-172.940563,8.046640,15.314911,1,-1,-1,-1,0.656225,0.656225,3.274518,2.701603
19,5972,93.587794,130.788740,18.824419,7.573006,1,-1,-1,-1,0.656225,0.656225,3.274518,2.701603
19,5971,32.416135,215.635827,8.121624,18.656814,1,-1,-1,-1,0.656225,0.656225,3.274518,2.701603
19,5970,33.282481,184.484750,7.664016,16.926437,1,-1,-1,-1,0.656225,0.656225,3.274518,2.701603
20,5979,122.421102,130.955174,18.101037,8.458729,1,-1,-1,-1,0.655613,0.655613,3.234861,2.701584
20,5978,52.660554,-130.218002,8.309802,19.920575,1,-1,-1,-1,0.655613,0.655613,3.234861,2.701584
20,5977,-82.056782,131.365620,18.676462,8.737632,1,-1,-1,-1,0.655618,0.655618,3.287338,2.738901
20,5976,-48.310234,117.125873,15.788778,7.752474,1,-1,-1,-1,0.655613,0.655613,3.234861,2.701584
20,5975,-52.017530,130.752921,16.755633,8.255036,1,-1,-1,-1,0.655613,0.655613,3.234861,2.701584
20,5974,-22.087253,117.208634,19.218567,8.440354,1,-1,-1,-1,0.655613,0.655613,3.234861,2.701584
20,5973,53.297516,-172.839580,8.016074,15.270057,1,-1,-1,-1,0.655613,0.655613,3.234861,2.701584
20,5972,93.590892,130.788997,18.825791,7.572139,1,-1,-1,-1,0.655613,0.655613,3.234861,2.701584
20,5971,32.437324,214.879502,8.118025,18.651221,1,-1,-1,-1,0.655613,0.655613,3.234861,2.701584
20,5970,33.286081,182.825086,7.603386,16.909818,1,-1,-1,-1,0.655613,0.655613,3.234861,2.701584
21,5979,122.673265,131.387290,18.006393,8.443386,1,-1,-1,-1,0.655120,0.655120,3.200116,2.701574
21,5978,52.607924,-129.147659,8.281065,19.872556,1,-1,-1,-1,0.655120,0.655120,3.200116,2.701574
21,5977,-81.987805,131.058386,18.607435,8.592538,1,-1,-1,-1,0.655123,0.655123,3.227155,2.721397
21,5976,-48.970960,117.258342,16.164612,7.875035,1,-1,-1,-1,0.655120,0.655120,3.200116,2.701574
21,5975,-52.148001,129.952657,16.935724,8.122601,1,-1,-1,-1,0.655120,0.655120,3.200116,2.701574
21,5974,-22.163499,117.168465,19.295932,8.436180,1,-1,-1,-1,0.655120,0.655120,3.200116,2.701574
21,5973,53.292626,-172.504747,8.025424,15.281212,1,-1,-1,-1,0.655120,0.655120,3.200116,2.701574
21,5972,93.584903,130.791046,18.827425,7.574461,1,-1,-1,-1,0.655120,0.655120,3.200116,2.701574
21,5971,32.463632,213.852978,8.112611,18.649640,1,-1,-1,-1,0.655120,0.655120,3.200116,2.701574
21,5970,33.242664,180.857596,7.545123,16.899038,1,-1,-1,-1,0.655120,0.655120,3.200116,2.701574
22,5979,122.876380,131.539104,18.143654,8.568375,1,-1,-1,-1,0.654721,0.654721,3.169484,2.701568
22,5978,52.602053,-126.565519,8.275178,20.019103,1,-1,-1,-1,0.654721,0.654721,3.169484,2.701568
22,5977,-81.929269,130.972341,18.577266,8.489767,1,-1,-1,-1,0.654730,0.654730,3.183444,2.712112
22,5976,-48.768667,117.210468,16.255085,8.025067,1,-1,-1,-1,0.654721,0.654721,3.169484,2.701568
22,5975,-51.988529,129.778865,16.801876,8.090153,1,-1,-1,-1,0.654721,0.654721,3.169484,2.701568
22,5974,-21.980913,117.338353,19.328003,8.504471,1,-1,-1,-1,0.654721,0.654721,3.169484,2.701568
22,5973,53.280742,-172.090732,8.029360,15.291682,1,-1,-1,-1,0.654721,0.654721,3.169484,2.701568
22,5972,93.587362,130.789665,18.825042,7.573104,1,-1,-1,-1,0.654721,0.654721,3.169484,2.701568
22,5971,32.489246,212.540455,8.111650,18.649149,1,-1,-1,-1,0.654721,0.654721,3.169484,2.701568
22,5970,33.113021,178.605720,7.592248,16.935106,1,-1,-1,-1,0.654721,0.654721,3.169484,2.701568
23,5979,122.694682,131.358520,17.672859,8.529093,1,-1,-1,-1,0.654397,0.654397,3.142321,2.701565
23,5978,52.485034,-124.780542,8.267585,19.836144,1,-1,-1,-1,0.654397,0.654397,3.142321,2.701565
23,5977,-81.865801,131.226860,18.576318,8.604559,1,-1,-1,-1,0.654408,0.654408,3.149527,2.707178
23,5976,-48.536560,116.845498,16.308767,8.073805,1,-1,-1,-1,0.654397,0.654397,3.142321,2.701565
23,5975,-52.140487,129.648969,16.796002,8.046767,1,-1,-1,-1,0.654397,0.654397,3.142321,2.701565
23,5974,-21.572829,117.215291,19.080944,8.395723,1,-1,-1,-1,0.654397,0.654397,3.142321,2.701565
23,5973,53.269082,-171.586204,8.032077,15.296331,1,-1,-1,-1,0.654397,0.654397,3.142321,2.701565
23,5972,93.591578,130.789455,18.817499,7.571953,1,-1,-1,-1,0.654397,0.654397,3.142321,2.701565
23,5971,32.524958,210.930302,8.111158,18.654671,1,-1,-1,-1,0.654397,0.654397,3.142321,2.701565
23,5970,32.927137,176.034676,7.727049,17.016883,1,-1,-1,-1,0.654397,0.654397,3.142321,2.701565
24,5979,122.679282,131.736888,17.904556,8.764913,1,-1,-1,-1,0.654134,0.654134,3.118101,2.701564
24,5978,52.360908,-123.063804,8.353194,19.390884,1,-1,-1,-1,0.654134,0.654134,3.118101,2.701564
24,5977,-80.740934,131.444729,17.866767,8.563452,1,-1,-1,-1,0.654145,0.654145,3.121813,2.704552
24,5976,-48.001160,117.280964,16.102714,8.167229,1,-1,-1,-1,0.654134,0.654134,3.118101,2.701564
24,5975,-51.303724,129.319301,16.417675,7.928408,1,-1,-1,-1,0.654134,0.654134,3.118101,2.701564
24,5974,-21.255511,117.517186,19.000513,8.514843,1,-1,-1,-1,0.654134,0.654134,3.118101,2.701564
24,5973,53.259387,-170.944316,8.037181,15.305927,1,-1,-1,-1,0.654134,0.654134,3.118101,2.701564
24,5972,93.591259,130.791295,18.818405,7.574218,1,-1,-1,-1,0.654134,0.654134,3.118101,2.701564
24,5971,32.566307,208.988637,8.113613,18.656264,1,-1,-1,-1,0.654134,0.654134,3.118101,2.701564
24,5970,32.685345,173.162367,7.945325,17.141295,1,-1,-1,-1,0.654134,0.654134,3.118101,2.701564
25,5979,122.897052,131.707090,18.246477,8.899189,1,-1,-1,-1,0.653921,0.653921,3.096395,2.701563
25,5978,52.157191,-118.517682,8.491174,19.630745,1,-1,-1,-1,0.653921,0.653921,3.096395,2.701563
25,5977,-81.026039,131.132924,17.888364,8.485993,1,-1,-1,-1,0.653930,0.653930,3.098300,2.703154
25,5976,-48.219838,117.254528,16.232701,8.362860,1,-1,-1,-1,0.653921,0.653921,3.096395,2.701563
25,5975,-50.977577,129.679617,16.300913,7.990259,1,-1,-1,-1,0.653921,0.653921,3.096395,2.701563
25,5974,-21.261841,117.546222,18.860394,8.541443,1,-1,-1,-1,0.653921,0.653921,3.096395,2.701563
25,5973,53.256965,-170.251834,8.010566,15.271555,1,-1,-1,-1,0.653921,0.653921,3.096395,2.701563
25,5972,93.597747,130.789779,18.818544,7.572961,1,-1,-1,-1,0.653921,0.653921,3.096395,2.701563
25,5971,32.607369,206.756644,8.115307,18.654497,1,-1,-1,-1,0.653921,0.653921,3.096395,2.701563
25,5970,32.392645,169.981591,8.229210,17.296545,1,-1,-1,-1,0.653921,0.653921,3.096395,2.701563
26,5979,123.341842,131.364754,18.155225,8.753109,1,-1,-1,-1,0.653747,0.653747,3.076849,2.701563
26,5978,51.431835,-114.071833,8.808736,19.972868,1,-1,-1,-1,0.653747,0.653747,3.076849,2.701563
26,5977,-81.719535,131.284504,18.083404,8.485360,1,-1,-1,-1,0.653755,0.653755,3.077820,2.702410
26,5976,-48.051790,117.253919,16.202942,8.415793,1,-1,-1,-1,0.653747,0.653747,3.076849,2.701563
26,5975,-50.645311,129.343706,16.018305,7.943237,1,-1,-1,-1,0.653747,0.653747,3.076849,2.701563
26,5974,-21.553621,117.372693,18.950785,8.494448,1,-1,-1,-1,0.653747,0.653747,3.076849,2.701563
26,5973,53.242000,-169.295866,8.015660,15.284337,1,-1,-1,-1,0.653747,0.653747,3.076849,2.701563
26,5972,93.591774,130.782916,18.815777,7.571976,1,-1,-1,-1,0.653747,0.653747,3.076849,2.701563
26,5971,32.656672,204.245172,8.119431,18.653635,1,-1,-1,-1,0.653747,0.653747,3.076849,2.701563
26,5970,31.828266,166.597840,8.611968,17.478016,1,-1,-1,-1,0.653747,0.653747,3.076849,2.701563
27,5979,123.083973,130.923967,17.376675,8.507602,1,-1,-1,-1,0.653605,0.653605,3.059169,2.701562
27,5978,50.278408,-110.599011,9.382252,20.260375,1,-1,-1,-1,0.653605,0.653605,3.059169,2.701562
27,5977,-81.626421,131.870697,18.366182,8.676661,1,-1,-1,-1,0.653612,0.653612,3.059659,2.702014
27,5976,-48.409066,116.876811,16.077748,8.252453,1,-1,-1,-1,0.653605,0.653605,3.059169,2.701562
27,5975,-51.806382,129.432970,16.414661,8.076496,1,-1,-1,-1,0.653605,0.653605,3.059169,2.701562
27,5974,-21.458482,117.390851,19.113429,8.556269,1,-1,-1,-1,0.653605,0.653605,3.059169,2.701562
27,5973,53.229075,-168.252629,8.019256,15.290740,1,-1,-1,-1,0.653605,0.653605,3.059169,2.701562
27,5972,93.591768,130.780451,18.816670,7.571342,1,-1,-1,-1,0.653605,0.653605,3.059169,2.701562
27,5971,32.713373,201.420290,8.122270,18.647202,1,-1,-1,-1,0.653605,0.653605,3.059169,2.701562
27,5970,30.628145,163.158496,9.275432,17.763549,1,-1,-1,-1,0.653605,0.653605,3.059169,2.701562
28,5979,122.783125,131.383792,17.635805,8.684538,1,-1,-1,-1,0.653490,0.653490,3.043111,2.701562
28,5978,48.508351,-106.002673,10.377208,20.844721,1,-1,-1,-1,0.653490,0.653490,3.043111,2.701562
28,5976,-48.063500,117.079699,15.805490,8.235818,1,-1,-1,-1,0.653490,0.653490,3.043111,2.701562
28,5975,-52.347124,130.553675,16.912867,8.687702,1,-1,-1,-1,0.653490,0.653490,3.043111,2.701562
28,5974,-21.385396,117.493058,18.975133,8.558869,1,-1,-1,-1,0.653490,0.653490,3.043111,2.701562
28,5973,53.210574,-167.075828,8.021966,15.298276,1,-1,-1,-1,0.653490,0.653490,3.043111,2.701562
28,5972,93.589752,130.779684,18.814461,7.570816,1,-1,-1,-1,0.653490,0.653490,3.043111,2.701562
28,5971,32.775853,198.287493,8.118452,18.635992,1,-1,-1,-1,0.653490,0.653490,3.043111,2.701562
28,5970,29.083543,159.436419,10.150811,18.074979,1,-1,-1,-1,0.653490,0.653490,3.043111,2.701562
29,5979,123.023763,131.168622,17.757363,8.755361,1,-1,-1,-1,0.653396,0.653396,3.028469,2.701562
29,5978,46.326060,-101.766694,11.704875,21.315685,1,-1,-1,-1,0.653396,0.653396,3.028469,2.701562
29,5976,-47.992566,116.888508,15.874847,8.125527,1,-1,-1,-1,0.653396,0.653396,3.028469,2.701562
29,5975,-52.758352,130.085816,17.286704,8.873949,1,-1,-1,-1,0.653396,0.653396,3.028469,2.701562
29,5974,-21.512147,117.868589,19.052906,8.741753,1,-1,-1,-1,0.653396,0.653396,3.028469,2.701562
29,5973,53.187234,-165.757974,8.029844,15.310135,1,-1,-1,-1,0.653396,0.653396,3.028469,2.701562
29,5972,93.592811,130.787811,18.819011,7.573438,1,-1,-1,-1,0.653396,0.653396,3.028469,2.701562
29,5971,32.846909,195.142988,8.118707,18.633998,1,-1,-1,-1,0.653396,0.653396,3.028469,2.701562
29,5970,27.305113,155.292392,11.167910,18.338089,1,-1,-1,-1,0.653396,0.653396,3.028469,2.701562
30,5979,122.317041,132.439119,18.126317,9.351420,1,-1,-1,-1,0.653319,0.653319,3.015070,2.701562
30,5978,43.671982,-97.422768,13.221798,21.668445,1,-1,-1,-1,0.653319,0.653319,3.015070,2.701562
30,5976,-48.109381,117.036761,15.972066,8.203892,1,-1,-1,-1,0.653319,0.653319,3.015070,2.701562
30,5975,-52.976132,130.104954,17.554861,8.845162,1,-1,-1,-1,0.653319,0.653319,3.015070,2.701562
30,5974,-21.734190,117.804930,19.167105,8.914357,1,-1,-1,-1,0.653319,0.653319,3.015070,2.701562
30,5973,53.166042,-164.310329,8.038328,15.316153,1,-1,-1,-1,0.653319,0.653319,3.015070,2.701562
30,5972,93.593373,130.788621,18.821906,7.572479,1,-1,-1,-1,0.653319,0.653319,3.015070,2.701562
30,5971,32.905566,192.458844,8.118900,18.632559,1,-1,-1,-1,0.653319,0.653319,3.015070,2.701562
30,5970,24.551761,151.168134,12.527662,18.385989,1,-1,-1,-1,0.653319,0.653319,3.015070,2.701562
31,5976,-47.869236,116.569408,15.713311,7.994272,1,-1,-1,-1,0.653256,0.653256,3.002767,2.701562
31,5975,-52.598698,130.207368,17.347544,8.534050,1,-1,-1,-1,0.653256,0.653256,3.002767,2.701562
31,5974,-21.532780,117.510358,18.997408,8.876984,1,-1,-1,-1,0.653256,0.653256,3.002767,2.701562
31,5973,53.148363,-162.706678,8.041715,15.323041,1,-1,-1,-1,0.653256,0.653256,3.002767,2.701562
31,5972,93.597744,130.789124,18.821168,7.571719,1,-1,-1,-1,0.653256,0.653256,3.002767,2.701562
31,5971,32.946416,190.414243,8.118917,18.625817,1,-1,-1,-1,0.653256,0.653256,3.002767,2.701562
31,5970,20.931506,146.901390,13.889396,18.142697,1,-1,-1,-1,0.653256,0.653256,3.002767,2.701562
32,6001,79.510134,179.121075,12.043083,25.561525,1,-1,-1,-1,0.847083,0.847083,7.132717,3.262201
32,5976,-47.927040,116.734811,15.604967,7.922710,1,-1,-1,-1,0.653205,0.653205,2.991436,2.701562
32,5975,-52.819917,130.791991,17.543344,8.534077,1,-1,-1,-1,0.653205,0.653205,2.991436,2.701562
32,5974,-21.687145,117.223601,18.975929,8.753022,1,-1,-1,-1,0.653205,0.653205,2.991436,2.701562
32,5973,53.118901,-160.957724,8.049861,15.328590,1,-1,-1,-1,0.653205,0.653205,2.991436,2.701562
32,5972,93.594805,130.789413,18.823488,7.571228,1,-1,-1,-1,0.653205,0.653205,2.991436,2.701562
32,5971,32.973849,189.117956,8.119006,18.623778,1,-1,-1,-1,0.653205,0.653205,2.991436,2.701562
32,5970,16.884856,142.324993,15.158627,17.411556,1,-1,-1,-1,0.653205,0.653205,2.991436,2.701562
33,6002,-81.347696,129.739337,18.328798,8.396865,1,-1,-1,-1,0.847083,0.847083,7.132717,3.262201
33,6001,79.504869,178.869756,11.870155,25.421657,1,-1,-1,-1,0.780933,0.780933,6.225018,2.988460
33,5976,-48.682388,117.043185,16.076036,8.092801,1,-1,-1,-1,0.653163,0.653163,2.980969,2.701562
33,5975,-52.444187,130.829320,17.255406,8.347757,1,-1,-1,-1,0.653163,0.653163,2.980969,2.701562
33,5974,-21.911996,117.376439,19.149537,8.802851,1,-1,-1,-1,0.653163,0.653163,2.980969,2.701562
33,5973,53.104173,-159.116192,8.041064,15.311371,1,-1,-1,-1,0.653163,0.653163,2.980969,2.701562
33,5972,93.591230,130.791479,18.822691,7.573654,1,-1,-1,-1,0.653163,0.653163,2.980969,2.701562
33,5971,32.983175,188.552267,8.119019,18.619467,1,-1,-1,-1,0.653163,0.653163,2.980969,2.701562
33,5970,12.482575,138.484990,16.214407,16.218933,1,-1,-1,-1,0.653163,0.653163,2.980969,2.701562
34,6002,-81.639813,129.537139,18.736589,8.618479,1,-1,-1,-1,0.780933,0.780933,6.225018,2.988460
34,6001,79.411610,179.601684,11.985372,25.678221,1,-1,-1,-1,0.739812,0.739812,5.560040,2.851250
34,5979,121.676500,131.060767,16.230468,8.219162,1,-1,-1,-1,0.655025,0.655025,3.133212,2.835011
34,5976,-49.734546,117.131094,16.878705,8.275347,1,-1,-1,-1,0.653129,0.653129,2.971273,2.701562
34,5975,-51.715265,130.846784,16.817608,8.216148,1,-1,-1,-1,0.653129,0.653129,2.971273,2.701562
34,5974,-22.106501,117.145100,19.205579,8.721667,1,-1,-1,-1,0.653129,0.653129,2.971273,2.701562
34,5973,53.062584,-157.017829,8.058168,15.332198,1,-1,-1,-1,0.653129,0.653129,2.971273,2.701562
34,5972,93.592012,130.789959,18.824596,7.572638,1,-1,-1,-1,0.653129,0.653129,2.971273,2.701562
34,5971,32.985652,188.388367,8.119039,18.616346,1,-1,-1,-1,0.653129,0.653129,2.971273,2.701562
34,5970,8.059990,135.547546,16.983074,14.944170,1,-1,-1,-1,0.653129,0.653129,2.971273,2.701562
35,6002,-82.304174,130.116354,19.379437,9.205215,1,-1,-1,-1,0.739812,0.739812,5.560040,2.851250
35,6001,79.540852,179.073100,11.941070,25.604214,1,-1,-1,-1,0.714060,0.714060,5.062690,2.780435
35,5979,121.683506,131.084369,15.804424,8.015035,1,-1,-1,-1,0.653275,0.653275,3.046874,2.771961
35,5976,-48.644401,117.213818,16.481287,8.186217,1,-1,-1,-1,0.653101,0.653101,2.962268,2.701562
35,5975,-51.677048,130.940051,16.592152,8.193828,1,-1,-1,-1,0.653101,0.653101,2.962268,2.701562
35,5974,-22.151037,117.299848,19.038919,8.754868,1,-1,-1,-1,0.653101,0.653101,2.962268,2.701562
35,5973,53.034144,-154.825618,8.064624,15.335370,1,-1,-1,-1,0.653101,0.653101,2.962268,2.701562
35,5972,93.591795,130.791399,18.826315,7.574730,1,-1,-1,-1,0.653101,0.653101,2.962268,2.701562
35,5971,32.985578,188.375211,8.119120,18.616923,1,-1,-1,-1,0.653101,0.653101,2.962268,2.701562
35,5970,3.885217,133.061010,17.494989,13.625588,1,-1,-1,-1,0.653101,0.653101,2.962268,2.701562
36,6002,-82.170648,130.044696,19.233364,9.179519,1,-1,-1,-1,0.714060,0.714060,5.062690,2.780435
36,6001,79.435903,179.620062,11.948570,25.684731,1,-1,-1,-1,0.697349,0.697349,4.683127,2.743335
36,5979,121.768104,131.008220,15.625843,7.850272,1,-1,-1,-1,0.653081,0.653081,2.998340,2.738870
36,5976,-49.346862,117.193645,16.933886,8.319301,1,-1,-1,-1,0.653078,0.653078,2.953887,2.701562
36,5975,-51.879031,130.886205,16.597847,8.035851,1,-1,-1,-1,0.653078,0.653078,2.953887,2.701562
36,5974,-22.274142,117.272629,18.915809,8.698687,1,-1,-1,-1,0.653078,0.653078,2.953887,2.701562
36,5973,53.001162,-152.482916,8.066615,15.343045,1,-1,-1,-1,0.653078,0.653078,2.953887,2.701562
36,5972,93.591402,130.791575,18.827553,7.576251,1,-1,-1,-1,0.653078,0.653078,2.953887,2.701562
36,5971,32.986519,188.410833,8.121957,18.614816,1,-1,-1,-1,0.653078,0.653078,2.953887,2.701562
36,5970,0.025272,131.230279,17.790622,12.356307,1,-1,-1,-1,0.653078,0.653078,2.953887,2.701562
37,6002,-81.710804,130.049130,18.614640,8.812524,1,-1,-1,-1,0.697349,0.697349,4.683127,2.743335
37,6001,79.317690,179.799743,12.064556,25.831929,1,-1,-1,-1,0.686065,0.686065,4.388218,2.723746
37,5979,121.959778,131.055692,15.464068,7.743520,1,-1,-1,-1,0.653064,0.653064,2.969487,2.721381
37,5976,-50.529246,117.246220,17.756696,8.515462,1,-1,-1,-1,0.653059,0.653059,2.946067,2.701562
37,5975,-51.804124,130.898502,16.583051,7.954869,1,-1,-1,-1,0.653059,0.653059,2.946067,2.701562
37,5974,-22.607877,116.971293,18.387893,8.554491,1,-1,-1,-1,0.653059,0.653059,2.946067,2.701562
37,5973,52.966408,-150.021579,8.073628,15.346248,1,-1,-1,-1,0.653059,0.653059,2.946067,2.701562
37,5972,93.591024,130.791365,18.828443,7.577356,1,-1,-1,-1,0.653059,0.653059,2.946067,2.701562
37,5971,32.985538,188.465390,8.124082,18.616107,1,-1,-1,-1,0.653059,0.653059,2.946067,2.701562
37,5970,-3.478546,130.426448,17.903463,11.371695,1,-1,-1,-1,0.653059,0.653059,2.946067,2.701562
38,6002,-81.455456,130.784216,18.409856,8.720529,1,-1,-1,-1,0.686065,0.686065,4.388218,2.723746
38,5979,121.981278,131.202664,15.376527,7.723606,1,-1,-1,-1,0.653055,0.653055,2.951107,2.712104
38,5976,-49.048704,116.951436,17.062565,8.263920,1,-1,-1,-1,0.653044,0.653044,2.938756,2.701562
38,5975,-51.803979,130.849391,16.594269,7.893916,1,-1,-1,-1,0.653044,0.653044,2.938756,2.701562
38,5974,-21.860000,117.164243,18.591559,8.493953,1,-1,-1,-1,0.653044,0.653044,2.938756,2.701562
38,5973,52.931059,-147.396507,8.075959,15.351122,1,-1,-1,-1,0.653044,0.653044,2.938756,2.701562
38,5972,93.587003,130.791128,18.823442,7.578062,1,-1,-1,-1,0.653044,0.653044,2.938756,2.701562
38,5971,32.984049,188.521041,8.125631,18.617047,1,-1,-1,-1,0.653044,0.653044,2.938756,2.701562
38,5970,-6.613398,130.008897,17.888472,10.575109,1,-1,-1,-1,0.653044,0.653044,2.938756,2.701562
39,6002,-81.414234,131.075786,18.435844,8.624073,1,-1,-1,-1,0.678159,0.678159,4.155461,2.713360
39,5979,121.984201,131.216720,15.230574,7.646294,1,-1,-1,-1,0.653044,0.653044,2.938420,2.707173
39,5976,-48.310706,116.953311,16.588415,8.102877,1,-1,-1,-1,0.653031,0.653031,2.931907,2.701562
39,5975,-51.358220,130.900596,16.267979,7.796113,1,-1,-1,-1,0.653031,0.653031,2.931907,2.701562
39,5974,-21.796998,117.126502,18.722866,8.453537,1,-1,-1,-1,0.653031,0.653031,2.931907,2.701562
39,5973,52.891766,-144.647192,8.077517,15.349001,1,-1,-1,-1,0.653031,0.653031,2.931907,2.701562
39,5972,93.588343,130.782490,18.822328,7.575808,1,-1,-1,-1,0.653031,0.653031,2.931907,2.701562
39,5971,32.982536,188.573819,8.126762,18.617731,1,-1,-1,-1,0.653031,0.653031,2.931907,2.701562
39,5970,-9.374006,129.742380,17.808752,9.909402,1,-1,-1,-1,0.653031,0.653031,2.931907,2.701562
40,6002,-81.557108,131.160385,18.488352,8.591041,1,-1,-1,-1,0.672446,0.672446,3.969193,2.707841
40,5979,121.997966,131.233110,15.267868,7.649883,1,-1,-1,-1,0.653033,0.653033,2.928911,2.704550
40,5976,-47.750587,116.847479,16.121496,7.954885,1,-1,-1,-1,0.653021,0.653021,2.925479,2.701562
40,5975,-51.418991,131.136055,16.276143,7.888551,1,-1,-1,-1,0.653021,0.653021,2.925479,2.701562
40,5974,-22.037179,116.853848,18.929198,8.440591,1,-1,-1,-1,0.653021,0.653021,2.925479,2.701562
40,5973,52.867928,-141.751152,8.064573,15.346375,1,-1,-1,-1,0.653021,0.653021,2.925479,2.701562
40,5972,93.589045,130.786134,18.821525,7.574168,1,-1,-1,-1,0.653021,0.653021,2.925479,2.701562
40,5971,32.981151,188.622507,8.127588,18.618231,1,-1,-1,-1,0.653021,0.653021,2.925479,2.701562
40,5970,-11.806135,129.550367,17.696265,9.345703,1,-1,-1,-1,0.653021,0.653021,2.925479,2.701562
41,6001,79.602806,178.675965,11.904342,25.202385,1,-1,-1,-1,0.667041,0.667041,3.930852,2.837618
41,5979,122.113448,131.301046,15.374939,7.680593,1,-1,-1,-1,0.653023,0.653023,2.921241,2.703153
41,5976,-48.204105,117.003403,16.345616,8.101879,1,-1,-1,-1,0.653013,0.653013,2.919436,2.701562
41,5975,-50.921612,130.996269,15.823969,7.760888,1,-1,-1,-1,0.653013,0.653013,2.919436,2.701562
41,5974,-21.774959,116.929476,18.934556,8.406315,1,-1,-1,-1,0.653013,0.653013,2.919436,2.701562
41,5973,52.823548,-138.712753,8.066382,15.345303,1,-1,-1,-1,0.653013,0.653013,2.919436,2.701562
41,5972,93.589450,130.787816,18.820947,7.572975,1,-1,-1,-1,0.653013,0.653013,2.919436,2.701562
41,5971,32.979902,188.675310,8.128238,18.621408,1,-1,-1,-1,0.653013,0.653013,2.919436,2.701562
41,5970,-13.925826,129.411710,17.564565,8.863768,1,-1,-1,-1,0.653013,0.653013,2.919436,2.701562
42,5979,122.165783,131.366282,15.299481,7.674201,1,-1,-1,-1,0.653015,0.653015,2.914692,2.702410
42,5976,-49.794859,117.357578,17.311883,8.391526,1,-1,-1,-1,0.653006,0.653006,2.913746,2.701562
42,5975,-51.055505,130.955882,15.642306,7.738243,1,-1,-1,-1,0.653006,0.653006,2.913746,2.701562
42,5974,-21.874075,116.904339,19.033655,8.379872,1,-1,-1,-1,0.653006,0.653006,2.913746,2.701562
42,5973,52.783830,-135.527825,8.062022,15.341297,1,-1,-1,-1,0.653006,0.653006,2.913746,2.701562
42,5972,93.585033,130.788646,18.823339,7.572149,1,-1,-1,-1,0.653006,0.653006,2.913746,2.701562
42,5971,32.978836,188.709924,8.128665,18.620915,1,-1,-1,-1,0.653006,0.653006,2.913746,2.701562
42,5970,-15.772664,129.283386,17.418397,8.441376,1,-1,-1,-1,0.653006,0.653006,2.913746,2.701562
43,5979,123.601337,131.478074,16.100596,7.890974,1,-1,-1,-1,0.653008,0.653008,2.908873,2.702013
43,5976,-48.768453,116.701453,16.704436,8.148635,1,-1,-1,-1,0.653000,0.653000,2.908379,2.701562
43,5975,-52.067623,131.342884,16.500852,8.061037,1,-1,-1,-1,0.653000,0.653000,2.908379,2.701562
43,5974,-21.901716,116.748521,19.044146,8.305823,1,-1,-1,-1,0.653000,0.653000,2.908379,2.701562
43,5973,52.731903,-132.188801,8.070338,15.353202,1,-1,-1,-1,0.653000,0.653000,2.908379,2.701562
43,5972,93.587609,130.782599,18.822282,7.571506,1,-1,-1,-1,0.653000,0.653000,2.908379,2.701562
43,5971,32.977902,188.744403,8.128978,18.620558,1,-1,-1,-1,0.653000,0.653000,2.908379,2.701562
43,5970,-17.359126,129.339569,17.265749,8.127172,1,-1,-1,-1,0.653000,0.653000,2.908379,2.701562
44,6017,-76.251819,117.120466,19.118239,8.118318,1,-1,-1,-1,0.847083,0.847083,7.132717,3.262201
44,6016,-36.863195,-84.435363,19.999273,8.728685,1,-1,-1,-1,0.847083,0.847083,7.132717,3.262201
44,5979,122.440265,131.383675,15.910921,7.842619,1,-1,-1,-1,0.653002,0.653002,2.903566,2.701803
44,5976,-49.917945,117.109185,17.458505,8.413834,1,-1,-1,-1,0.652996,0.652996,2.903309,2.701562
44,5975,-51.569497,131.003868,16.243973,7.959051,1,-1,-1,-1,0.652996,0.652996,2.903309,2.701562
44,5974,-21.665961,116.775579,18.986259,8.291112,1,-1,-1,-1,0.652996,0.652996,2.903309,2.701562
44,5973,52.690224,-128.695005,8.073412,15.353217,1,-1,-1,-1,0.652996,0.652996,2.903309,2.701562
44,5972,93.595307,130.786955,18.821515,7.571039,1,-1,-1,-1,0.652996,0.652996,2.903309,2.701562
44,5971,32.977082,188.776787,8.129207,18.620300,1,-1,-1,-1,0.652996,0.652996,2.903309,2.701562
44,5970,-18.720835,129.460695,17.137301,7.893250,1,-1,-1,-1,0.652996,0.652996,2.903309,2.701562
45,6017,-76.433153,117.121379,19.450269,8.177840,1,-1,-1,-1,0.780933,0.780933,6.225018,2.988460
45,6016,-42.461351,-84.826651,20.114795,8.656020,1,-1,-1,-1,0.780933,0.780933,6.225018,2.988460
45,6001,79.516427,179.314447,11.918144,25.481167,1,-1,-1,-1,0.659891,0.659891,3.600380,2.850791
45,5979,122.069522,131.380009,15.734432,7.812239,1,-1,-1,-1,0.652997,0.652997,2.898647,2.701690
45,5976,-49.938519,117.006166,18.096990,8.495235,1,-1,-1,-1,0.652992,0.652992,2.898514,2.701562
45,5975,-52.447335,131.371766,16.779383,8.159230,1,-1,-1,-1,0.652992,0.652992,2.898514,2.701562
45,5974,-21.534323,116.902021,18.918405,8.356861,1,-1,-1,-1,0.652992,0.652992,2.898514,2.701562
45,5973,52.642121,-125.021561,8.075642,15.353203,1,-1,-1,-1,0.652992,0.652992,2.898514,2.701562
45,5972,93.587035,130.790549,18.824009,7.573539,1,-1,-1,-1,0.652992,0.652992,2.898514,2.701562
45,5971,32.976359,188.813052,8.129376,18.620115,1,-1,-1,-1,0.652992,0.652992,2.898514,2.701562
45,5970,-19.881993,129.593568,17.032161,7.724905,1,-1,-1,-1,0.652992,0.652992,2.898514,2.701562
46,6017,-76.109643,117.037322,19.504842,8.114688,1,-1,-1,-1,0.739812,0.739812,5.560040,2.851250
46,6016,-47.466110,-84.665543,19.832323,8.567881,1,-1,-1,-1,0.739812,0.739812,5.560040,2.851250
46,6001,79.376110,179.754151,12.026657,25.636600,1,-1,-1,-1,0.657179,0.657179,3.434277,2.780196
46,5979,122.164884,131.459043,15.771895,7.829728,1,-1,-1,-1,0.652993,0.652993,2.894041,2.701630
46,5976,-49.421906,117.279891,18.508592,8.669902,1,-1,-1,-1,0.652989,0.652989,2.893973,2.701562
46,5975,-51.491697,130.955966,16.358518,8.005708,1,-1,-1,-1,0.652989,0.652989,2.893973,2.701562
46,5974,-21.425620,116.956966,18.812719,8.409628,1,-1,-1,-1,0.652989,0.652989,2.893973,2.701562
46,5973,52.587084,-121.184490,8.080105,15.356152,1,-1,-1,-1,0.652989,0.652989,2.893973,2.701562
46,5972,93.592903,130.789650,18.819981,7.572486,1,-1,-1,-1,0.652989,0.652989,2.893973,2.701562
46,5971,32.975719,188.836046,8.129500,18.619982,1,-1,-1,-1,0.652989,0.652989,2.893973,2.701562
46,5970,-20.869174,129.711397,16.931513,7.597573,1,-1,-1,-1,0.652989,0.652989,2.893973,2.701562
47,6017,-76.212711,117.072675,19.605463,8.110799,1,-1,-1,-1,0.714060,0.714060,5.062690,2.780435
47,6016,-52.785490,-84.597777,20.337033,8.603459,1,-1,-1,-1,0.714060,0.714060,5.062690,2.780435
47,6001,79.354893,179.894746,12.069973,25.721588,1,-1,-1,-1,0.656238,0.656238,3.332376,2.743209
47,5979,121.870726,131.309608,15.509598,7.758037,1,-1,-1,-1,0.652990,0.652990,2.889701,2.701598
47,5976,-48.701843,116.836318,17.388742,8.373294,1,-1,-1,-1,0.652986,0.652986,2.889667,2.701562
47,5975,-51.636052,130.975529,16.365322,8.002076,1,-1,-1,-1,0.652986,0.652986,2.889667,2.701562
47,5974,-21.121976,116.948052,18.467895,8.392815,1,-1,-1,-1,0.652986,0.652986,2.889667,2.701562
47,5973,52.552351,-117.240322,8.072314,15.365908,1,-1,-1,-1,0.652986,0.652986,2.889667,2.701562
47,5972,93.592916,130.791315,18.822878,7.574592,1,-1,-1,-1,0.652986,0.652986,2.889667,2.701562
47,5971,32.975151,188.865544,8.129592,18.619887,1,-1,-1,-1,0.652986,0.652986,2.889667,2.701562
47,5970,-21.697704,129.832501,16.864065,7.510975,1,-1,-1,-1,0.652986,0.652986,2.889667,2.701562
48,6020,-105.915373,117.269956,18.261233,8.002581,1,-1,-1,-1,0.847083,0.847083,7.132717,3.262201
48,6017,-76.710404,117.090715,19.751241,8.142667,1,-1,-1,-1,0.697349,0.697349,4.683127,2.743335
48,6016,-57.108893,-84.822918,20.047803,8.422045,1,-1,-1,-1,0.697349,0.697349,4.683127,2.743335
48,6001,79.366726,179.399624,12.106257,25.721436,1,-1,-1,-1,0.655624,0.655624,3.264286,2.723679
48,5979,121.975925,131.342121,15.378127,7.722575,1,-1,-1,-1,0.652987,0.652987,2.885596,2.701581
48,5976,-48.258330,116.663320,16.633868,8.164203,1,-1,-1,-1,0.652984,0.652984,2.885579,2.701562
48,5975,-52.077850,131.145679,16.762156,8.073406,1,-1,-1,-1,0.652984,0.652984,2.885579,2.701562
48,5974,-21.366036,117.047332,18.648494,8.463080,1,-1,-1,-1,0.652984,0.652984,2.885579,2.701562
48,5973,52.506264,-113.283169,8.071965,15.359428,1,-1,-1,-1,0.652984,0.652984,2.885579,2.701562
48,5972,93.592409,130.791573,18.824983,7.576125,1,-1,-1,-1,0.652984,0.652984,2.885579,2.701562
48,5971,32.974624,188.891484,8.129700,18.622613,1,-1,-1,-1,0.652984,0.652984,2.885579,2.701562
48,5970,-22.398086,129.935310,16.811171,7.450970,1,-1,-1,-1,0.652984,0.652984,2.885579,2.701562
49,6020,-105.669362,117.306295,17.866708,7.981958,1,-1,-1,-1,0.780933,0.780933,6.225018,2.988460
49,6017,-77.165486,117.106175,20.033887,8.192473,1,-1,-1,-1,0.686065,0.686065,4.388218,2.723746
49,6016,-60.718879,-85.134155,19.664068,8.246756,1,-1,-1,-1,0.686065,0.686065,4.388218,2.723746
49,6001,79.436209,179.286133,11.977356,25.684182,1,-1,-1,-1,0.655135,0.655135,3.215080,2.713324
49,5979,122.262062,131.219885,15.336583,7.652770,1,-1,-1,-1,0.652985,0.652985,2.881702,2.701572
49,5976,-49.043633,116.917444,17.468097,8.367489,1,-1,-1,-1,0.652983,0.652983,2.881694,2.701562
49,5975,-52.508756,131.342618,17.099801,8.207254,1,-1,-1,-1,0.652983,0.652983,2.881694,2.701562
49,5974,-21.174552,117.020902,18.453550,8.455541,1,-1,-1,-1,0.652983,0.652983,2.881694,2.701562
49,5973,52.447920,-109.258999,8.077335,15.357821,1,-1,-1,-1,0.652983,0.652983,2.881694,2.701562
49,5972,93.591840,130.791392,18.826511,7.577241,1,-1,-1,-1,0.652983,0.652983,2.881694,2.701562
49,5971,32.974157,188.912467,8.129778,18.624602,1,-1,-1,-1,0.652983,0.652983,2.881694,2.701562
49,5970,-22.979240,130.019067,16.766566,7.404547,1,-1,-1,-1,0.652983,0.652983,2.881694,2.701562
50,6020,-105.812747,117.126597,18.451111,8.093833,1,-1,-1,-1,0.739812,0.739812,5.560040,2.851250
50,6017,-77.003805,117.115052,19.779248,8.136942,1,-1,-1,-1,0.678159,0.678159,4.155461,2.713360
50,6016,-63.803296,-84.961149,19.033776,8.177674,1,-1,-1,-1,0.678159,0.678159,4.155461,2.713360
50,6001,79.494162,179.665382,11.944118,25.691568,1,-1,-1,-1,0.654737,0.654737,3.177073,2.707822
50,5979,122.311956,131.101750,15.461137,7.627336,1,-1,-1,-1,0.652983,0.652983,2.878000,2.701568
50,5975,-52.297451,131.203439,17.008758,8.220296,1,-1,-1,-1,0.652981,0.652981,2.877997,2.701562
50,5974,-21.237724,117.051405,18.460228,8.463383,1,-1,-1,-1,0.652981,0.652981,2.877997,2.701562
50,5973,52.396133,-105.178395,8.075616,15.353504,1,-1,-1,-1,0.652981,0.652981,2.877997,2.701562
50,5972,93.598906,130.789298,18.819033,7.575159,1,-1,-1,-1,0.652981,0.652981,2.877997,2.701562
50,5971,32.973761,188.922176,8.129796,18.623263,1,-1,-1,-1,0.652981,0.652981,2.877997,2.701562
50,5970,-23.465008,130.086896,16.742465,7.373743,1,-1,-1,-1,0.652981,0.652981,2.877997,2.701562
51,6017,-76.721336,117.052371,19.765312,8.114019,1,-1,-1,-1,0.672446,0.672446,3.969193,2.707841
51,6001,79.572992,179.779134,11.883364,25.650673,1,-1,-1,-1,0.654411,0.654411,3.146149,2.704895
51,5979,122.222025,131.221391,15.466786,7.649848,1,-1,-1,-1,0.652982,0.652982,2.874477,2.701565
51,5975,-52.535306,131.358942,17.089879,8.315518,1,-1,-1,-1,0.652980,0.652980,2.874476,2.701562
51,5974,-21.037255,117.033656,18.312552,8.433936,1,-1,-1,-1,0.652980,0.652980,2.874476,2.701562
51,5973,52.340591,-101.059372,8.077281,15.358873,1,-1,-1,-1,0.652980,0.652980,2.874476,2.701562
51,5972,93.598217,130.788841,18.816376,7.573677,1,-1,-1,-1,0.652980,0.652980,2.874476,2.701562
51,5971,32.973385,188.943993,8.129849,18.625076,1,-1,-1,-1,0.652980,0.652980,2.874476,2.701562
51,5970,-23.852370,130.145716,16.719265,7.348556,1,-1,-1,-1,0.652980,0.652980,2.874476,2.701562
52,6017,-76.569928,117.077734,19.632463,8.102250,1,-1,-1,-1,0.668212,0.668212,3.818265,2.704905
52,6001,79.535621,179.315043,11.903104,25.621893,1,-1,-1,-1,0.654147,0.654147,3.120018,2.703337
52,5979,122.316850,131.299058,15.565117,7.654579,1,-1,-1,-1,0.652980,0.652980,2.871120,2.701564
52,5975,-52.384520,131.203058,17.051602,8.341753,1,-1,-1,-1,0.652979,0.652979,2.871119,2.701562
52,5974,-21.362610,117.055152,18.502711,8.484101,1,-1,-1,-1,0.652979,0.652979,2.871119,2.701562
52,5973,52.294318,-96.895507,8.078528,15.365552,1,-1,-1,-1,0.652979,0.652979,2.871119,2.701562
52,5972,93.595508,130.790761,18.820227,7.575454,1,-1,-1,-1,0.652979,0.652979,2.871119,2.701562
52,5971,32.973068,188.952151,8.129849,18.623613,1,-1,-1,-1,0.652979,0.652979,2.871119,2.701562
52,5970,-24.180849,130.202755,16.725142,7.336180,1,-1,-1,-1,0.652979,0.652979,2.871119,2.701562
53,6017,-77.005435,117.045324,19.638154,8.089425,1,-1,-1,-1,0.665009,0.665009,3.694582,2.703342
53,6001,79.597938,178.991236,11.855459,25.560325,1,-1,-1,-1,0.653931,0.653931,3.097347,2.702507
53,5979,122.142998,131.125858,15.514105,7.644941,1,-1,-1,-1,0.652979,0.652979,2.867916,2.701563
53,5975,-52.257337,131.288042,16.983946,8.387530,1,-1,-1,-1,0.652978,0.652978,2.867916,2.701562
53,5974,-21.448112,117.061608,18.628141,8.500263,1,-1,-1,-1,0.652978,0.652978,2.867916,2.701562
53,5973,52.236811,-92.717239,8.076552,15.364677,1,-1,-1,-1,0.652978,0.652978,2.867916,2.701562
53,5972,93.596583,130.791212,18.817461,7.576680,1,-1,-1,-1,0.652978,0.652978,2.867916,2.701562
53,5971,32.972763,188.971678,8.129888,18.625332,1,-1,-1,-1,0.652978,0.652978,2.867916,2.701562
53,5970,-24.438213,130.255392,16.729458,7.324473,1,-1,-1,-1,0.652978,0.652978,2.867916,2.701562
54,6020,-105.490745,116.929414,18.765822,8.073631,1,-1,-1,-1,0.680305,0.680305,4.407867,2.852345
54,6019,-80.912500,131.640510,17.568475,8.814618,1,-1,-1,-1,0.670587,0.670587,4.099583,2.881010
54,6017,-76.600109,117.111611,19.645257,8.120638,1,-1,-1,-1,0.662548,0.662548,3.592165,2.702510
54,6001,79.735367,178.347592,11.779553,25.189005,1,-1,-1,-1,0.653755,0.653755,3.077318,2.702066
54,5979,122.167217,131.146335,15.439583,7.607151,1,-1,-1,-1,0.652979,0.652979,2.864857,2.701563
54,5975,-52.176781,131.321302,16.901268,8.387908,1,-1,-1,-1,0.652978,0.652978,2.864857,2.701562
54,5974,-21.300360,116.980202,18.550016,8.465185,1,-1,-1,-1,0.652978,0.652978,2.864857,2.701562
54,5973,52.188670,-88.520423,8.072279,15.361092,1,-1,-1,-1,0.652978,0.652978,2.864857,2.701562
54,5972,93.592811,130.791144,18.818225,7.577608,1,-1,-1,-1,0.652978,0.652978,2.864857,2.701562
54,5971,32.972508,188.977420,8.129879,18.623803,1,-1,-1,-1,0.652978,0.652978,2.864857,2.701562
54,5970,-24.650191,130.301101,16.735783,7.318874,1,-1,-1,-1,0.652978,0.652978,2.864857,2.701562
55,6026,-47.377729,116.559882,14.918389,7.301084,1,-1,-1,-1,0.847083,0.847083,7.132717,3.262201
55,6020,-105.419639,116.991763,18.231786,7.942119,1,-1,-1,-1,0.672667,0.672667,4.079049,2.781005
55,6017,-76.568425,117.104435,19.549357,8.098118,1,-1,-1,-1,0.660633,0.660633,3.506534,2.702067
55,6001,79.461485,179.561107,11.911982,25.400311,1,-1,-1,-1,0.653612,0.653612,3.059400,2.701830
55,5979,122.123742,131.429642,15.381297,7.683333,1,-1,-1,-1,0.652978,0.652978,2.861934,2.701562
55,5975,-52.698064,131.456617,17.170971,8.545309,1,-1,-1,-1,0.652977,0.652977,2.861934,2.701562
55,5974,-21.544129,117.064101,18.714663,8.509804,1,-1,-1,-1,0.652977,0.652977,2.861934,2.701562
55,5973,52.137956,-84.295674,8.066417,15.361097,1,-1,-1,-1,0.652977,0.652977,2.861934,2.701562
55,5972,93.597872,130.789072,18.818582,7.575502,1,-1,-1,-1,0.652977,0.652977,2.861934,2.701562
55,5971,32.972277,188.986224,8.129874,18.622690,1,-1,-1,-1,0.652977,0.652977,2.861934,2.701562
55,5970,-24.812918,130.341052,16.738016,7.317636,1,-1,-1,-1,0.652977,0.652977,2.861934,2.701562
56,6026,-47.385136,116.509852,14.996662,7.326681,1,-1,-1,-1,0.780933,0.780933,6.225018,2.988460
56,6020,-105.371440,116.857362,17.587151,7.736119,1,-1,-1,-1,0.668222,0.668222,3.866204,2.743635
56,6001,79.465918,179.390340,11.902033,25.486451,1,-1,-1,-1,0.653495,0.653495,3.043227,2.701705
56,5979,122.025742,131.402874,15.308541,7.687736,1,-1,-1,-1,0.652978,0.652978,2.859137,2.701562
56,5975,-52.735520,131.237021,17.293381,8.556639,1,-1,-1,-1,0.652977,0.652977,2.859137,2.701562
56,5974,-21.427915,117.042907,18.679163,8.509027,1,-1,-1,-1,0.652977,0.652977,2.859137,2.701562
56,5973,52.085708,-80.048059,8.067658,15.358616,1,-1,-1,-1,0.652977,0.652977,2.859137,2.701562
56,5972,93.597851,130.788664,18.816066,7.573936,1,-1,-1,-1,0.652977,0.652977,2.859137,2.701562
56,5971,32.970192,188.995616,8.127091,18.621699,1,-1,-1,-1,0.652977,0.652977,2.859137,2.701562
56,5970,-24.946898,130.374226,16.745408,7.316894,1,-1,-1,-1,0.652977,0.652977,2.859137,2.701562
57,6026,-48.941458,116.844974,17.284426,8.268257,1,-1,-1,-1,0.739812,0.739812,5.560040,2.851250
57,6020,-105.467874,116.854733,17.655736,7.726217,1,-1,-1,-1,0.665010,0.665010,3.715104,2.723905
57,6001,79.401337,179.873717,12.005047,25.618744,1,-1,-1,-1,0.653400,0.653400,3.028532,2.701638
57,5979,121.692299,131.379596,15.176995,7.708739,1,-1,-1,-1,0.652977,0.652977,2.856459,2.701562
57,5975,-52.089533,131.022540,17.099287,8.448390,1,-1,-1,-1,0.652977,0.652977,2.856459,2.701562
57,5974,-21.485512,117.029455,18.784092,8.512958,1,-1,-1,-1,0.652977,0.652977,2.856459,2.701562
57,5973,52.034426,-75.798384,8.068558,15.356795,1,-1,-1,-1,0.652977,0.652977,2.856459,2.701562
57,5972,93.591741,130.788783,18.814235,7.572795,1,-1,-1,-1,0.652977,0.652977,2.856459,2.701562
57,5971,32.971637,189.012887,8.127877,18.623940,1,-1,-1,-1,0.652977,0.652977,2.856459,2.701562
57,5970,-25.054043,130.403024,16.756549,7.316508,1,-1,-1,-1,0.652977,0.652977,2.856459,2.701562
58,6026,-49.913240,116.917593,18.354817,8.735726,1,-1,-1,-1,0.714060,0.714060,5.062690,2.780435
58,6020,-105.051289,116.920386,17.229018,7.771852,1,-1,-1,-1,0.662553,0.662553,3.600571,2.713444
58,6019,-79.754735,133.093697,15.871953,9.342263,1,-1,-1,-1,0.661221,0.661221,3.680206,2.855720
58,6001,79.583300,179.332582,11.912528,25.542783,1,-1,-1,-1,0.653322,0.653322,3.015109,2.701603
58,5979,121.954543,131.219770,15.227940,7.665861,1,-1,-1,-1,0.652977,0.652977,2.853894,2.701562
58,5975,-51.323544,131.109555,16.631257,8.376366,1,-1,-1,-1,0.652976,0.652976,2.853893,2.701562
58,5974,-21.028152,116.946800,18.413540,8.408406,1,-1,-1,-1,0.652976,0.652976,2.853893,2.701562
58,5973,51.977121,-71.536438,8.069093,15.347114,1,-1,-1,-1,0.652976,0.652976,2.853893,2.701562
58,5972,93.593397,130.790877,18.818650,7.574804,1,-1,-1,-1,0.652976,0.652976,2.853893,2.701562
58,5971,32.971955,189.023763,8.128449,18.625575,1,-1,-1,-1,0.652976,0.652976,2.853893,2.701562
58,5970,-25.133865,130.430482,16.762270,7.319047,1,-1,-1,-1,0.652976,0.652976,2.853893,2.701562
59,6026,-48.765406,116.621313,16.999864,8.346449,1,-1,-1,-1,0.697349,0.697349,4.683127,2.743335
59,6017,-76.732111,117.189851,19.518840,8.156816,1,-1,-1,-1,0.658157,0.658157,3.471004,2.835070
59,6001,79.503101,179.745364,11.908142,25.615780,1,-1,-1,-1,0.653259,0.653259,3.002797,2.701584
59,5979,121.898358,131.156297,15.125067,7.655488,1,-1,-1,-1,0.652976,0.652976,2.851434,2.701562
59,5975,-52.046658,131.143804,16.879064,8.411778,1,-1,-1,-1,0.652976,0.652976,2.851434,2.701562
59,5974,-20.907408,117.050833,18.240425,8.385635,1,-1,-1,-1,0.652976,0.652976,2.851434,2.701562
59,5973,51.928648,-67.229429,8.066900,15.353787,1,-1,-1,-1,0.652976,0.652976,2.851434,2.701562
59,5972,93.593358,130.789445,18.821679,7.573490,1,-1,-1,-1,0.652976,0.652976,2.851434,2.701562
59,5971,32.971903,189.023440,8.128834,18.623990,1,-1,-1,-1,0.652976,0.652976,2.851434,2.701562
59,5970,-25.187816,130.445203,16.769205,7.318230,1,-1,-1,-1,0.652976,0.652976,2.851434,2.701562
60,6026,-50.146794,116.964589,18.116608,8.789414,1,-1,-1,-1,0.686065,0.686065,4.388218,2.723746
60,6017,-76.985908,117.188794,19.567041,8.173050,1,-1,-1,-1,0.655795,0.655795,3.335131,2.771992
60,6001,79.390988,180.086894,11.938995,25.678550,1,-1,-1,-1,0.653207,0.653207,2.991462,2.701574
60,5979,122.035468,131.279654,15.104941,7.671128,1,-1,-1,-1,0.652976,0.652976,2.849075,2.701562
60,5975,-52.138933,131.121814,16.952233,8.449089,1,-1,-1,-1,0.652976,0.652976,2.849075,2.701562
60,5974,-21.446696,117.130863,18.513705,8.472820,1,-1,-1,-1,0.652976,0.652976,2.849075,2.701562
60,5973,51.872886,-62.900979,8.065416,15.366959,1,-1,-1,-1,0.652976,0.652976,2.849075,2.701562
60,5972,93.590842,130.791021,18.821299,7.575277,1,-1,-1,-1,0.652976,0.652976,2.849075,2.701562
60,5971,32.969856,189.034048,8.126340,18.622667,1,-1,-1,-1,0.652976,0.652976,2.849075,2.701562
60,5970,-25.231781,130.469389,16.771658,7.317674,1,-1,-1,-1,0.652976,0.652976,2.849075,2.701562
61,6026,-48.502578,116.665912,16.208699,8.416476,1,-1,-1,-1,0.678159,0.678159,4.155461,2.713360
61,6017,-76.955900,117.177450,19.590914,8.180917,1,-1,-1,-1,0.655124,0.655124,3.251754,2.738886
61,6001,79.450940,179.960632,11.935465,25.715102,1,-1,-1,-1,0.653165,0.653165,2.980994,2.701568
61,5979,122.074873,131.313784,15.040269,7.618424,1,-1,-1,-1,0.652976,0.652976,2.846810,2.701562
61,5975,-51.995090,131.135061,16.915943,8.399944,1,-1,-1,-1,0.652976,0.652976,2.846809,2.701562
61,5974,-21.027952,117.011165,18.185864,8.394622,1,-1,-1,-1,0.652976,0.652976,2.846809,2.701562
61,5973,51.828351,-58.613114,8.055842,15.365072,1,-1,-1,-1,0.652976,0.652976,2.846809,2.701562
61,5972,93.591833,130.791291,18.823793,7.576611,1,-1,-1,-1,0.652976,0.652976,2.846809,2.701562
61,5971,32.971305,189.043580,8.127329,18.624648,1,-1,-1,-1,0.652976,0.652976,2.846809,2.701562
61,5970,-25.228327,130.517115,16.693906,7.327296,1,-1,-1,-1,0.652976,0.652976,2.846809,2.701562
62,6026,-49.232547,116.737295,17.436633,8.648221,1,-1,-1,-1,0.672446,0.672446,3.969193,2.707841
62,6020,-105.870911,116.631427,17.072568,7.594012,1,-1,-1,-1,0.658931,0.658931,3.521703,2.836409
62,6017,-77.065295,117.171928,19.621628,8.166231,1,-1,-1,-1,0.654724,0.654724,3.196203,2.721390
62,6001,79.334061,180.069092,11.998353,25.765531,1,-1,-1,-1,0.653130,0.653130,2.971297,2.701565
62,5979,122.025303,131.397002,15.087901,7.634516,1,-1,-1,-1,0.652976,0.652976,2.844634,2.701562
62,5975,-52.218813,131.218678,17.014515,8.432618,1,-1,-1,-1,0.652976,0.652976,2.844634,2.701562
62,5974,-21.039193,116.985002,18.179691,8.365488,1,-1,-1,-1,0.652976,0.652976,2.844634,2.701562
62,5973,51.765277,-54.313245,8.062722,15.364373,1,-1,-1,-1,0.652976,0.652976,2.844634,2.701562
62,5972,93.591777,130.791154,18.825609,7.577582,1,-1,-1,-1,0.652976,0.652976,2.844634,2.701562
62,5971,32.971636,189.041583,8.128019,18.623319,1,-1,-1,-1,0.652976,0.652976,2.844634,2.701562
62,5970,-25.254852,130.513704,16.716882,7.321640,1,-1,-1,-1,0.652976,0.652976,2.844634,2.701562
63,6026,-49.536903,116.979353,18.250875,8.923321,1,-1,-1,-1,0.668212,0.668212,3.818265,2.704905
63,6020,-105.936278,116.675132,17.106914,7.578211,1,-1,-1,-1,0.656412,0.656412,3.376861,2.772691
63,6017,-77.143171,117.190199,19.715211,8.178472,1,-1,-1,-1,0.654407,0.654407,3.156175,2.712108
63,6001,79.433843,179.420332,11.956460,25.665880,1,-1,-1,-1,0.653102,0.653102,2.962293,2.701564
63,5979,122.154372,131.256415,15.171115,7.658521,1,-1,-1,-1,0.652976,0.652976,2.842542,2.701562
63,5975,-52.450247,131.280560,17.142294,8.501656,1,-1,-1,-1,0.652976,0.652976,2.842542,2.701562
63,5974,-21.374066,117.120676,18.471983,8.455566,1,-1,-1,-1,0.652976,0.652976,2.842542,2.701562
63,5973,51.702488,-49.982245,8.067773,15.366624,1,-1,-1,-1,0.652976,0.652976,2.842542,2.701562
63,5972,93.596174,130.789060,18.823985,7.575489,1,-1,-1,-1,0.652976,0.652976,2.842542,2.701562
63,5971,32.971566,189.052307,8.128554,18.625123,1,-1,-1,-1,0.652976,0.652976,2.842542,2.701562
63,5970,-25.269183,130.522132,16.733799,7.317592,1,-1,-1,-1,0.652976,0.652976,2.842542,2.701562
64,6026,-49.934263,116.819634,18.454930,8.958457,1,-1,-1,-1,0.665009,0.665009,3.694582,2.703342
64,6020,-105.494367,116.374239,16.906730,7.580926,1,-1,-1,-1,0.655621,0.655621,3.287372,2.739255
64,6017,-77.004844,117.180807,19.784051,8.195781,1,-1,-1,-1,0.654146,0.654146,3.125286,2.707176
64,6001,79.419617,179.956317,12.019147,25.740578,1,-1,-1,-1,0.653079,0.653079,2.953911,2.701563
64,5979,121.949475,131.263103,15.026121,7.593283,1,-1,-1,-1,0.652976,0.652976,2.840531,2.701562
64,5975,-52.734534,131.248195,17.284095,8.547014,1,-1,-1,-1,0.652975,0.652975,2.840531,2.701562
64,5974,-21.335295,117.097765,18.525106,8.475533,1,-1,-1,-1,0.652975,0.652975,2.840531,2.701562
64,5973,51.654133,-45.630043,8.063137,15.367851,1,-1,-1,-1,0.652975,0.652975,2.840531,2.701562
64,5972,93.594359,130.788654,18.817260,7.573908,1,-1,-1,-1,0.652975,0.652975,2.840531,2.701562
64,5971,32.971404,189.050227,8.128913,18.623667,1,-1,-1,-1,0.652975,0.652975,2.840531,2.701562
64,5970,-25.284195,130.533973,16.749064,7.314741,1,-1,-1,-1,0.652975,0.652975,2.840531,2.701562
65,6020,-105.264375,116.351018,16.952222,7.554798,1,-1,-1,-1,0.655125,0.655125,3.227257,2.721585
65,6017,-76.841815,117.229104,19.833098,8.222480,1,-1,-1,-1,0.653932,0.653932,3.100116,2.704551
65,6001,79.470924,179.467364,11.936219,25.723104,1,-1,-1,-1,0.653060,0.653060,2.946091,2.701563
65,5979,122.324632,131.256488,15.222255,7.639606,1,-1,-1,-1,0.652976,0.652976,2.838596,2.701562
65,5975,-52.595120,131.246111,17.276050,8.575141,1,-1,-1,-1,0.652975,0.652975,2.838596,2.701562
65,5974,-21.597064,117.122698,18.700120,8.500338,1,-1,-1,-1,0.652975,0.652975,2.838596,2.701562
65,5973,51.607413,-41.282493,8.062558,15.371642,1,-1,-1,-1,0.652975,0.652975,2.838596,2.701562
65,5972,93.590187,130.788765,18.815129,7.572784,1,-1,-1,-1,0.652975,0.652975,2.838596,2.701562
65,5971,32.971228,189.052019,8.129176,18.622606,1,-1,-1,-1,0.652975,0.652975,2.838596,2.701562
65,5970,-25.298151,130.549945,16.757917,7.318243,1,-1,-1,-1,0.652975,0.652975,2.838596,2.701562
66,6032,-78.878229,133.413081,15.273262,8.669158,1,-1,-1,-1,0.847083,0.847083,7.132717,3.262201
66,6020,-105.355689,116.367660,16.974610,7.557416,1,-1,-1,-1,0.654732,0.654732,3.183609,2.712212
66,6017,-77.053484,117.151041,20.190337,8.202575,1,-1,-1,-1,0.653756,0.653756,3.078770,2.703154
66,6001,79.503567,179.199676,11.891526,25.644527,1,-1,-1,-1,0.653044,0.653044,2.938779,2.701562
66,5979,122.487795,131.296367,15.314858,7.618655,1,-1,-1,-1,0.652975,0.652975,2.836733,2.701562
66,5975,-52.310449,131.048485,17.131487,8.514661,1,-1,-1,-1,0.652975,0.652975,2.836732,2.701562
66,5974,-21.472674,117.142712,18.672044,8.507831,1,-1,-1,-1,0.652975,0.652975,2.836732,2.701562
66,5973,51.545682,-36.920711,8.062130,15.374400,1,-1,-1,-1,0.652975,0.652975,2.836732,2.701562
66,5972,93.595513,130.789009,18.813577,7.571965,1,-1,-1,-1,0.652975,0.652975,2.836732,2.701562
66,5971,32.971069,189.055003,8.129369,18.621834,1,-1,-1,-1,0.652975,0.652975,2.836732,2.701562
66,5970,-25.292084,130.558171,16.761410,7.315281,1,-1,-1,-1,0.652975,0.652975,2.836732,2.701562
67,6020,-105.226288,116.389308,16.891560,7.544927,1,-1,-1,-1,0.654410,0.654410,3.149740,2.707231
67,6017,-77.175359,117.108636,20.474558,8.161329,1,-1,-1,-1,0.653613,0.653613,3.060156,2.702410
67,6001,79.566746,178.930516,11.864407,25.579083,1,-1,-1,-1,0.653032,0.653032,2.931929,2.701562
67,5979,122.466419,131.258182,15.391268,7.606700,1,-1,-1,-1,0.652975,0.652975,2.834938,2.701562
67,5975,-52.153895,131.033241,17.019658,8.436884,1,-1,-1,-1,0.652975,0.652975,2.834938,2.701562
67,5974,-21.599585,117.124404,18.814417,8.548866,1,-1,-1,-1,0.652975,0.652975,2.834938,2.701562
67,5973,51.503494,-32.595501,8.050479,15.353793,1,-1,-1,-1,0.652975,0.652975,2.834938,2.701562
67,5972,93.593083,130.791118,18.815383,7.574163,1,-1,-1,-1,0.652975,0.652975,2.834938,2.701562
67,5971,32.970932,189.058194,8.129510,18.621271,1,-1,-1,-1,0.652975,0.652975,2.834938,2.701562
67,5970,-25.292026,130.567714,16.761329,7.313152,1,-1,-1,-1,0.652975,0.652975,2.834938,2.701562
68,6026,-50.800613,116.947694,19.218148,9.072674,1,-1,-1,-1,0.659888,0.659888,3.580002,2.835221
68,6020,-105.767496,116.644943,17.341541,7.598420,1,-1,-1,-1,0.654146,0.654146,3.122057,2.704580
68,6017,-77.301346,117.158458,20.565671,8.190359,1,-1,-1,-1,0.653496,0.653496,3.043614,2.702014
68,6001,79.573249,179.174487,11.843197,25.609573,1,-1,-1,-1,0.653022,0.653022,2.925501,2.701562
68,5979,122.054260,131.180391,15.305741,7.585441,1,-1,-1,-1,0.652975,0.652975,2.833208,2.701562
68,5975,-52.478384,131.129035,17.170237,8.504950,1,-1,-1,-1,0.652975,0.652975,2.833208,2.701562
68,5974,-21.641657,117.121613,18.876219,8.575118,1,-1,-1,-1,0.652975,0.652975,2.833208,2.701562
68,5973,51.439782,-28.205827,8.053314,15.361372,1,-1,-1,-1,0.652975,0.652975,2.833208,2.701562
68,5972,93.593731,130.791522,18.819466,7.575794,1,-1,-1,-1,0.652975,0.652975,2.833208,2.701562
68,5971,32.970816,189.061244,8.129614,18.620862,1,-1,-1,-1,0.652975,0.652975,2.833208,2.701562
68,5970,-25.292048,130.578859,16.772639,7.314551,1,-1,-1,-1,0.652975,0.652975,2.833208,2.701562
69,6026,-49.360749,116.437417,17.847213,8.615548,1,-1,-1,-1,0.657172,0.657172,3.424675,2.772070
69,6020,-105.704620,116.447365,17.304229,7.602040,1,-1,-1,-1,0.653931,0.653931,3.098559,2.703169
69,6017,-77.237907,117.281230,20.521850,8.242034,1,-1,-1,-1,0.653401,0.653401,3.028723,2.701803
69,6001,79.580213,178.895100,11.825851,25.519451,1,-1,-1,-1,0.653013,0.653013,2.919457,2.701562
69,5979,122.173225,131.345166,15.329044,7.639997,1,-1,-1,-1,0.652975,0.652975,2.831541,2.701562
69,5975,-52.624602,131.320956,17.299724,8.598599,1,-1,-1,-1,0.652975,0.652975,2.831540,2.701562
69,5974,-21.733051,117.106159,18.972727,8.619827,1,-1,-1,-1,0.652975,0.652975,2.831540,2.701562
69,5973,51.377592,-23.820831,8.055341,15.364124,1,-1,-1,-1,0.652975,0.652975,2.831540,2.701562
69,5972,93.593267,130.791385,18.822441,7.576982,1,-1,-1,-1,0.652975,0.652975,2.831540,2.701562
69,5971,32.970720,189.064049,8.129690,18.620564,1,-1,-1,-1,0.652975,0.652975,2.831540,2.701562
69,5970,-25.284928,130.587683,16.778249,7.315594,1,-1,-1,-1,0.652975,0.652975,2.831540,2.701562
70,6026,-48.238015,116.461040,16.412099,8.373873,1,-1,-1,-1,0.656230,0.656230,3.327854,2.738928
70,6020,-105.654232,116.468466,17.428761,7.622273,1,-1,-1,-1,0.653755,0.653755,3.078085,2.702418
70,6017,-77.134367,117.173472,20.581965,8.210494,1,-1,-1,-1,0.653323,0.653323,3.015196,2.701690
70,6001,79.433216,179.623798,11.902796,25.607875,1,-1,-1,-1,0.653006,0.653006,2.913765,2.701562
70,5979,122.231331,131.230033,15.325648,7.624712,1,-1,-1,-1,0.652975,0.652975,2.829932,2.701562
70,5975,-52.945860,131.432260,17.528933,8.752282,1,-1,-1,-1,0.652975,0.652975,2.829932,2.701562
70,5974,-21.666232,117.075818,18.963703,8.626404,1,-1,-1,-1,0.652975,0.652975,2.829932,2.701562
70,5973,51.322632,-19.432148,8.056885,15.371654,1,-1,-1,-1,0.652975,0.652975,2.829932,2.701562
70,5972,93.595413,130.789262,18.818920,7.575031,1,-1,-1,-1,0.652975,0.652975,2.829932,2.701562
70,5971,32.970624,189.075003,8.129774,18.623113,1,-1,-1,-1,0.652975,0.652975,2.829932,2.701562
70,5970,-25.279765,130.595204,16.782465,7.316408,1,-1,-1,-1,0.652975,0.652975,2.829932,2.701562
71,6026,-48.986685,116.784297,17.232181,8.512643,1,-1,-1,-1,0.655617,0.655617,3.262194,2.721412
71,6020,-105.790123,116.572571,17.499946,7.616396,1,-1,-1,-1,0.653612,0.653612,3.059922,2.702018
71,6017,-77.198032,117.184266,20.745320,8.192489,1,-1,-1,-1,0.653259,0.653259,3.002829,2.701630
71,6001,79.414067,179.328042,11.904459,25.619053,1,-1,-1,-1,0.653001,0.653001,2.908397,2.701562
71,5979,121.897317,131.243621,15.259419,7.680687,1,-1,-1,-1,0.652975,0.652975,2.828380,2.701562
71,5975,-52.663723,131.200624,17.462588,8.736013,1,-1,-1,-1,0.652975,0.652975,2.828379,2.701562
71,5974,-21.581835,117.089034,18.836264,8.572425,1,-1,-1,-1,0.652975,0.652975,2.828379,2.701562
71,5973,51.264092,-15.061654,8.057873,15.366075,1,-1,-1,-1,0.652975,0.652975,2.828379,2.701562
71,5972,93.593994,130.790650,18.822040,7.576424,1,-1,-1,-1,0.652975,0.652975,2.828379,2.701562
71,5971,32.970545,189.079992,8.129835,18.624974,1,-1,-1,-1,0.652975,0.652975,2.828379,2.701562
71,5970,-25.278795,130.601820,16.791191,7.317113,1,-1,-1,-1,0.652975,0.652975,2.828379,2.701562
72,6026,-48.962596,116.916689,17.555321,8.616638,1,-1,-1,-1,0.655129,0.655129,3.214147,2.712120
72,6017,-77.289449,117.070889,20.784513,8.119949,1,-1,-1,-1,0.653208,0.653208,2.991465,2.701598
72,6001,79.602667,179.015473,11.794594,25.494722,1,-1,-1,-1,0.652996,0.652996,2.903327,2.701562
72,5979,121.937652,131.170220,15.318635,7.683109,1,-1,-1,-1,0.652975,0.652975,2.826881,2.701562
72,5975,-52.648009,131.230966,17.471728,8.713416,1,-1,-1,-1,0.652975,0.652975,2.826881,2.701562
72,5974,-21.807703,117.032734,18.984006,8.556724,1,-1,-1,-1,0.652975,0.652975,2.826881,2.701562
72,5973,51.213572,-10.681547,8.052971,15.353480,1,-1,-1,-1,0.652975,0.652975,2.826881,2.701562
72,5972,93.592905,130.790932,18.824314,7.577440,1,-1,-1,-1,0.652975,0.652975,2.826881,2.701562
72,5971,32.970478,189.082694,8.129880,18.626331,1,-1,-1,-1,0.652975,0.652975,2.826881,2.701562
72,5970,-25.278279,130.607763,16.797672,7.317677,1,-1,-1,-1,0.652975,0.652975,2.826881,2.701562
73,6034,-81.914300,131.640385,18.784539,8.914590,1,-1,-1,-1,0.739820,0.739820,5.643614,3.065463
73,6026,-49.324857,116.983983,18.125668,8.737036,1,-1,-1,-1,0.654732,0.654732,3.176681,2.707182
73,6017,-77.407074,117.007829,20.795054,8.067379,1,-1,-1,-1,0.653165,0.653165,2.980982,2.701581
73,6001,79.532006,179.133294,11.828571,25.550914,1,-1,-1,-1,0.652992,0.652992,2.898531,2.701562
73,5979,122.038630,131.147978,15.210649,7.594799,1,-1,-1,-1,0.652975,0.652975,2.825433,2.701562
73,5975,-52.635110,131.271512,17.527326,8.782939,1,-1,-1,-1,0.652975,0.652975,2.825433,2.701562
73,5974,-21.735493,117.035247,18.940233,8.555159,1,-1,-1,-1,0.652975,0.652975,2.825433,2.701562
73,5973,51.156820,-6.261039,8.057876,15.361228,1,-1,-1,-1,0.652975,0.652975,2.825433,2.701562
73,5972,93.592090,130.790857,18.825971,7.578180,1,-1,-1,-1,0.652975,0.652975,2.825433,2.701562
73,5971,32.970422,189.084499,8.129912,18.627322,1,-1,-1,-1,0.652975,0.652975,2.825433,2.701562
73,5970,-25.278378,130.615017,16.802668,7.320900,1,-1,-1,-1,0.652975,0.652975,2.825433,2.701562
74,6034,-81.378433,132.085622,18.485680,9.143231,1,-1,-1,-1,0.714526,0.714526,5.071875,2.890387
74,6026,-49.685941,116.942530,18.441879,8.795442,1,-1,-1,-1,0.654407,0.654407,3.146001,2.704554
74,6017,-77.033237,117.210272,20.608888,8.131167,1,-1,-1,-1,0.653130,0.653130,2.971278,2.701572
74,6001,79.506389,179.536545,11.845396,25.621610,1,-1,-1,-1,0.652989,0.652989,2.893990,2.701562
74,5979,122.475612,131.211571,15.398714,7.639964,1,-1,-1,-1,0.652975,0.652975,2.824035,2.701562
74,5975,-52.771179,131.268822,17.628405,8.798651,1,-1,-1,-1,0.652975,0.652975,2.824034,2.701562
74,5974,-21.481481,117.066934,18.817381,8.558539,1,-1,-1,-1,0.652975,0.652975,2.824034,2.701562
74,5973,51.097031,-1.874241,8.061321,15.355803,1,-1,-1,-1,0.652975,0.652975,2.824034,2.701562
74,5972,93.587795,130.782304,18.821502,7.575908,1,-1,-1,-1,0.652975,0.652975,2.824034,2.701562
74,5971,32.970374,189.085928,8.129936,18.628045,1,-1,-1,-1,0.652975,0.652975,2.824034,2.701562
74,5970,-25.270641,130.620093,16.809179,7.323326,1,-1,-1,-1,0.652975,0.652975,2.824034,2.701562
75,6034,-81.413109,131.577804,18.495511,9.012698,1,-1,-1,-1,0.698056,0.698056,4.683243,2.800777
75,6026,-49.716998,116.950262,18.853971,8.878444,1,-1,-1,-1,0.654143,0.654143,3.119972,2.703156
75,6017,-77.059841,117.160857,20.659529,8.121065,1,-1,-1,-1,0.653102,0.653102,2.962270,2.701568
75,6001,79.527524,179.668313,11.809704,25.652482,1,-1,-1,-1,0.652986,0.652986,2.889683,2.701562
75,5979,123.700473,131.414711,16.133386,7.861349,1,-1,-1,-1,0.652975,0.652975,2.822683,2.701562
75,5975,-52.659981,131.196199,17.563589,8.802868,1,-1,-1,-1,0.652975,0.652975,2.822682,2.701562
75,5974,-21.258845,117.001702,18.649066,8.525022,1,-1,-1,-1,0.652975,0.652975,2.822682,2.701562
75,5973,51.039958,2.578834,8.069552,15.368670,1,-1,-1,-1,0.652975,0.652975,2.822682,2.701562
75,5972,93.586950,130.785990,18.818243,7.574250,1,-1,-1,-1,0.652975,0.652975,2.822682,2.701562
75,5971,32.970346,189.078759,8.129926,18.625810,1,-1,-1,-1,0.652975,0.652975,2.822682,2.701562
75,5970,-25.262636,130.622327,16.813882,7.322377,1,-1,-1,-1,0.652975,0.652975,2.822682,2.701562
76,6034,-81.185277,131.308790,18.255748,8.801313,1,-1,-1,-1,0.686716,0.686716,4.393150,2.754031
76,6026,-50.166899,116.856142,19.076062,8.878487,1,-1,-1,-1,0.653928,0.653928,3.097338,2.702411
76,6017,-77.206603,117.123524,20.715883,8.082395,1,-1,-1,-1,0.653079,0.653079,2.953887,2.701565
76,6001,79.622055,179.257446,11.832189,25.546436,1,-1,-1,-1,0.652984,0.652984,2.885594,2.701562
76,5979,122.556005,131.389996,15.831135,7.802501,1,-1,-1,-1,0.652975,0.652975,2.821375,2.701562
76,5975,-52.840268,131.429393,17.684156,8.915313,1,-1,-1,-1,0.652975,0.652975,2.821375,2.701562
76,5974,-21.341941,117.050864,18.651818,8.534354,1,-1,-1,-1,0.652975,0.652975,2.821375,2.701562
76,5973,51.004516,6.991937,8.064534,15.380298,1,-1,-1,-1,0.652975,0.652975,2.821375,2.701562
76,5972,93.589025,130.789570,18.818778,7.575827,1,-1,-1,-1,0.652975,0.652975,2.821375,2.701562
76,5971,32.970320,189.077189,8.129920,18.624180,1,-1,-1,-1,0.652975,0.652975,2.821375,2.701562
76,5970,-25.258645,130.625733,16.811892,7.321673,1,-1,-1,-1,0.652975,0.652975,2.821375,2.701562
77,6034,-81.601316,131.348306,18.572176,8.840315,1,-1,-1,-1,0.678683,0.678683,4.165985,2.729404
77,6026,-50.698672,116.802576,18.778389,8.852577,1,-1,-1,-1,0.653753,0.653753,3.077318,2.702014
77,6017,-77.263599,117.175739,20.837130,8.098402,1,-1,-1,-1,0.653060,0.653060,2.946067,2.701564
77,6001,79.598654,178.719017,11.841564,25.232379,1,-1,-1,-1,0.652983,0.652983,2.881708,2.701562
77,5979,122.353705,131.211527,15.936598,7.777458,1,-1,-1,-1,0.652975,0.652975,2.820111,2.701562
77,5975,-52.686792,131.184818,17.606591,8.832665,1,-1,-1,-1,0.652975,0.652975,2.820111,2.701562
77,5974,-21.546963,117.086090,18.763713,8.531148,1,-1,-1,-1,0.652975,0.652975,2.820111,2.701562
77,5973,50.944426,11.373800,8.074454,15.369999,1,-1,-1,-1,0.652975,0.652975,2.820111,2.701562
77,5972,93.589737,130.790658,18.819166,7.576978,1,-1,-1,-1,0.652975,0.652975,2.820111,2.701562
77,5971,32.970295,189.084117,8.129916,18.622992,1,-1,-1,-1,0.652975,0.652975,2.820111,2.701562
77,5970,-25.256483,130.631163,16.813449,7.323992,1,-1,-1,-1,0.652975,0.652975,2.820111,2.701562
78,6034,-81.717594,130.998015,18.408182,8.578064,1,-1,-1,-1,0.672850,0.672850,3.983356,2.716363
78,6026,-50.673084,116.861232,18.868005,8.878825,1,-1,-1,-1,0.653610,0.653610,3.059398,2.701803
78,6020,-105.598262,116.912876,17.248610,7.762118,1,-1,-1,-1,0.655027,0.655027,3.168909,2.864219
78,6017,-77.389007,117.176273,20.809656,8.110604,1,-1,-1,-1,0.653045,0.653045,2.938756,2.701563
78,6001,79.635506,178.647813,11.851119,25.136980,1,-1,-1,-1,0.652981,0.652981,2.878010,2.701562
78,5979,122.198853,131.373346,15.738692,7.778414,1,-1,-1,-1,0.652975,0.652975,2.818887,2.701562
78,5975,-52.534301,131.149527,17.493758,8.769541,1,-1,-1,-1,0.652975,0.652975,2.818887,2.701562
78,5974,-21.680383,117.086600,18.923617,8.588271,1,-1,-1,-1,0.652975,0.652975,2.818887,2.701562
78,5973,50.885979,15.794535,8.068005,15.372994,1,-1,-1,-1,0.652975,0.652975,2.818887,2.701562
78,5972,93.585306,130.790854,18.822209,7.577841,1,-1,-1,-1,0.652975,0.652975,2.818887,2.701562
78,5971,32.970272,189.081066,8.129914,18.622126,1,-1,-1,-1,0.652975,0.652975,2.818887,2.701562
78,5970,-25.249422,130.632855,16.817295,7.322991,1,-1,-1,-1,0.652975,0.652975,2.818887,2.701562
79,6026,-51.170067,116.930174,18.979750,8.937359,1,-1,-1,-1,0.653494,0.653494,3.043219,2.701690
79,6020,-105.770650,116.740835,17.556607,7.751642,1,-1,-1,-1,0.653284,0.653284,3.065297,2.787189
79,6017,-77.288062,117.271131,20.737356,8.154458,1,-1,-1,-1,0.653032,0.653032,2.931907,2.701563
79,5979,121.814485,131.123359,15.582481,7.754888,1,-1,-1,-1,0.652975,0.652975,2.817703,2.701562
79,5975,-52.650722,131.092906,17.518679,8.740336,1,-1,-1,-1,0.652975,0.652975,2.817702,2.701562
79,5974,-21.855306,117.097437,19.030817,8.621105,1,-1,-1,-1,0.652975,0.652975,2.817702,2.701562
79,5973,50.817311,20.191178,8.077064,15.372973,1,-1,-1,-1,0.652975,0.652975,2.817702,2.701562
79,5972,93.592464,130.788909,18.818765,7.575663,1,-1,-1,-1,0.652975,0.652975,2.817702,2.701562
79,5971,32.970238,189.089051,8.129938,18.624254,1,-1,-1,-1,0.652975,0.652975,2.817702,2.701562
79,5970,-25.242488,130.643874,16.812060,7.324980,1,-1,-1,-1,0.652975,0.652975,2.817702,2.701562
80,6026,-50.721302,116.772700,18.948985,8.886908,1,-1,-1,-1,0.653399,0.653399,3.028518,2.701630
80,6020,-105.969577,116.733962,17.672453,7.727287,1,-1,-1,-1,0.653095,0.653095,3.007995,2.746890
80,6017,-77.347745,117.193334,20.854091,8.150217,1,-1,-1,-1,0.653022,0.653022,2.925479,2.701562
80,5979,121.758788,131.274956,15.396184,7.709932,1,-1,-1,-1,0.652975,0.652975,2.816556,2.701562
80,5975,-52.752626,131.237171,17.578127,8.783143,1,-1,-1,-1,0.652975,0.652975,2.816556,2.701562
80,5974,-21.591104,117.040041,18.926978,8.579923,1,-1,-1,-1,0.652975,0.652975,2.816556,2.701562
80,5973,50.763387,24.465333,8.080939,15.375597,1,-1,-1,-1,0.652975,0.652975,2.816556,2.701562
80,5972,93.592962,130.790410,18.821914,7.576881,1,-1,-1,-1,0.652975,0.652975,2.816556,2.701562
80,5971,32.970210,189.092229,8.129955,18.625807,1,-1,-1,-1,0.652975,0.652975,2.816556,2.701562
80,5970,-25.233325,130.642735,16.811090,7.326500,1,-1,-1,-1,0.652975,0.652975,2.816556,2.701562
81,6040,-8.348454,-97.515593,16.991296,8.291939,1,-1,-1,-1,0.847083,0.847083,7.132717,3.262201
81,6026,-48.766419,116.542314,16.863343,8.664952,1,-1,-1,-1,0.653321,0.653321,3.015091,2.701599
81,6020,-106.061078,116.626444,17.722448,7.763757,1,-1,-1,-1,0.653077,0.653077,2.974604,2.725627
81,6017,-77.217265,117.229218,20.866565,8.154409,1,-1,-1,-1,0.653013,0.653013,2.919437,2.701562
81,5979,122.168306,131.211966,15.498840,7.712360,1,-1,-1,-1,0.652975,0.652975,2.815445,2.701562
81,5975,-52.644540,131.161297,17.496929,8.812495,1,-1,-1,-1,0.652975,0.652975,2.815445,2.701562
81,5974,-21.383631,117.045078,18.693402,8.530011,1,-1,-1,-1,0.652975,0.652975,2.815445,2.701562
81,5973,50.714143,28.510419,8.078185,15.371768,1,-1,-1,-1,0.652975,0.652975,2.815445,2.701562
81,5972,93.592597,130.790766,18.824210,7.577768,1,-1,-1,-1,0.652975,0.652975,2.815445,2.701562
81,5971,32.970185,189.093616,8.129968,18.626941,1,-1,-1,-1,0.652975,0.652975,2.815445,2.701562
81,5970,-25.228191,130.643457,16.807712,7.327621,1,-1,-1,-1,0.652975,0.652975,2.815445,2.701562
82,6034,-81.447691,131.411190,18.041649,8.816838,1,-1,-1,-1,0.662762,0.662762,3.742148,2.836752
82,6026,-49.382049,116.854018,17.350977,8.742598,1,-1,-1,-1,0.653258,0.653258,3.002775,2.701582
82,6020,-106.182724,116.700517,17.916034,7.782465,1,-1,-1,-1,0.653068,0.653068,2.953851,2.714358
82,6017,-77.146989,117.270387,20.738195,8.185510,1,-1,-1,-1,0.653006,0.653006,2.913746,2.701562
82,6001,79.439850,179.698578,11.931785,25.415161,1,-1,-1,-1,0.654873,0.654873,3.015098,2.835011
82,5979,122.233013,131.297897,15.564641,7.741848,1,-1,-1,-1,0.652975,0.652975,2.814369,2.701562
82,5975,-52.514614,131.177945,17.438942,8.804128,1,-1,-1,-1,0.652975,0.652975,2.814369,2.701562
82,5974,-21.669849,117.042976,18.851106,8.564910,1,-1,-1,-1,0.652975,0.652975,2.814369,2.701562
82,5973,50.663151,32.323521,8.073415,15.368863,1,-1,-1,-1,0.652975,0.652975,2.814369,2.701562
82,5972,93.590164,130.790752,18.823126,7.578392,1,-1,-1,-1,0.652975,0.652975,2.814369,2.701562
82,5971,32.970177,189.092460,8.129952,18.625010,1,-1,-1,-1,0.652975,0.652975,2.814369,2.701562
82,5970,-25.225296,130.642902,16.810714,7.325772,1,-1,-1,-1,0.652975,0.652975,2.814369,2.701562
83,6034,-81.554791,131.141077,18.290638,8.739152,1,-1,-1,-1,0.659435,0.659435,3.556962,2.772870
83,6026,-49.574593,117.057849,18.001593,8.875462,1,-1,-1,-1,0.653206,0.653206,2.991438,2.701572
83,6020,-106.637955,116.966160,18.553934,7.934577,1,-1,-1,-1,0.653055,0.653055,2.939917,2.708372
83,6017,-77.336948,117.159325,20.847831,8.169373,1,-1,-1,-1,0.653001,0.653001,2.908379,2.701562
83,5979,122.236273,131.365650,15.514771,7.780780,1,-1,-1,-1,0.652975,0.652975,2.813326,2.701562
83,5975,-52.428849,131.103315,17.357019,8.753675,1,-1,-1,-1,0.652975,0.652975,2.813325,2.701562
83,5974,-21.903451,117.079511,19.154226,8.549328,1,-1,-1,-1,0.652975,0.652975,2.813325,2.701562
83,5973,50.620259,35.866478,8.069931,15.366737,1,-1,-1,-1,0.652975,0.652975,2.813325,2.701562
83,5972,93.596024,130.788745,18.822196,7.576089,1,-1,-1,-1,0.652975,0.652975,2.813325,2.701562
83,5971,32.970168,189.086195,8.129941,18.623602,1,-1,-1,-1,0.652975,0.652975,2.813325,2.701562
83,5970,-25.231322,130.646035,16.818643,7.327272,1,-1,-1,-1,0.652975,0.652975,2.813325,2.701562
84,6034,-81.261807,131.511259,18.286310,8.857615,1,-1,-1,-1,0.658033,0.658033,3.439565,2.739349
84,6026,-49.853370,116.909848,18.346454,8.858845,1,-1,-1,-1,0.653164,0.653164,2.980969,2.701568
84,6020,-106.523567,116.533456,18.320994,7.836742,1,-1,-1,-1,0.653042,0.653042,2.929749,2.705188
84,6017,-77.376555,117.087798,20.863364,8.117135,1,-1,-1,-1,0.652996,0.652996,2.903310,2.701562
84,5979,122.396441,131.305966,15.510798,7.704672,1,-1,-1,-1,0.652975,0.652975,2.812314,2.701562
84,5975,-52.416388,131.165978,17.352529,8.741908,1,-1,-1,-1,0.652975,0.652975,2.812314,2.701562
84,5974,-21.879031,117.084123,19.174485,8.594565,1,-1,-1,-1,0.652975,0.652975,2.812314,2.701562
84,5973,50.586705,39.142360,8.067445,15.370690,1,-1,-1,-1,0.652975,0.652975,2.812314,2.701562
84,5972,93.591806,130.790270,18.821656,7.577167,1,-1,-1,-1,0.652975,0.652975,2.812314,2.701562
84,5971,32.970146,189.092825,8.129958,18.625332,1,-1,-1,-1,0.652975,0.652975,2.812314,2.701562
84,5970,-25.222272,130.646192,16.810589,7.325516,1,-1,-1,-1,0.652975,0.652975,2.812314,2.701562
85,6034,-81.251167,132.429050,17.921130,9.337047,1,-1,-1,-1,0.657061,0.657061,3.358415,2.721635
85,6026,-49.961210,116.929744,18.736002,8.874631,1,-1,-1,-1,0.653130,0.653130,2.971273,2.701565
85,6020,-106.381211,116.523537,18.349832,7.809692,1,-1,-1,-1,0.653030,0.653030,2.921731,2.703493
85,6017,-77.138523,117.209850,20.683385,8.164886,1,-1,-1,-1,0.652992,0.652992,2.898515,2.701562
85,5979,122.202327,131.324192,15.346047,7.697992,1,-1,-1,-1,0.652975,0.652975,2.811334,2.701562
85,5975,-52.448548,131.153301,17.326008,8.771389,1,-1,-1,-1,0.652975,0.652975,2.811334,2.701562
85,5974,-22.176397,117.114601,19.273971,8.547581,1,-1,-1,-1,0.652975,0.652975,2.811334,2.701562
85,5973,50.538811,42.131380,8.068384,15.373679,1,-1,-1,-1,0.652975,0.652975,2.811334,2.701562
85,5972,93.590291,130.790661,18.821260,7.577953,1,-1,-1,-1,0.652975,0.652975,2.811334,2.701562
85,5971,32.970140,189.093468,8.129946,18.623838,1,-1,-1,-1,0.652975,0.652975,2.811334,2.701562
85,5970,-25.217983,130.655902,16.810443,7.327078,1,-1,-1,-1,0.652975,0.652975,2.811334,2.701562
86,6034,-81.451958,131.413311,18.088174,8.957220,1,-1,-1,-1,0.656292,0.656292,3.298063,2.712239
86,6026,-50.832893,116.889858,18.788534,8.889127,1,-1,-1,-1,0.653102,0.653102,2.962269,2.701564
86,6020,-105.830919,116.516093,17.898348,7.702837,1,-1,-1,-1,0.653021,0.653021,2.914997,2.702590
86,6017,-77.352716,117.174502,20.832366,8.157239,1,-1,-1,-1,0.652989,0.652989,2.893974,2.701562
86,6001,79.492359,179.448898,11.889738,25.573142,1,-1,-1,-1,0.654879,0.654879,3.020157,2.850493
86,5979,122.154450,131.350994,15.355665,7.694701,1,-1,-1,-1,0.652975,0.652975,2.810383,2.701562
86,5975,-52.352073,131.052263,17.254779,8.707294,1,-1,-1,-1,0.652975,0.652975,2.810383,2.701562
86,5974,-22.040817,117.071157,19.279765,8.574211,1,-1,-1,-1,0.652975,0.652975,2.810383,2.701562
86,5973,50.523868,44.858185,8.052529,15.375220,1,-1,-1,-1,0.652975,0.652975,2.810383,2.701562
86,5972,93.591675,130.790656,18.823726,7.578548,1,-1,-1,-1,0.652975,0.652975,2.810383,2.701562
86,5971,32.970122,189.096135,8.129962,18.625504,1,-1,-1,-1,0.652975,0.652975,2.810383,2.701562
86,5970,-25.212395,130.660154,16.813172,7.328278,1,-1,-1,-1,0.652975,0.652975,2.810383,2.701562
87,6026,-50.703046,117.029512,18.933873,8.923299,1,-1,-1,-1,0.653079,0.653079,2.953887,2.701563
87,6020,-105.530872,116.319936,17.609627,7.664388,1,-1,-1,-1,0.653012,0.653012,2.909078,2.702110
87,6017,-77.215065,117.125696,20.836123,8.133521,1,-1,-1,-1,0.652987,0.652987,2.889668,2.701562
87,6001,79.537833,179.417548,11.834439,25.600162,1,-1,-1,-1,0.653162,0.653162,2.938625,2.780040
87,5979,122.029786,131.367056,15.187811,7.622642,1,-1,-1,-1,0.652975,0.652975,2.809460,2.701562
87,5975,-52.249265,131.061542,17.147137,8.627193,1,-1,-1,-1,0.652975,0.652975,2.809460,2.701562
87,5974,-21.734880,117.071159,19.120790,8.583792,1,-1,-1,-1,0.652975,0.652975,2.809460,2.701562
87,5973,50.489969,47.359861,8.060499,15.399136,1,-1,-1,-1,0.652975,0.652975,2.809460,2.701562
87,5972,93.594591,130.788680,18.819882,7.576183,1,-1,-1,-1,0.652975,0.652975,2.809460,2.701562
87,5971,32.968231,189.088746,8.127194,18.623843,1,-1,-1,-1,0.652975,0.652975,2.809460,2.701562
87,5970,-25.206086,130.653916,16.809598,7.326381,1,-1,-1,-1,0.652975,0.652975,2.809460,2.701562
88,6026,-49.991381,117.091892,18.197292,8.726628,1,-1,-1,-1,0.653060,0.653060,2.946068,2.701563
88,6020,-105.644470,116.304325,17.652863,7.651047,1,-1,-1,-1,0.653006,0.653006,2.903717,2.701854
88,6017,-77.027271,117.239045,20.670924,8.174329,1,-1,-1,-1,0.652984,0.652984,2.885580,2.701562
88,5979,122.227527,131.353735,15.379730,7.692617,1,-1,-1,-1,0.652975,0.652975,2.808564,2.701562
88,5975,-52.561897,131.219944,17.319107,8.712270,1,-1,-1,-1,0.652975,0.652975,2.808564,2.701562
88,5974,-21.679238,117.078142,19.064395,8.566851,1,-1,-1,-1,0.652975,0.652975,2.808564,2.701562
88,5973,50.459596,49.541944,8.068986,15.411173,1,-1,-1,-1,0.652975,0.652975,2.808564,2.701562
88,5972,93.591657,130.790218,18.819965,7.577234,1,-1,-1,-1,0.652975,0.652975,2.808564,2.701562
88,5971,32.969872,189.094815,8.127953,18.625510,1,-1,-1,-1,0.652975,0.652975,2.808564,2.701562
88,5970,-25.206051,130.652550,16.809823,7.325056,1,-1,-1,-1,0.652975,0.652975,2.808564,2.701562
89,6026,-49.438058,116.784700,17.679952,8.515193,1,-1,-1,-1,0.653044,0.653044,2.938757,2.701562
89,6020,-105.622029,116.436943,17.451363,7.723576,1,-1,-1,-1,0.653000,0.653000,2.898767,2.701718
89,6017,-77.020905,117.222053,20.698126,8.179239,1,-1,-1,-1,0.652983,0.652983,2.881694,2.701562
89,5979,122.074241,131.319601,15.237918,7.692209,1,-1,-1,-1,0.652975,0.652975,2.807695,2.701562
89,5975,-52.912503,131.290742,17.560668,8.795388,1,-1,-1,-1,0.652975,0.652975,2.807695,2.701562
89,5974,-21.385314,117.010388,18.758203,8.531370,1,-1,-1,-1,0.652975,0.652975,2.807695,2.701562
89,5973,50.433202,51.427178,8.072275,15.406039,1,-1,-1,-1,0.652975,0.652975,2.807695,2.701562
89,5972,93.595169,130.790631,18.817269,7.577980,1,-1,-1,-1,0.652975,0.652975,2.807695,2.701562
89,5971,32.970364,189.097040,8.128508,18.626726,1,-1,-1,-1,0.652975,0.652975,2.807695,2.701562
89,5970,-25.211175,130.654785,16.810193,7.326876,1,-1,-1,-1,0.652975,0.652975,2.807695,2.701562
90,6048,31.502208,251.602139,8.327353,16.324273,1,-1,-1,-1,0.847083,0.847083,7.132717,3.262201
90,6026,-49.020312,116.903583,17.237958,8.290005,1,-1,-1,-1,0.653032,0.653032,2.931908,2.701562
90,6020,-105.786679,116.567114,17.478383,7.710505,1,-1,-1,-1,0.652996,0.652996,2.894144,2.701645
90,6017,-77.111033,117.263129,20.716152,8.196631,1,-1,-1,-1,0.652981,0.652981,2.877997,2.701562
90,5979,122.008153,131.427305,15.141799,7.659481,1,-1,-1,-1,0.652975,0.652975,2.806851,2.701562
90,5975,-52.741749,131.265565,17.522437,8.832440,1,-1,-1,-1,0.652975,0.652975,2.806851,2.701562
90,5974,-21.263986,117.086100,18.556382,8.491482,1,-1,-1,-1,0.652975,0.652975,2.806851,2.701562
90,5973,50.408203,53.070375,8.080233,15.408003,1,-1,-1,-1,0.652975,0.652975,2.806851,2.701562
90,5972,93.592333,130.790643,18.818056,7.578545,1,-1,-1,-1,0.652975,0.652975,2.806851,2.701562
90,5971,32.970462,189.095963,8.128889,18.624859,1,-1,-1,-1,0.652975,0.652975,2.806851,2.701562
90,5970,-25.204421,130.662458,16.802272,7.328161,1,-1,-1,-1,0.652975,0.652975,2.806851,2.701562
91,6048,31.833608,250.305352,8.012774,15.851006,1,-1,-1,-1,0.780933,0.780933,6.225018,2.988460
91,6026,-48.367056,116.805963,16.686654,8.105673,1,-1,-1,-1,0.653021,0.653021,2.925481,2.701562
91,6017,-77.322299,117.171648,20.815063,8.162249,1,-1,-1,-1,0.652980,0.652980,2.874476,2.701562
91,6001,79.731988,179.006612,11.688682,25.464617,1,-1,-1,-1,0.654890,0.654890,3.000397,2.844174
91,5979,122.193015,131.347096,15.248630,7.653872,1,-1,-1,-1,0.652975,0.652975,2.806031,2.701562
91,5975,-51.620721,130.915204,16.918313,8.580344,1,-1,-1,-1,0.652975,0.652975,2.806031,2.701562
91,5974,-21.188301,116.830852,18.667405,8.417734,1,-1,-1,-1,0.652975,0.652975,2.806031,2.701562
91,5973,50.385637,54.491357,8.086033,15.409421,1,-1,-1,-1,0.652975,0.652975,2.806031,2.701562
91,5972,93.591118,130.790544,18.818630,7.578958,1,-1,-1,-1,0.652975,0.652975,2.806031,2.701562
91,5971,32.970429,189.089511,8.129168,18.623497,1,-1,-1,-1,0.652975,0.652975,2.806031,2.701562
91,5970,-25.205666,130.660921,16.815973,7.332062,1,-1,-1,-1,0.652975,0.652975,2.806031,2.701562
92,6048,31.930655,249.666349,7.935650,15.818723,1,-1,-1,-1,0.739812,0.739812,5.560040,2.851250
92,6026,-48.420631,116.879381,16.417974,7.940142,1,-1,-1,-1,0.653013,0.653013,2.919438,2.701562
92,6017,-77.397684,117.080429,20.869017,8.111684,1,-1,-1,-1,0.652979,0.652979,2.871120,2.701562
92,6001,79.609176,179.503487,11.737048,25.453805,1,-1,-1,-1,0.653168,0.653168,2.923384,2.776745
92,5979,122.168854,131.219196,15.368132,7.650388,1,-1,-1,-1,0.652975,0.652975,2.805235,2.701562
92,5975,-52.211952,131.103984,17.108353,8.644614,1,-1,-1,-1,0.652975,0.652975,2.805235,2.701562
92,5974,-21.041288,117.071594,18.745709,8.459667,1,-1,-1,-1,0.652975,0.652975,2.805235,2.701562
92,5973,50.370877,55.697210,8.090182,15.402166,1,-1,-1,-1,0.652975,0.652975,2.805235,2.701562
92,5972,93.592450,130.790419,18.821801,7.579279,1,-1,-1,-1,0.652975,0.652975,2.805235,2.701562
92,5971,32.970363,189.087458,8.129372,18.622504,1,-1,-1,-1,0.652975,0.652975,2.805235,2.701562
92,5970,-25.204597,130.658240,16.820397,7.332129,1,-1,-1,-1,0.652975,0.652975,2.805235,2.701562
93,6048,31.804413,249.278731,7.858110,16.012163,1,-1,-1,-1,0.714060,0.714060,5.062690,2.780435
93,6026,-48.238053,116.989842,16.461739,7.838048,1,-1,-1,-1,0.653006,0.653006,2.913747,2.701562
93,6017,-77.115034,117.162531,20.691985,8.133653,1,-1,-1,-1,0.652979,0.652979,2.867917,2.701562
93,6001,79.572818,179.296412,11.780288,25.477678,1,-1,-1,-1,0.652995,0.652995,2.882296,2.741391
93,5979,122.014153,131.383036,15.234695,7.629399,1,-1,-1,-1,0.652975,0.652975,2.804461,2.701562
93,5975,-52.379381,131.247911,17.220513,8.715203,1,-1,-1,-1,0.652975,0.652975,2.804461,2.701562
93,5974,-20.585421,117.113390,18.939415,8.477861,1,-1,-1,-1,0.652975,0.652975,2.804461,2.701562
93,5973,50.350855,56.721269,8.090425,15.394018,1,-1,-1,-1,0.652975,0.652975,2.804461,2.701562
93,5972,93.590514,130.790321,18.821361,7.579493,1,-1,-1,-1,0.652975,0.652975,2.804461,2.701562
93,5971,32.970287,189.095430,8.129543,18.624533,1,-1,-1,-1,0.652975,0.652975,2.804461,2.701562
93,5970,-25.201092,130.653867,16.817950,7.326651,1,-1,-1,-1,0.652975,0.652975,2.804461,2.701562
94,6048,31.992274,247.168456,8.010195,15.931698,1,-1,-1,-1,0.697349,0.697349,4.683127,2.743335
94,6026,-47.586412,116.858013,16.348900,7.769637,1,-1,-1,-1,0.653000,0.653000,2.908380,2.701562
94,6020,-106.122193,116.658958,17.658414,7.741851,1,-1,-1,-1,0.654879,0.654879,3.029735,2.835021
94,6017,-76.965578,117.232833,20.579836,8.155628,1,-1,-1,-1,0.652978,0.652978,2.864858,2.701562
94,6001,79.604716,179.220464,11.803275,25.513804,1,-1,-1,-1,0.652993,0.652993,2.859829,2.722716
94,5979,122.047739,131.384903,15.182953,7.644429,1,-1,-1,-1,0.652975,0.652975,2.803709,2.701562
94,5975,-51.506720,131.375750,16.728747,8.693581,1,-1,-1,-1,0.652975,0.652975,2.803709,2.701562
94,5974,-19.704845,117.182643,18.984611,8.495474,1,-1,-1,-1,0.652975,0.652975,2.803709,2.701562
94,5973,50.342488,57.587947,8.087870,15.390730,1,-1,-1,-1,0.652975,0.652975,2.803709,2.701562
94,5972,93.589919,130.781825,18.820915,7.576894,1,-1,-1,-1,0.652975,0.652975,2.803709,2.701562
94,5971,32.970235,189.089820,8.129646,18.623261,1,-1,-1,-1,0.652975,0.652975,2.803709,2.701562
94,5970,-25.195678,130.647039,16.810723,7.322641,1,-1,-1,-1,0.652975,0.652975,2.803709,2.701562
95,6048,31.616139,245.644084,8.144658,15.862071,1,-1,-1,-1,0.686065,0.686065,4.388218,2.723746
95,6034,-81.205933,130.946971,18.328330,8.336410,1,-1,-1,-1,0.655463,0.655463,3.304033,2.902464
95,6026,-46.708074,116.733457,16.194942,7.685387,1,-1,-1,-1,0.652996,0.652996,2.903311,2.701562
95,6020,-106.248599,116.575521,17.288916,7.679057,1,-1,-1,-1,0.653157,0.653157,2.954130,2.771966
95,6017,-76.844768,117.030478,20.382288,8.080012,1,-1,-1,-1,0.652977,0.652977,2.861934,2.701562
95,6001,79.463484,179.657823,11.850912,25.575182,1,-1,-1,-1,0.652998,0.652998,2.847150,2.712813
95,5979,122.287339,131.321496,15.233349,7.654029,1,-1,-1,-1,0.652975,0.652975,2.802979,2.701562
95,5975,-51.272528,130.893031,16.355808,8.388823,1,-1,-1,-1,0.652975,0.652975,2.802979,2.701562
95,5974,-18.165509,117.262705,19.176057,8.537849,1,-1,-1,-1,0.652975,0.652975,2.802979,2.701562
95,5973,50.337111,58.311050,8.080471,15.385387,1,-1,-1,-1,0.652975,0.652975,2.802979,2.701562
95,5972,93.589776,130.785592,18.820589,7.574999,1,-1,-1,-1,0.652975,0.652975,2.802979,2.701562
95,5971,32.968348,189.074004,8.126885,18.611208,1,-1,-1,-1,0.652975,0.652975,2.802979,2.701562
95,5970,-25.189659,130.645507,16.808268,7.319767,1,-1,-1,-1,0.652975,0.652975,2.802979,2.701562
96,6048,30.250929,247.286330,8.404857,16.647151,1,-1,-1,-1,0.678159,0.678159,4.155461,2.713360
96,6034,-80.482655,132.350308,17.017170,8.763755,1,-1,-1,-1,0.653592,0.653592,3.164783,2.807031
96,6026,-45.553758,117.037690,16.027207,7.664618,1,-1,-1,-1,0.652992,0.652992,2.898516,2.701562
96,6017,-76.941802,117.079737,20.559427,8.080215,1,-1,-1,-1,0.652977,0.652977,2.859137,2.701562
96,6001,79.348658,179.998059,11.991538,25.674003,1,-1,-1,-1,0.652998,0.652998,2.839660,2.707550
96,5979,122.162579,131.240244,15.207768,7.673964,1,-1,-1,-1,0.652975,0.652975,2.802268,2.701562
96,5975,-52.169278,131.305634,16.817079,8.603327,1,-1,-1,-1,0.652975,0.652975,2.802268,2.701562
96,5974,-16.682462,117.139798,19.291416,8.435202,1,-1,-1,-1,0.652975,0.652975,2.802268,2.701562
96,5973,50.330001,58.904240,8.083351,15.384512,1,-1,-1,-1,0.652975,0.652975,2.802268,2.701562
96,5972,93.592536,130.787394,18.814849,7.573577,1,-1,-1,-1,0.652975,0.652975,2.802268,2.701562
96,5971,32.969950,189.092700,8.127730,18.616292,1,-1,-1,-1,0.652975,0.652975,2.802268,2.701562
96,5970,-25.188971,130.645761,16.812047,7.317743,1,-1,-1,-1,0.652975,0.652975,2.802268,2.701562
97,6048,31.321525,243.978967,8.210884,15.866172,1,-1,-1,-1,0.672446,0.672446,3.969193,2.707841
97,6026,-44.663723,116.812970,16.019595,7.653571,1,-1,-1,-1,0.652989,0.652989,2.893975,2.701562
97,6017,-76.104898,117.029265,20.432308,8.069375,1,-1,-1,-1,0.652977,0.652977,2.856459,2.701562
97,6001,79.512366,179.165199,11.911729,25.444998,1,-1,-1,-1,0.652995,0.652995,2.834944,2.704750
97,5979,122.081900,131.251380,15.199353,7.669656,1,-1,-1,-1,0.652975,0.652975,2.801577,2.701562
97,5975,-51.656943,130.890891,16.440584,8.346437,1,-1,-1,-1,0.652975,0.652975,2.801577,2.701562
97,5974,-14.618326,117.186277,19.392494,8.457384,1,-1,-1,-1,0.652975,0.652975,2.801577,2.701562
97,5973,50.330495,59.415751,8.079999,15.389172,1,-1,-1,-1,0.652975,0.652975,2.801577,2.701562
97,5972,93.591842,130.788320,18.816164,7.572580,1,-1,-1,-1,0.652975,0.652975,2.801577,2.701562
97,5971,32.970414,189.099049,8.128347,18.620002,1,-1,-1,-1,0.652975,0.652975,2.801577,2.701562
97,5970,-25.187805,130.638152,16.806500,7.313477,1,-1,-1,-1,0.652975,0.652975,2.801577,2.701562
98,6048,31.633901,243.754518,8.195914,15.662455,1,-1,-1,-1,0.668212,0.668212,3.818265,2.704905
98,6026,-43.425508,117.077969,16.085304,7.727307,1,-1,-1,-1,0.652986,0.652986,2.889669,2.701562
98,6017,-74.892846,116.945366,20.198834,8.019256,1,-1,-1,-1,0.652976,0.652976,2.853894,2.701562
98,6001,79.569301,179.076607,11.911829,25.404125,1,-1,-1,-1,0.652992,0.652992,2.831724,2.703260
98,5979,122.168018,131.381892,15.152666,7.677094,1,-1,-1,-1,0.652975,0.652975,2.800906,2.701562
98,5975,-52.051833,131.234664,16.718661,8.494423,1,-1,-1,-1,0.652975,0.652975,2.800906,2.701562
98,5974,-12.166057,117.199047,19.431867,8.442691,1,-1,-1,-1,0.652975,0.652975,2.800906,2.701562
98,5973,50.322856,59.815494,8.083105,15.398267,1,-1,-1,-1,0.652975,0.652975,2.800906,2.701562
98,5972,93.593242,130.788845,18.819877,7.571872,1,-1,-1,-1,0.652975,0.652975,2.800906,2.701562
98,5971,32.970482,189.100893,8.128797,18.622709,1,-1,-1,-1,0.652975,0.652975,2.800906,2.701562
98,5970,-25.194981,130.625997,16.807802,7.304920,1,-1,-1,-1,0.652975,0.652975,2.800906,2.701562
99,6048,31.783718,244.303274,8.186959,15.930261,1,-1,-1,-1,0.665009,0.665009,3.694582,2.703342
99,6026,-42.086178,116.968625,16.014353,7.745551,1,-1,-1,-1,0.652984,0.652984,2.885580,2.701562
99,6001,79.427003,179.763305,12.010939,25.549737,1,-1,-1,-1,0.652989,0.652989,2.829320,2.702466
99,5979,122.051235,131.341073,15.114633,7.638666,1,-1,-1,-1,0.652975,0.652975,2.800252,2.701562
99,5975,-52.310359,131.462622,16.968933,8.637882,1,-1,-1,-1,0.652975,0.652975,2.800252,2.701562
99,5974,-9.010689,117.167037,19.448859,8.373303,1,-1,-1,-1,0.652975,0.652975,2.800252,2.701562
99,5973,50.323003,60.132467,8.079837,15.401949,1,-1,-1,-1,0.652975,0.652975,2.800252,2.701562
99,5972,93.593125,130.789175,18.822586,7.571356,1,-1,-1,-1,0.652975,0.652975,2.800252,2.701562
99,5971,32.970437,189.092757,8.129103,18.621934,1,-1,-1,-1,0.652975,0.652975,2.800252,2.701562
99,5970,-25.198197,130.639917,16.836541,7.304445,1,-1,-1,-1,0.652975,0.652975,2.800252,2.701562
100,6048,31.967412,243.401177,8.087793,15.768048,1,-1,-1,-1,0.662548,0.662548,3.592165,2.702510
100,6034,-81.237284,131.192208,18.111292,8.669247,1,-1,-1,-1,0.655095,0.655095,3.161724,2.847287
100,6026,-39.497111,116.847642,15.964202,7.663770,1,-1,-1,-1,0.652983,0.652983,2.881695,2.701562
100,6001,79.445044,179.419886,11.982665,25.598848,1,-1,-1,-1,0.652987,0.652987,2.827373,2.702044
100,5979,122.034579,131.082946,15.078264,7.560585,1,-1,-1,-1,0.652975,0.652975,2.799616,2.701562
100,5975,-52.532345,131.538567,17.194648,8.810601,1,-1,-1,-1,0.652975,0.652975,2.799616,2.701562
100,5974,-5.631618,117.276180,19.439782,8.378413,1,-1,-1,-1,0.652975,0.652975,2.799616,2.701562
100,5973,50.322490,60.394966,8.074723,15.407281,1,-1,-1,-1,0.652975,0.652975,2.799616,2.701562
100,5972,93.592538,130.791287,18.824688,7.573730,1,-1,-1,-1,0.652975,0.652975,2.799616,2.701562
100,5971,32.970353,189.098282,8.129348,18.624120,1,-1,-1,-1,0.652975,0.652975,2.799616,2.701562
100,5970,-25.202074,130.645573,16.860323,7.304146,1,-1,-1,-1,0.652975,0.652975,2.799616,2.701562
