1,3007,11.180000,116.040000,19.120000,7.920000,1,-1,-1,-1,10.000000,10.000000,10.000000,10.000000
1,3006,73.820000,54.510000,8.400000,18.620000,1,-1,-1,-1,10.000000,10.000000,10.000000,10.000000
1,3005,76.970000,217.350000,8.850000,17.760000,1,-1,-1,-1,10.000000,10.000000,10.000000,10.000000
1,3004,77.580000,246.570000,8.450000,18.180000,1,-1,-1,-1,10.000000,10.000000,10.000000,10.000000
1,3003,62.370000,187.740000,8.520000,19.600000,1,-1,-1,-1,10.000000,10.000000,10.000000,10.000000
1,3002,73.290000,25.040000,7.990000,19.020000,1,-1,-1,-1,10.000000,10.000000,10.000000,10.000000
1,3001,150.560000,130.880000,18.500000,7.740000,1,-1,-1,-1,10.000000,10.000000,10.000000,10.000000
1,3000,123.340000,130.640000,16.830000,7.300000,1,-1,-1,-1,10.000000,10.000000,10.000000,10.000000
2,3007,13.996477,116.544128,18.096586,8.021633,1,-1,-1,-1,0.999900,0.999900,9.990021,5.238095
2,3006,74.044301,54.584731,8.151377,18.220562,1,-1,-1,-1,0.999900,0.999900,9.990021,5.238095
2,3005,77.743031,216.625935,7.803889,16.068444,1,-1,-1,-1,0.999900,0.999900,9.990021,5.238095
2,3004,77.758220,246.897324,8.273542,18.005305,1,-1,-1,-1,0.999900,0.999900,9.990021,5.238095
2,3003,62.370000,187.610013,8.520000,19.600000,1,-1,-1,-1,0.999900,0.999900,9.990021,5.238095
2,3002,73.300498,25.028809,7.989002,19.012385,1,-1,-1,-1,0.999900,0.999900,9.990021,5.238095
2,3001,150.561193,130.879503,18.507614,7.740994,1,-1,-1,-1,0.999900,0.999900,9.990021,5.238095
2,3000,123.338808,130.640515,16.822386,7.298969,1,-1,-1,-1,0.999900,0.999900,9.990021,5.238095
3,3008,180.220000,129.540000,16.250000,7.620000,1,-1,-1,-1,10.000000,10.000000,10.000000,10.000000
3,3007,15.386545,116.392297,17.921903,8.051827,1,-1,-1,-1,0.941153,0.941153,8.384601,3.841642
3,3006,73.809135,54.516327,8.351139,18.634411,1,-1,-1,-1,0.941153,0.941153,8.384601,3.841642
3,3005,77.513712,217.519500,8.169612,16.919918,1,-1,-1,-1,0.941153,0.941153,8.384601,3.841642
3,3004,77.808736,246.207026,8.314869,17.964783,1,-1,-1,-1,0.941153,0.941153,8.384601,3.841642
3,3003,62.370000,187.602360,8.520000,19.600000,1,-1,-1,-1,0.941153,0.941153,8.384601,3.841642
3,3002,73.291176,25.049260,7.990000,19.016774,1,-1,-1,-1,0.941153,0.941153,8.384601,3.841642
3,3001,150.558975,130.880000,18.503226,7.740000,1,-1,-1,-1,0.941153,0.941153,8.384601,3.841642
3,3000,123.334912,130.639015,16.839000,7.301970,1,-1,-1,-1,0.941153,0.941153,8.384601,3.841642
4,3007,17.262662,115.943653,17.281014,7.992753,1,-1,-1,-1,0.847083,0.847083,7.132717,3.262201
4,3006,73.670477,54.404518,8.423179,18.743773,1,-1,-1,-1,0.847083,0.847083,7.132717,3.262201
4,3005,77.450883,217.639904,8.232788,17.095826,1,-1,-1,-1,0.847083,0.847083,7.132717,3.262201
4,3004,77.715871,246.571121,8.241921,17.938782,1,-1,-1,-1,0.847083,0.847083,7.132717,3.262201
4,3003,62.370000,187.604158,8.520000,19.600000,1,-1,-1,-1,0.847083,0.847083,7.132717,3.262201
4,3002,73.289239,25.052799,7.990262,19.018450,1,-1,-1,-1,0.847083,0.847083,7.132717,3.262201
4,3001,150.558910,130.880131,18.501549,7.739739,1,-1,-1,-1,0.847083,0.847083,7.132717,3.262201
4,3000,123.337877,130.639594,16.834876,7.300812,1,-1,-1,-1,0.847083,0.847083,7.132717,3.262201
5,3007,18.624008,115.790263,17.868302,8.245450,1,-1,-1,-1,0.780933,0.780933,6.225018,2.988460
5,3006,73.710850,54.553656,8.452872,18.824425,1,-1,-1,-1,0.780933,0.780933,6.225018,2.988460
5,3005,77.592459,217.222818,8.019112,16.779956,1,-1,-1,-1,0.780933,0.780933,6.225018,2.988460
5,3004,77.322714,246.669616,8.621904,18.432012,1,-1,-1,-1,0.780933,0.780933,6.225018,2.988460
5,3003,62.370000,187.605651,8.520000,19.600000,1,-1,-1,-1,0.780933,0.780933,6.225018,2.988460
5,3002,73.297080,25.035759,7.989644,19.014639,1,-1,-1,-1,0.780933,0.780933,6.225018,2.988460
5,3001,150.559170,130.880161,18.500753,7.739678,1,-1,-1,-1,0.780933,0.780933,6.225018,2.988460
5,3000,123.340617,130.639482,16.837483,7.301036,1,-1,-1,-1,0.780933,0.780933,6.225018,2.988460
6,3007,20.536510,115.718025,18.296250,8.364429,1,-1,-1,-1,0.739812,0.739812,5.560040,2.851250
6,3006,73.780376,54.425030,8.406857,18.691590,1,-1,-1,-1,0.739812,0.739812,5.560040,2.851250
6,3005,77.599094,217.228505,7.938947,16.670639,1,-1,-1,-1,0.739812,0.739812,5.560040,2.851250
6,3004,77.424343,246.765140,8.712963,18.529504,1,-1,-1,-1,0.739812,0.739812,5.560040,2.851250
6,3003,62.371891,187.603525,8.523617,19.598905,1,-1,-1,-1,0.739812,0.739812,5.560040,2.851250
6,3002,73.293799,25.043868,7.993636,19.015788,1,-1,-1,-1,0.739812,0.739812,5.560040,2.851250
6,3001,150.559413,130.880159,18.500327,7.739681,1,-1,-1,-1,0.739812,0.739812,5.560040,2.851250
6,3000,123.341064,130.639483,16.838880,7.301035,1,-1,-1,-1,0.739812,0.739812,5.560040,2.851250
7,3007,22.502237,115.912223,18.849887,8.617876,1,-1,-1,-1,0.714060,0.714060,5.062690,2.780435
7,3006,73.906318,54.468510,8.360709,18.619206,1,-1,-1,-1,0.714060,0.714060,5.062690,2.780435
7,3005,77.370848,217.393377,8.330091,17.184935,1,-1,-1,-1,0.714060,0.714060,5.062690,2.780435
7,3004,77.663772,246.269196,8.581977,18.174882,1,-1,-1,-1,0.714060,0.714060,5.062690,2.780435
7,3003,62.370368,187.604999,8.521960,19.594931,1,-1,-1,-1,0.714060,0.714060,5.062690,2.780435
7,3002,73.297672,25.033853,7.992141,19.013027,1,-1,-1,-1,0.714060,0.714060,5.062690,2.780435
7,3001,150.559596,130.880147,18.500084,7.739706,1,-1,-1,-1,0.714060,0.714060,5.062690,2.780435
7,3000,123.343241,130.640263,16.827915,7.299474,1,-1,-1,-1,0.714060,0.714060,5.062690,2.780435
8,3009,63.575685,221.151405,7.520350,15.028732,1,-1,-1,-1,0.808479,0.808479,6.225062,3.298778
8,3007,25.441616,115.911958,19.136866,8.823855,1,-1,-1,-1,0.697349,0.697349,4.683127,2.743335
8,3006,73.782463,54.319034,8.604539,18.916009,1,-1,-1,-1,0.697349,0.697349,4.683127,2.743335
8,3005,77.268309,216.979942,8.317755,17.029587,1,-1,-1,-1,0.697349,0.697349,4.683127,2.743335
8,3004,77.552091,246.831900,8.670143,18.429879,1,-1,-1,-1,0.697349,0.697349,4.683127,2.743335
8,3003,62.369990,187.606284,8.520998,19.592604,1,-1,-1,-1,0.697349,0.697349,4.683127,2.743335
8,3002,73.299204,25.030602,7.991244,19.011460,1,-1,-1,-1,0.697349,0.697349,4.683127,2.743335
8,3001,150.559726,130.880132,18.499940,7.739736,1,-1,-1,-1,0.697349,0.697349,4.683127,2.743335
8,3000,123.343341,130.639979,16.832208,7.300043,1,-1,-1,-1,0.697349,0.697349,4.683127,2.743335
9,3009,63.611178,219.956813,7.519592,15.072308,1,-1,-1,-1,0.761768,0.761768,5.587838,3.006395
9,3007,28.669247,116.179998,19.566922,9.303205,1,-1,-1,-1,0.686065,0.686065,4.388218,2.723746
9,3006,73.782979,54.355933,8.553334,18.765668,1,-1,-1,-1,0.686065,0.686065,4.388218,2.723746
9,3005,77.313608,216.567866,8.212360,16.771055,1,-1,-1,-1,0.686065,0.686065,4.388218,2.723746
9,3004,77.449557,246.892676,8.791165,18.532700,1,-1,-1,-1,0.686065,0.686065,4.388218,2.723746
9,3003,62.369960,187.607262,8.520424,19.591200,1,-1,-1,-1,0.686065,0.686065,4.388218,2.723746
9,3002,73.299840,25.036522,7.990687,19.010544,1,-1,-1,-1,0.686065,0.686065,4.388218,2.723746
9,3001,150.559817,130.880117,18.499855,7.739765,1,-1,-1,-1,0.686065,0.686065,4.388218,2.723746
9,3000,123.342707,130.639840,16.834996,7.300319,1,-1,-1,-1,0.686065,0.686065,4.388218,2.723746
10,3009,63.571326,218.719415,7.534842,15.044808,1,-1,-1,-1,0.729260,0.729260,5.118443,2.860404
10,3007,33.515537,114.734861,18.611639,9.415563,1,-1,-1,-1,0.678159,0.678159,4.155461,2.713360
10,3006,73.784725,54.408297,8.517501,18.707532,1,-1,-1,-1,0.678159,0.678159,4.155461,2.713360
10,3005,77.343016,216.515858,8.103147,16.663291,1,-1,-1,-1,0.678159,0.678159,4.155461,2.713360
10,3004,77.522725,246.717647,8.695539,18.422993,1,-1,-1,-1,0.678159,0.678159,4.155461,2.713360
10,3003,62.369859,187.609648,8.520389,19.593771,1,-1,-1,-1,0.678159,0.678159,4.155461,2.713360
10,3002,73.299963,25.040513,7.990639,19.013436,1,-1,-1,-1,0.678159,0.678159,4.155461,2.713360
10,3001,150.559880,130.880104,18.499805,7.739792,1,-1,-1,-1,0.678159,0.678159,4.155461,2.713360
10,3000,123.340335,130.639933,16.833410,7.300133,1,-1,-1,-1,0.678159,0.678159,4.155461,2.713360
11,3009,63.459484,217.547970,7.516987,14.926522,1,-1,-1,-1,0.707694,0.707694,4.751699,2.785203
11,3007,35.197089,115.793816,20.265018,11.025540,1,-1,-1,-1,0.672446,0.672446,3.969193,2.707841
11,3006,73.868400,54.338848,8.459183,18.648667,1,-1,-1,-1,0.672446,0.672446,3.969193,2.707841
11,3005,77.213084,217.089784,8.272601,16.989777,1,-1,-1,-1,0.672446,0.672446,3.969193,2.707841
11,3004,77.572988,246.353519,8.620769,18.277259,1,-1,-1,-1,0.672446,0.672446,3.969193,2.707841
11,3003,62.369846,187.610243,8.520331,19.595565,1,-1,-1,-1,0.672446,0.672446,3.969193,2.707841
11,3002,73.300143,25.033105,7.990296,19.012103,1,-1,-1,-1,0.672446,0.672446,3.969193,2.707841
11,3001,150.559924,130.880092,18.499779,7.739815,1,-1,-1,-1,0.672446,0.672446,3.969193,2.707841
11,3000,123.344700,130.640123,16.828990,7.299755,1,-1,-1,-1,0.672446,0.672446,3.969193,2.707841
12,3009,63.378200,216.868330,7.553707,15.039658,1,-1,-1,-1,0.693227,0.693227,4.458919,2.745845
12,3007,38.279396,115.214005,20.762724,12.158124,1,-1,-1,-1,0.668212,0.668212,3.818265,2.704905
12,3006,73.845765,54.464077,8.391178,18.619048,1,-1,-1,-1,0.668212,0.668212,3.818265,2.704905
12,3005,77.431216,216.958006,8.145658,16.895749,1,-1,-1,-1,0.668212,0.668212,3.818265,2.704905
12,3004,77.652093,246.223011,8.552330,18.112429,1,-1,-1,-1,0.668212,0.668212,3.818265,2.704905
12,3003,62.369982,187.608550,8.520027,19.593567,1,-1,-1,-1,0.668212,0.668212,3.818265,2.704905
12,3002,73.300230,25.037227,7.990081,19.011213,1,-1,-1,-1,0.668212,0.668212,3.818265,2.704905
12,3001,150.553273,130.880083,18.499767,7.739835,1,-1,-1,-1,0.668212,0.668212,3.818265,2.704905
12,3000,123.347639,130.638511,16.824669,7.296295,1,-1,-1,-1,0.668212,0.668212,3.818265,2.704905
13,3009,63.349330,216.096582,7.609706,15.167024,1,-1,-1,-1,0.683248,0.683248,4.222594,2.725074
13,3007,42.399690,115.114462,20.548026,13.580827,1,-1,-1,-1,0.665009,0.665009,3.694582,2.703342
13,3006,73.786065,54.434115,8.414755,18.635752,1,-1,-1,-1,0.665009,0.665009,3.694582,2.703342
13,3005,77.516523,216.106576,8.019071,16.468010,1,-1,-1,-1,0.665009,0.665009,3.694582,2.703342
13,3004,77.598118,246.191590,8.627092,18.125717,1,-1,-1,-1,0.665009,0.665009,3.694582,2.703342
13,3003,62.374670,187.620710,8.517293,19.600645,1,-1,-1,-1,0.665009,0.665009,3.694582,2.703342
13,3002,73.293517,25.047295,7.990154,19.013814,1,-1,-1,-1,0.665009,0.665009,3.694582,2.703342
13,3001,150.557459,130.880074,18.499764,7.739852,1,-1,-1,-1,0.665009,0.665009,3.694582,2.703342
13,3000,123.348721,130.640174,16.823031,7.297133,1,-1,-1,-1,0.665009,0.665009,3.694582,2.703342
14,3009,63.078477,215.356712,7.646504,15.222380,1,-1,-1,-1,0.676155,0.676155,4.030254,2.714065
14,3007,46.006296,112.386018,20.034900,14.835292,1,-1,-1,-1,0.662548,0.662548,3.592165,2.702510
14,3006,73.783045,54.367821,8.650130,18.877926,1,-1,-1,-1,0.662548,0.662548,3.592165,2.702510
14,3005,77.449360,217.623859,8.176871,17.043146,1,-1,-1,-1,0.662548,0.662548,3.592165,2.702510
14,3004,77.459350,246.749166,8.719500,18.347664,1,-1,-1,-1,0.662548,0.662548,3.592165,2.702510
14,3003,62.373956,187.612938,8.521203,19.601565,1,-1,-1,-1,0.662548,0.662548,3.592165,2.702510
14,3002,73.297711,25.035635,7.989997,19.012507,1,-1,-1,-1,0.662548,0.662548,3.592165,2.702510
14,3001,150.552434,130.880067,18.499766,7.739866,1,-1,-1,-1,0.662548,0.662548,3.592165,2.702510
14,3000,123.344490,130.640559,16.825011,7.297950,1,-1,-1,-1,0.662548,0.662548,3.592165,2.702510
15,3009,62.983968,214.870740,7.698920,15.313880,1,-1,-1,-1,0.670976,0.670976,3.872512,2.708216
15,3007,49.517899,109.131476,18.717207,15.715171,1,-1,-1,-1,0.660633,0.660633,3.506534,2.702067
15,3006,73.775660,54.308355,8.724846,18.978486,1,-1,-1,-1,0.660633,0.660633,3.506534,2.702067
15,3005,77.440155,217.800660,8.210850,17.243828,1,-1,-1,-1,0.660633,0.660633,3.506534,2.702067
15,3004,77.517259,246.184029,8.639776,18.165633,1,-1,-1,-1,0.660633,0.660633,3.506534,2.702067
15,3003,62.371361,187.608677,8.520689,19.598004,1,-1,-1,-1,0.660633,0.660633,3.506534,2.702067
15,3002,73.299315,25.031437,7.989899,19.011595,1,-1,-1,-1,0.660633,0.660633,3.506534,2.702067
15,3001,150.557173,130.880061,18.499773,7.739879,1,-1,-1,-1,0.660633,0.660633,3.506534,2.702067
15,3000,123.347875,130.638910,16.822372,7.295243,1,-1,-1,-1,0.660633,0.660633,3.506534,2.702067
16,3009,63.016089,214.757438,7.762121,15.478258,1,-1,-1,-1,0.667107,0.667107,3.742165,2.705105
16,3007,52.462171,105.261737,17.459868,16.720334,1,-1,-1,-1,0.659128,0.659128,3.434287,2.701831
16,3006,73.750792,54.407068,8.638425,18.833099,1,-1,-1,-1,0.659128,0.659128,3.434287,2.701831
16,3005,77.628831,216.583314,7.997587,16.781960,1,-1,-1,-1,0.659128,0.659128,3.434287,2.701831
16,3004,77.427493,246.575948,8.668555,18.310975,1,-1,-1,-1,0.659128,0.659128,3.434287,2.701831
16,3003,62.370366,187.616050,8.520507,19.598553,1,-1,-1,-1,0.659128,0.659128,3.434287,2.701831
16,3002,73.299924,25.030019,7.989840,19.010958,1,-1,-1,-1,0.659128,0.659128,3.434287,2.701831
16,3001,150.552391,130.880055,18.499781,7.739889,1,-1,-1,-1,0.659128,0.659128,3.434287,2.701831
16,3000,123.347359,130.642015,16.831528,7.299963,1,-1,-1,-1,0.659128,0.659128,3.434287,2.701831
17,3009,63.041855,214.923400,7.829046,15.741818,1,-1,-1,-1,0.664165,0.664165,3.633636,2.703449
17,3006,73.606053,54.370787,8.606331,18.786789,1,-1,-1,-1,0.657936,0.657936,3.372813,2.701705
17,3005,77.580200,216.879955,8.031525,16.782691,1,-1,-1,-1,0.657936,0.657936,3.372813,2.701705
17,3004,77.413041,246.455749,8.726605,18.305034,1,-1,-1,-1,0.657936,0.657936,3.372813,2.701705
17,3003,62.370093,187.610422,8.520228,19.595915,1,-1,-1,-1,0.657936,0.657936,3.372813,2.701705
17,3002,73.300149,25.036194,7.989805,19.010514,1,-1,-1,-1,0.657936,0.657936,3.372813,2.701705
17,3001,150.550602,130.880051,18.499791,7.739898,1,-1,-1,-1,0.657936,0.657936,3.372813,2.701705
17,3000,123.342523,130.640798,16.831067,7.299952,1,-1,-1,-1,0.657936,0.657936,3.372813,2.701705
18,3009,62.989460,214.328106,7.829227,15.708524,1,-1,-1,-1,0.661894,0.661894,3.542591,2.702567
18,3006,73.615646,54.283552,8.669680,18.883238,1,-1,-1,-1,0.656986,0.656986,3.320085,2.701638
18,3005,77.455679,217.836347,8.223301,17.218701,1,-1,-1,-1,0.656986,0.656986,3.320085,2.701638
18,3004,77.578429,245.888290,8.611247,18.039275,1,-1,-1,-1,0.656986,0.656986,3.320085,2.701638
18,3003,62.371743,187.616755,8.523189,19.597758,1,-1,-1,-1,0.656986,0.656986,3.320085,2.701638
18,3002,73.293592,25.040398,7.989917,19.013216,1,-1,-1,-1,0.656986,0.656986,3.320085,2.701638
18,3001,150.556523,130.880047,18.499801,7.739906,1,-1,-1,-1,0.656986,0.656986,3.320085,2.701638
18,3000,123.350689,130.638685,16.824006,7.296669,1,-1,-1,-1,0.656986,0.656986,3.320085,2.701638
19,3009,63.025348,214.073690,7.852679,15.670874,1,-1,-1,-1,0.660120,0.660120,3.465641,2.702097
19,3006,73.674963,54.287992,8.760336,18.989355,1,-1,-1,-1,0.656225,0.656225,3.274518,2.701603
19,3005,77.416225,217.624590,8.227833,17.235285,1,-1,-1,-1,0.656225,0.656225,3.274518,2.701603
19,3004,77.587477,246.132772,8.569924,18.000639,1,-1,-1,-1,0.656225,0.656225,3.274518,2.701603
19,3003,62.370078,187.612671,8.522318,19.598343,1,-1,-1,-1,0.656225,0.656225,3.274518,2.701603
19,3002,73.292824,25.049532,7.993096,19.018834,1,-1,-1,-1,0.656225,0.656225,3.274518,2.701603
19,3001,150.554007,130.879983,18.502798,7.740033,1,-1,-1,-1,0.656225,0.656225,3.274518,2.701603
19,3000,123.346492,130.641814,16.829317,7.300698,1,-1,-1,-1,0.656225,0.656225,3.274518,2.701603
20,3016,60.275038,76.532013,8.481396,18.067597,1,-1,-1,-1,0.847083,0.847083,7.132717,3.262201
20,3009,63.110214,213.923786,7.852957,15.675324,1,-1,-1,-1,0.658723,0.658723,3.400126,2.701847
20,3006,73.728158,54.373053,8.595821,18.862875,1,-1,-1,-1,0.655613,0.655613,3.234861,2.701584
20,3005,77.353114,217.741964,8.293143,17.377731,1,-1,-1,-1,0.655613,0.655613,3.234861,2.701584
20,3004,77.597120,246.262518,8.587603,18.046958,1,-1,-1,-1,0.655613,0.655613,3.234861,2.701584
20,3003,62.369593,187.611032,8.521687,19.598779,1,-1,-1,-1,0.655613,0.655613,3.234861,2.701584
20,3002,73.290221,25.052360,7.992390,19.022158,1,-1,-1,-1,0.655613,0.655613,3.234861,2.701584
20,3001,150.557315,130.880000,18.501986,7.740000,1,-1,-1,-1,0.655613,0.655613,3.234861,2.701584
20,3000,123.347604,130.638851,16.825887,7.297410,1,-1,-1,-1,0.655613,0.655613,3.234861,2.701584
21,3016,59.898463,69.289219,8.615273,18.613520,1,-1,-1,-1,0.780933,0.780933,6.225018,2.988460
21,3009,63.238935,213.725329,7.858601,15.675909,1,-1,-1,-1,0.657614,0.657614,3.343948,2.701714
21,3006,73.675139,54.369901,8.581560,18.826567,1,-1,-1,-1,0.655120,0.655120,3.200116,2.701574
21,3005,77.394093,217.011705,8.162157,17.108559,1,-1,-1,-1,0.655120,0.655120,3.200116,2.701574
21,3004,77.527566,246.671702,8.622659,18.192018,1,-1,-1,-1,0.655120,0.655120,3.200116,2.701574
21,3003,62.369574,187.608554,8.521120,19.596152,1,-1,-1,-1,0.655120,0.655120,3.200116,2.701574
21,3002,73.289481,25.049203,7.991654,19.018660,1,-1,-1,-1,0.655120,0.655120,3.200116,2.701574
21,3001,150.558714,130.880010,18.501400,7.739980,1,-1,-1,-1,0.655120,0.655120,3.200116,2.701574
21,3000,123.351797,130.636588,16.817018,7.291890,1,-1,-1,-1,0.655120,0.655120,3.200116,2.701574
22,3016,59.445254,61.890561,9.297254,19.693248,1,-1,-1,-1,0.739812,0.739812,5.560040,2.851250
22,3009,63.240628,214.224035,7.856834,15.940636,1,-1,-1,-1,0.656728,0.656728,3.295443,2.701643
22,3006,73.712550,54.547499,8.546527,18.847877,1,-1,-1,-1,0.654721,0.654721,3.169484,2.701568
22,3005,77.369152,216.682509,8.187319,16.918466,1,-1,-1,-1,0.654721,0.654721,3.169484,2.701568
22,3004,77.400913,246.915986,8.666270,18.337292,1,-1,-1,-1,0.654721,0.654721,3.169484,2.701568
22,3003,62.369610,187.609894,8.520822,19.597200,1,-1,-1,-1,0.654721,0.654721,3.169484,2.701568
22,3002,73.289342,25.048553,7.991132,19.016140,1,-1,-1,-1,0.654721,0.654721,3.169484,2.701568
22,3001,150.552795,130.880017,18.500978,7.739967,1,-1,-1,-1,0.654721,0.654721,3.169484,2.701568
22,3000,123.349830,130.638427,16.814201,7.290980,1,-1,-1,-1,0.654721,0.654721,3.169484,2.701568
23,3016,59.765689,53.111468,8.887698,18.441217,1,-1,-1,-1,0.714060,0.714060,5.062690,2.780435
23,3009,63.126225,213.703273,7.856710,15.925112,1,-1,-1,-1,0.656018,0.656018,3.253283,2.701605
23,3006,73.705623,54.399538,8.615120,18.899818,1,-1,-1,-1,0.654397,0.654397,3.142321,2.701565
23,3005,77.400701,218.063796,8.298565,17.395593,1,-1,-1,-1,0.654397,0.654397,3.142321,2.701565
23,3004,77.530769,246.827966,8.608902,18.345565,1,-1,-1,-1,0.654397,0.654397,3.142321,2.701565
23,3003,62.369727,187.608437,8.520507,19.595041,1,-1,-1,-1,0.654397,0.654397,3.142321,2.701565
23,3002,73.294219,25.032252,7.987655,19.007960,1,-1,-1,-1,0.654397,0.654397,3.142321,2.701565
23,3001,150.557173,130.880020,18.500674,7.739959,1,-1,-1,-1,0.654397,0.654397,3.142321,2.701565
23,3000,123.351352,130.639242,16.815132,7.290440,1,-1,-1,-1,0.654397,0.654397,3.142321,2.701565
24,3016,59.713904,44.897996,8.741688,18.201467,1,-1,-1,-1,0.697349,0.697349,4.683127,2.743335
24,3009,63.101753,213.567816,7.852132,15.882906,1,-1,-1,-1,0.655447,0.655447,3.216405,2.701585
24,3006,73.605981,54.317669,8.475598,18.708510,1,-1,-1,-1,0.654134,0.654134,3.118101,2.701564
24,3005,77.342600,218.014082,8.343748,17.537791,1,-1,-1,-1,0.654134,0.654134,3.118101,2.701564
24,3004,77.500522,246.849151,8.635407,18.400146,1,-1,-1,-1,0.654134,0.654134,3.118101,2.701564
24,3003,62.369780,187.610096,8.520377,19.596396,1,-1,-1,-1,0.654134,0.654134,3.118101,2.701564
24,3002,73.298398,25.037377,7.988246,19.008411,1,-1,-1,-1,0.654134,0.654134,3.118101,2.701564
24,3001,150.558895,130.880023,18.500455,7.739955,1,-1,-1,-1,0.654134,0.654134,3.118101,2.701564
24,3000,123.348353,130.643194,16.822636,7.296060,1,-1,-1,-1,0.654134,0.654134,3.118101,2.701564
25,3016,59.641526,36.731177,8.829663,17.748580,1,-1,-1,-1,0.686065,0.686065,4.388218,2.723746
25,3009,63.206300,213.343848,7.813553,15.767562,1,-1,-1,-1,0.654985,0.654985,3.183951,2.701574
25,3006,73.688391,54.406300,8.450943,18.730207,1,-1,-1,-1,0.653921,0.653921,3.096395,2.701563
25,3005,77.366840,217.328805,8.353357,17.374118,1,-1,-1,-1,0.653921,0.653921,3.096395,2.701563
25,3004,77.325356,246.721538,8.737576,18.513062,1,-1,-1,-1,0.653921,0.653921,3.096395,2.701563
25,3003,62.369826,187.617054,8.520280,19.597380,1,-1,-1,-1,0.653921,0.653921,3.096395,2.701563
25,3002,73.293299,25.047630,7.988761,19.011638,1,-1,-1,-1,0.653921,0.653921,3.096395,2.701563
25,3001,150.559584,130.880024,18.500297,7.739952,1,-1,-1,-1,0.653921,0.653921,3.096395,2.701563
25,3000,123.345664,130.640262,16.815497,7.293980,1,-1,-1,-1,0.653921,0.653921,3.096395,2.701563
26,3016,59.246376,28.655506,8.644834,17.904923,1,-1,-1,-1,0.678159,0.678159,4.155461,2.713360
26,3009,63.202275,213.489144,7.814837,15.772800,1,-1,-1,-1,0.654611,0.654611,3.155226,2.701569
26,3006,73.724219,54.351288,8.603327,18.857312,1,-1,-1,-1,0.653747,0.653747,3.076849,2.701563
26,3005,77.443258,217.409944,8.287985,17.357544,1,-1,-1,-1,0.653747,0.653747,3.076849,2.701563
26,3004,77.385380,246.385496,8.772333,18.455547,1,-1,-1,-1,0.653747,0.653747,3.076849,2.701563
26,3003,62.374535,187.621573,8.517400,19.600550,1,-1,-1,-1,0.653747,0.653747,3.076849,2.701563
26,3002,73.294324,25.031033,7.983038,19.001537,1,-1,-1,-1,0.653747,0.653747,3.076849,2.701563
26,3001,150.554929,130.881809,18.503525,7.742919,1,-1,-1,-1,0.653747,0.653747,3.076849,2.701563
26,3000,123.339644,130.642980,16.822794,7.298599,1,-1,-1,-1,0.653747,0.653747,3.076849,2.701563
27,3016,59.115315,19.507011,8.484687,17.883372,1,-1,-1,-1,0.672446,0.672446,3.969193,2.707841
27,3009,63.255485,213.442591,7.797719,15.764869,1,-1,-1,-1,0.654308,0.654308,3.129663,2.701566
27,3006,73.745312,54.475851,8.574515,18.810788,1,-1,-1,-1,0.653605,0.653605,3.059169,2.701562
27,3005,77.456212,217.199477,8.295093,17.230772,1,-1,-1,-1,0.653605,0.653605,3.059169,2.701562
27,3004,77.514828,246.137740,8.723181,18.307418,1,-1,-1,-1,0.653605,0.653605,3.059169,2.701562
27,3003,62.372190,187.612310,8.518032,19.597535,1,-1,-1,-1,0.653605,0.653605,3.059169,2.701562
27,3002,73.297302,25.056825,7.982245,19.011975,1,-1,-1,-1,0.653605,0.653605,3.059169,2.701562
27,3001,150.552837,130.880145,18.505400,7.742183,1,-1,-1,-1,0.653605,0.653605,3.059169,2.701562
27,3000,123.341052,130.641425,16.824746,7.298980,1,-1,-1,-1,0.653605,0.653605,3.059169,2.701562
28,3016,58.914369,10.286671,8.358524,17.754229,1,-1,-1,-1,0.668212,0.668212,3.818265,2.704905
28,3009,63.163808,214.090690,7.812306,15.934237,1,-1,-1,-1,0.654062,0.654062,3.106798,2.701564
28,3006,73.832250,54.397447,8.490516,18.639043,1,-1,-1,-1,0.653490,0.653490,3.043111,2.701562
28,3005,77.489264,216.402744,8.156220,16.864044,1,-1,-1,-1,0.653490,0.653490,3.043111,2.701562
28,3004,77.484201,246.435948,8.687655,18.330737,1,-1,-1,-1,0.653490,0.653490,3.043111,2.701562
28,3003,62.371145,187.611142,8.518571,19.598219,1,-1,-1,-1,0.653490,0.653490,3.043111,2.701562
28,3002,73.294025,25.044195,7.984240,19.008498,1,-1,-1,-1,0.653490,0.653490,3.043111,2.701562
28,3001,150.556427,130.879673,18.503890,7.741572,1,-1,-1,-1,0.653490,0.653490,3.043111,2.701562
28,3000,123.344331,130.639003,16.820029,7.296235,1,-1,-1,-1,0.653490,0.653490,3.043111,2.701562
29,3022,71.664693,-3.082600,10.371121,20.794609,1,-1,-1,-1,0.847083,0.847083,7.132717,3.262201
29,3016,58.570696,1.153872,8.368072,18.087541,1,-1,-1,-1,0.665009,0.665009,3.694582,2.703342
29,3009,63.260604,214.164182,7.816436,16.070296,1,-1,-1,-1,0.653862,0.653862,3.086246,2.701563
29,3006,73.734509,54.401146,8.471535,18.617905,1,-1,-1,-1,0.653396,0.653396,3.028469,2.701562
29,3005,77.545182,217.130088,8.127577,16.954996,1,-1,-1,-1,0.653396,0.653396,3.028469,2.701562
29,3004,77.482357,246.666727,8.667531,18.354123,1,-1,-1,-1,0.653396,0.653396,3.028469,2.701562
29,3003,62.370655,187.610594,8.518963,19.598713,1,-1,-1,-1,0.653396,0.653396,3.028469,2.701562
29,3002,73.297103,25.035472,7.982902,19.008445,1,-1,-1,-1,0.653396,0.653396,3.028469,2.701562
29,3001,150.558054,130.879597,18.502797,7.741129,1,-1,-1,-1,0.653396,0.653396,3.028469,2.701562
29,3000,123.340276,130.642078,16.828854,7.300270,1,-1,-1,-1,0.653396,0.653396,3.028469,2.701562
30,3022,71.786953,-3.674906,10.178062,20.389056,1,-1,-1,-1,0.780933,0.780933,6.225018,2.988460
30,3016,58.239959,-8.608618,8.477506,18.500398,1,-1,-1,-1,0.662548,0.662548,3.592165,2.702510
30,3009,63.290870,213.859035,7.811492,16.039613,1,-1,-1,-1,0.653699,0.653699,3.067692,2.701563
30,3006,73.818232,54.354445,8.405510,18.562802,1,-1,-1,-1,0.653319,0.653319,3.015070,2.701562
30,3005,77.554473,217.502321,8.061936,17.048954,1,-1,-1,-1,0.653319,0.653319,3.015070,2.701562
30,3004,77.427877,246.753276,8.676045,18.390860,1,-1,-1,-1,0.653319,0.653319,3.015070,2.701562
30,3003,62.370402,187.610313,8.519247,19.599071,1,-1,-1,-1,0.653319,0.653319,3.015070,2.701562
30,3002,73.298507,25.032167,7.981935,19.008430,1,-1,-1,-1,0.653319,0.653319,3.015070,2.701562
30,3001,150.554161,130.879612,18.504862,7.740874,1,-1,-1,-1,0.653319,0.653319,3.015070,2.701562
30,3000,123.344965,130.640816,16.826292,7.300123,1,-1,-1,-1,0.653319,0.653319,3.015070,2.701562
31,3022,71.707672,-4.099209,10.315663,20.566356,1,-1,-1,-1,0.739812,0.739812,5.560040,2.851250
31,3016,58.015573,-17.220521,8.463123,18.845204,1,-1,-1,-1,0.660633,0.660633,3.506534,2.702067
31,3009,63.253495,214.226629,7.835208,16.233349,1,-1,-1,-1,0.653566,0.653566,3.050869,2.701562
31,3006,73.867603,54.363556,8.338843,18.573759,1,-1,-1,-1,0.653256,0.653256,3.002767,2.701562
31,3005,77.550653,216.991843,8.057961,16.937461,1,-1,-1,-1,0.653256,0.653256,3.002767,2.701562
31,3004,77.309181,246.939261,8.686092,18.462963,1,-1,-1,-1,0.653256,0.653256,3.002767,2.701562
31,3003,62.372099,187.616517,8.522306,19.599676,1,-1,-1,-1,0.653256,0.653256,3.002767,2.701562
31,3002,73.296354,25.037106,7.986942,19.009157,1,-1,-1,-1,0.653256,0.653256,3.002767,2.701562
31,3001,150.552144,130.881505,18.506725,7.743537,1,-1,-1,-1,0.653256,0.653256,3.002767,2.701562
31,3000,123.344336,130.640287,16.830138,7.300152,1,-1,-1,-1,0.653256,0.653256,3.002767,2.701562
32,3016,57.875434,-26.458045,8.433521,19.046081,1,-1,-1,-1,0.659128,0.659128,3.434287,2.701831
32,3009,63.265567,213.556194,7.843735,16.097658,1,-1,-1,-1,0.653458,0.653458,3.035556,2.701562
32,3006,73.908303,54.439415,8.315236,18.551462,1,-1,-1,-1,0.653205,0.653205,2.991436,2.701562
32,3005,77.620157,217.429437,8.064612,17.095345,1,-1,-1,-1,0.653205,0.653205,2.991436,2.701562
32,3004,77.539458,246.761468,8.629822,18.344758,1,-1,-1,-1,0.653205,0.653205,2.991436,2.701562
32,3003,62.370399,187.610572,8.521619,19.596914,1,-1,-1,-1,0.653205,0.653205,2.991436,2.701562
32,3002,73.292822,25.039064,7.987738,19.009311,1,-1,-1,-1,0.653205,0.653205,2.991436,2.701562
32,3001,150.549403,130.879947,18.504861,7.742561,1,-1,-1,-1,0.653205,0.653205,2.991436,2.701562
32,3000,123.351123,130.638330,16.824063,7.297133,1,-1,-1,-1,0.653205,0.653205,2.991436,2.701562
33,3016,57.919040,-33.337830,8.417009,19.247900,1,-1,-1,-1,0.657936,0.657936,3.372813,2.701705
33,3009,63.325707,213.451565,7.827152,16.020774,1,-1,-1,-1,0.653370,0.653370,3.021566,2.701562
33,3006,73.995393,54.442521,8.280335,18.496879,1,-1,-1,-1,0.653163,0.653163,2.980969,2.701562
33,3005,77.511575,217.771067,8.199574,17.307395,1,-1,-1,-1,0.653163,0.653163,2.980969,2.701562
33,3004,77.702089,246.022592,8.504184,18.001131,1,-1,-1,-1,0.653163,0.653163,2.980969,2.701562
33,3003,62.371682,187.610480,8.524024,19.598072,1,-1,-1,-1,0.653163,0.653163,2.980969,2.701562
33,3002,73.291316,25.048166,7.988377,19.012265,1,-1,-1,-1,0.653163,0.653163,2.980969,2.701562
33,3001,150.555229,130.879520,18.503507,7.741852,1,-1,-1,-1,0.653163,0.653163,2.980969,2.701562
33,3000,123.345197,130.639893,16.825671,7.297910,1,-1,-1,-1,0.653163,0.653163,2.980969,2.701562
34,3009,63.314028,213.402662,7.817652,15.959154,1,-1,-1,-1,0.653298,0.653298,3.008740,2.701562
34,3006,73.853742,54.465681,8.328644,18.458609,1,-1,-1,-1,0.653129,0.653129,2.971273,2.701562
34,3005,77.583334,217.516860,8.076675,17.264743,1,-1,-1,-1,0.653129,0.653129,2.971273,2.701562
34,3004,77.557740,246.608048,8.574228,18.138700,1,-1,-1,-1,0.653129,0.653129,2.971273,2.701562
34,3003,62.369901,187.610420,8.522934,19.598587,1,-1,-1,-1,0.653129,0.653129,2.971273,2.701562
34,3002,73.290643,25.051099,7.988840,19.014413,1,-1,-1,-1,0.653129,0.653129,2.971273,2.701562
34,3001,150.551154,130.879479,18.502525,7.741337,1,-1,-1,-1,0.653129,0.653129,2.971273,2.701562
34,3000,123.342657,130.640356,16.826841,7.298474,1,-1,-1,-1,0.653129,0.653129,2.971273,2.701562
35,3009,63.231553,213.843602,7.839037,16.114991,1,-1,-1,-1,0.653239,0.653239,2.996944,2.701562
35,3006,73.764736,54.472820,8.377909,18.552213,1,-1,-1,-1,0.653101,0.653101,2.962268,2.701562
35,3005,77.442243,217.848827,8.196597,17.453019,1,-1,-1,-1,0.653101,0.653101,2.962268,2.701562
35,3004,77.349250,246.890406,8.620329,18.282095,1,-1,-1,-1,0.653101,0.653101,2.962268,2.701562
35,3003,62.369410,187.616847,8.522140,19.598965,1,-1,-1,-1,0.653101,0.653101,2.962268,2.701562
35,3002,73.296876,25.036897,7.989120,19.013142,1,-1,-1,-1,0.653101,0.653101,2.962268,2.701562
35,3001,150.556315,130.879555,18.501811,7.740963,1,-1,-1,-1,0.653101,0.653101,2.962268,2.701562
35,3000,123.341490,130.640433,16.827691,7.298885,1,-1,-1,-1,0.653101,0.653101,2.962268,2.701562
36,3009,63.236081,213.832806,7.807988,16.110822,1,-1,-1,-1,0.653191,0.653191,2.986061,2.701562
36,3006,73.870419,54.374647,8.353007,18.378217,1,-1,-1,-1,0.653078,0.653078,2.953887,2.701562
36,3005,77.453540,217.176910,8.223357,17.255994,1,-1,-1,-1,0.653078,0.653078,2.953887,2.701562
36,3004,77.545065,246.857627,8.623816,18.334755,1,-1,-1,-1,0.653078,0.653078,2.953887,2.701562
36,3003,62.369391,187.610838,8.521507,19.596415,1,-1,-1,-1,0.653078,0.653078,2.953887,2.701562
36,3002,73.299195,25.031711,7.989327,19.012218,1,-1,-1,-1,0.653078,0.653078,2.953887,2.701562
36,3001,150.558404,130.879650,18.501293,7.740691,1,-1,-1,-1,0.653078,0.653078,2.953887,2.701562
36,3000,123.345582,130.640416,16.825482,7.299129,1,-1,-1,-1,0.653078,0.653078,2.953887,2.701562
37,3009,63.293761,213.361935,7.769309,16.013019,1,-1,-1,-1,0.653151,0.653151,2.975994,2.701562
37,3006,73.846900,54.380397,8.510187,18.559632,1,-1,-1,-1,0.653059,0.653059,2.946067,2.701562
37,3005,77.403427,217.530784,8.283674,17.358685,1,-1,-1,-1,0.653059,0.653059,2.946067,2.701562
37,3004,77.532450,247.122990,8.708043,18.489437,1,-1,-1,-1,0.653059,0.653059,2.946067,2.701562
37,3003,62.369468,187.610852,8.521101,19.597386,1,-1,-1,-1,0.653059,0.653059,2.946067,2.701562
37,3002,73.300001,25.038305,7.989530,19.014370,1,-1,-1,-1,0.653059,0.653059,2.946067,2.701562
37,3001,150.554606,130.879709,18.503741,7.740544,1,-1,-1,-1,0.653059,0.653059,2.946067,2.701562
37,3000,123.342844,130.640337,16.826699,7.299363,1,-1,-1,-1,0.653059,0.653059,2.946067,2.701562
38,3009,63.249700,213.747879,7.775551,16.096820,1,-1,-1,-1,0.653119,0.653119,2.966657,2.701562
38,3006,73.753285,54.551083,8.464657,18.618769,1,-1,-1,-1,0.653044,0.653044,2.938756,2.701562
38,3005,77.450412,216.845352,8.187709,17.129794,1,-1,-1,-1,0.653044,0.653044,2.938756,2.701562
38,3004,77.460862,246.596802,8.723083,18.434499,1,-1,-1,-1,0.653044,0.653044,2.938756,2.701562
38,3003,62.369572,187.610698,8.520805,19.598095,1,-1,-1,-1,0.653044,0.653044,2.938756,2.701562
38,3002,73.293726,25.046980,7.989676,19.015937,1,-1,-1,-1,0.653044,0.653044,2.938756,2.701562
38,3001,150.552735,130.879760,18.505523,7.740435,1,-1,-1,-1,0.653044,0.653044,2.938756,2.701562
38,3000,123.338633,130.642067,16.833503,7.302457,1,-1,-1,-1,0.653044,0.653044,2.938756,2.701562
39,3009,63.236535,213.266138,7.790413,15.970464,1,-1,-1,-1,0.653093,0.653093,2.957975,2.701562
39,3006,73.676866,54.425166,8.424511,18.598019,1,-1,-1,-1,0.653031,0.653031,2.931907,2.701562
39,3005,77.550297,215.621746,8.111408,16.566850,1,-1,-1,-1,0.653031,0.653031,2.931907,2.701562
39,3004,77.681060,244.343643,8.468909,17.718604,1,-1,-1,-1,0.653031,0.653031,2.931907,2.701562
39,3003,62.369666,187.610523,8.520588,19.598612,1,-1,-1,-1,0.653031,0.653031,2.931907,2.701562
39,3002,73.297890,25.033215,7.989685,19.011443,1,-1,-1,-1,0.653031,0.653031,2.931907,2.701562
39,3001,150.551718,130.879801,18.506819,7.740354,1,-1,-1,-1,0.653031,0.653031,2.931907,2.701562
39,3000,123.338811,130.640375,16.832539,7.301786,1,-1,-1,-1,0.653031,0.653031,2.931907,2.701562
40,3009,63.203837,214.443209,7.845096,16.319527,1,-1,-1,-1,0.653071,0.653071,2.949883,2.701562
40,3006,73.820419,54.258946,8.384628,18.375955,1,-1,-1,-1,0.653021,0.653021,2.925479,2.701562
40,3005,77.418483,217.061478,8.245572,16.894090,1,-1,-1,-1,0.653021,0.653021,2.925479,2.701562
40,3004,77.442291,246.134186,8.553252,18.058604,1,-1,-1,-1,0.653021,0.653021,2.925479,2.701562
40,3003,62.369743,187.610374,8.520430,19.598989,1,-1,-1,-1,0.653021,0.653021,2.925479,2.701562
40,3002,73.292911,25.030626,7.989742,19.010986,1,-1,-1,-1,0.653021,0.653021,2.925479,2.701562
40,3001,150.549117,130.881715,18.505219,7.743058,1,-1,-1,-1,0.653021,0.653021,2.925479,2.701562
40,3000,123.346537,130.639914,16.823398,7.301152,1,-1,-1,-1,0.653021,0.653021,2.925479,2.701562
41,3009,63.175096,213.662723,7.813799,16.182674,1,-1,-1,-1,0.653054,0.653054,2.942326,2.701562
41,3006,73.922898,54.532307,8.332748,18.422708,1,-1,-1,-1,0.653013,0.653013,2.919436,2.701562
41,3005,77.494015,217.382943,8.202031,16.979164,1,-1,-1,-1,0.653013,0.653013,2.919436,2.701562
41,3004,77.545144,246.675767,8.603137,18.179706,1,-1,-1,-1,0.653013,0.653013,2.919436,2.701562
41,3003,62.369802,187.610258,8.520315,19.599265,1,-1,-1,-1,0.653013,0.653013,2.919436,2.701562
41,3002,73.291008,25.029748,7.989785,19.010656,1,-1,-1,-1,0.653013,0.653013,2.919436,2.701562
41,3001,150.550416,130.880084,18.506588,7.742264,1,-1,-1,-1,0.653013,0.653013,2.919436,2.701562
41,3000,123.345315,130.641608,16.828239,7.303696,1,-1,-1,-1,0.653013,0.653013,2.919436,2.701562
42,3009,63.150974,213.844848,7.835176,16.221814,1,-1,-1,-1,0.653040,0.653040,2.935253,2.701562
42,3006,73.867208,54.509089,8.377975,18.538557,1,-1,-1,-1,0.653006,0.653006,2.913746,2.701562
42,3005,77.443253,217.246632,8.194207,16.986275,1,-1,-1,-1,0.653006,0.653006,2.913746,2.701562
42,3004,77.428586,247.061482,8.626670,18.329798,1,-1,-1,-1,0.653006,0.653006,2.913746,2.701562
42,3003,62.369870,187.608310,8.520185,19.596657,1,-1,-1,-1,0.653006,0.653006,2.913746,2.701562
42,3002,73.296816,25.029501,7.989817,19.010416,1,-1,-1,-1,0.653006,0.653006,2.913746,2.701562
42,3001,150.548820,130.879621,18.504778,7.741639,1,-1,-1,-1,0.653006,0.653006,2.913746,2.701562
42,3000,123.345195,130.631620,16.822847,7.299792,1,-1,-1,-1,0.653006,0.653006,2.913746,2.701562
43,3009,63.160714,213.764553,7.832074,16.155277,1,-1,-1,-1,0.653028,0.653028,2.928621,2.701562
43,3006,73.810774,54.472030,8.406618,18.560361,1,-1,-1,-1,0.653000,0.653000,2.908379,2.701562
43,3005,77.350907,217.808195,8.304728,17.250455,1,-1,-1,-1,0.653000,0.653000,2.908379,2.701562
43,3004,77.290328,247.078001,8.712740,18.415516,1,-1,-1,-1,0.653000,0.653000,2.908379,2.701562
43,3003,62.369897,187.609897,8.520137,19.597565,1,-1,-1,-1,0.653000,0.653000,2.908379,2.701562
43,3002,73.299018,25.036007,7.989841,19.010243,1,-1,-1,-1,0.653000,0.653000,2.908379,2.701562
43,3001,150.555070,130.879553,18.503460,7.741185,1,-1,-1,-1,0.653000,0.653000,2.908379,2.701562
43,3000,123.341413,130.635021,16.821736,7.296996,1,-1,-1,-1,0.653000,0.653000,2.908379,2.701562
44,3009,63.186138,213.372202,7.840125,16.041691,1,-1,-1,-1,0.653018,0.653018,2.922392,2.701562
44,3006,73.808002,54.502575,8.353979,18.531330,1,-1,-1,-1,0.652996,0.652996,2.903309,2.701562
44,3005,77.282559,217.263251,8.341702,17.154105,1,-1,-1,-1,0.652996,0.652996,2.903309,2.701562
44,3004,77.389576,246.419893,8.795271,18.323203,1,-1,-1,-1,0.652996,0.652996,2.903309,2.701562
44,3003,62.369918,187.610352,8.520101,19.598226,1,-1,-1,-1,0.652996,0.652996,2.903309,2.701562
44,3002,73.299819,25.040390,7.989902,19.012920,1,-1,-1,-1,0.652996,0.652996,2.903309,2.701562
44,3001,150.551149,130.879607,18.502500,7.740854,1,-1,-1,-1,0.652996,0.652996,2.903309,2.701562
44,3000,123.346587,130.638684,16.821169,7.297765,1,-1,-1,-1,0.652996,0.652996,2.903309,2.701562
45,3009,63.208299,213.533067,7.857636,16.011213,1,-1,-1,-1,0.653010,0.653010,2.916530,2.701562
45,3006,73.831153,54.540632,8.331428,18.610795,1,-1,-1,-1,0.652992,0.652992,2.898514,2.701562
45,3005,77.212749,217.982388,8.437430,17.483082,1,-1,-1,-1,0.652992,0.652992,2.898514,2.701562
45,3004,77.583611,243.180916,8.854034,17.401529,1,-1,-1,-1,0.652992,0.652992,2.898514,2.701562
45,3003,62.369955,187.608550,8.520033,19.595908,1,-1,-1,-1,0.652992,0.652992,2.898514,2.701562
45,3002,73.295455,25.046133,7.992703,19.012305,1,-1,-1,-1,0.652992,0.652992,2.898514,2.701562
45,3001,150.549830,130.879687,18.501801,7.740614,1,-1,-1,-1,0.652992,0.652992,2.898514,2.701562
45,3000,123.348770,130.638086,16.820531,7.295526,1,-1,-1,-1,0.652992,0.652992,2.898514,2.701562
46,3009,63.171097,213.517577,7.844593,15.956306,1,-1,-1,-1,0.653004,0.653004,2.911006,2.701562
46,3006,73.826365,54.446597,8.363265,18.544011,1,-1,-1,-1,0.652989,0.652989,2.893973,2.701562
46,3005,77.293749,217.451854,8.383505,17.383966,1,-1,-1,-1,0.652989,0.652989,2.893973,2.701562
46,3004,77.389473,245.826635,8.934752,17.845710,1,-1,-1,-1,0.652989,0.652989,2.893973,2.701562
46,3003,62.369961,187.610144,8.520026,19.597018,1,-1,-1,-1,0.652989,0.652989,2.893973,2.701562
46,3002,73.291413,25.050388,7.991988,19.014418,1,-1,-1,-1,0.652989,0.652989,2.893973,2.701562
46,3001,150.551328,130.879741,18.504090,7.740479,1,-1,-1,-1,0.652989,0.652989,2.893973,2.701562
46,3000,123.354365,130.638275,16.817278,7.293856,1,-1,-1,-1,0.652989,0.652989,2.893973,2.701562
47,3009,63.156490,213.307272,7.840707,15.924937,1,-1,-1,-1,0.652999,0.652999,2.905791,2.701562
47,3006,73.927029,54.477511,8.372912,18.528728,1,-1,-1,-1,0.652986,0.652986,2.889667,2.701562
47,3005,77.195631,217.100456,8.399294,17.231080,1,-1,-1,-1,0.652986,0.652986,2.889667,2.701562
47,3004,77.396832,246.374854,8.991849,17.974181,1,-1,-1,-1,0.652986,0.652986,2.889667,2.701562
47,3003,62.369987,187.608697,8.519980,19.595032,1,-1,-1,-1,0.652986,0.652986,2.889667,2.701562
47,3002,73.296556,25.036675,7.991425,19.013164,1,-1,-1,-1,0.652986,0.652986,2.889667,2.701562
47,3001,150.551507,130.879787,18.505758,7.740379,1,-1,-1,-1,0.652986,0.652986,2.889667,2.701562
47,3000,123.347606,130.640472,16.820726,7.295521,1,-1,-1,-1,0.652986,0.652986,2.889667,2.701562
48,3009,63.240644,213.631294,7.797234,15.979137,1,-1,-1,-1,0.652994,0.652994,2.900863,2.701562
48,3006,73.872421,54.460890,8.542412,18.697206,1,-1,-1,-1,0.652984,0.652984,2.885579,2.701562
48,3005,77.286622,216.904012,8.371373,17.122329,1,-1,-1,-1,0.652984,0.652984,2.885579,2.701562
48,3004,77.307789,246.695127,8.863866,18.107205,1,-1,-1,-1,0.652984,0.652984,2.885579,2.701562
48,3003,62.370005,187.608502,8.519948,19.593586,1,-1,-1,-1,0.652984,0.652984,2.885579,2.701562
48,3002,73.298608,25.031669,7.991016,19.012251,1,-1,-1,-1,0.652984,0.652984,2.885579,2.701562
48,3001,150.555949,130.879843,18.504179,7.740267,1,-1,-1,-1,0.652984,0.652984,2.885579,2.701562
48,3000,123.345459,130.639212,16.814646,7.293821,1,-1,-1,-1,0.652984,0.652984,2.885579,2.701562
49,3009,63.206489,213.227646,7.808597,15.921509,1,-1,-1,-1,0.652991,0.652991,2.896198,2.701562
49,3006,73.695795,54.233222,8.480425,18.511493,1,-1,-1,-1,0.652983,0.652983,2.881694,2.701562
49,3005,77.455127,216.447059,8.250160,16.809164,1,-1,-1,-1,0.652983,0.652983,2.881694,2.701562
49,3004,77.437027,246.233606,8.867926,18.055619,1,-1,-1,-1,0.652983,0.652983,2.881694,2.701562
49,3003,62.369999,187.610562,8.519965,19.595324,1,-1,-1,-1,0.652983,0.652983,2.881694,2.701562
49,3002,73.292921,25.043000,7.990718,19.011587,1,-1,-1,-1,0.652983,0.652983,2.881694,2.701562
49,3001,150.551378,130.879885,18.503028,7.740186,1,-1,-1,-1,0.652983,0.652983,2.881694,2.701562
49,3000,123.345706,130.639031,16.810223,7.292587,1,-1,-1,-1,0.652983,0.652983,2.881694,2.701562
50,3009,63.214574,213.753782,7.836105,16.020881,1,-1,-1,-1,0.652988,0.652988,2.891778,2.701562
50,3006,73.627665,54.348407,8.458919,18.540965,1,-1,-1,-1,0.652981,0.652981,2.877997,2.701562
50,3005,77.481919,217.157222,8.187091,16.944600,1,-1,-1,-1,0.652981,0.652981,2.877997,2.701562
50,3004,77.453917,246.402601,8.777255,18.097184,1,-1,-1,-1,0.652981,0.652981,2.877997,2.701562
50,3003,62.369995,187.611049,8.519976,19.596592,1,-1,-1,-1,0.652981,0.652981,2.877997,2.701562
50,3002,73.290792,25.049294,7.990539,19.013894,1,-1,-1,-1,0.652981,0.652981,2.877997,2.701562
50,3001,150.556371,130.879916,18.502189,7.740127,1,-1,-1,-1,0.652981,0.652981,2.877997,2.701562
50,3000,123.347325,130.642844,16.818585,7.297427,1,-1,-1,-1,0.652981,0.652981,2.877997,2.701562
51,3009,63.266699,213.816915,7.826827,16.035214,1,-1,-1,-1,0.652986,0.652986,2.887583,2.701562
51,3006,73.768642,54.403920,8.411684,18.497017,1,-1,-1,-1,0.652980,0.652980,2.874476,2.701562
51,3005,77.297368,217.869807,8.421661,17.315054,1,-1,-1,-1,0.652980,0.652980,2.874476,2.701562
51,3004,77.774550,243.594359,8.636565,17.229865,1,-1,-1,-1,0.652980,0.652980,2.874476,2.701562
51,3003,62.369992,187.617544,8.519985,19.597517,1,-1,-1,-1,0.652980,0.652980,2.874476,2.701562
51,3002,73.294702,25.036431,7.987583,19.012584,1,-1,-1,-1,0.652980,0.652980,2.874476,2.701562
51,3001,150.551883,130.879940,18.501578,7.740084,1,-1,-1,-1,0.652980,0.652980,2.874476,2.701562
51,3000,123.347515,130.641634,16.816100,7.298049,1,-1,-1,-1,0.652980,0.652980,2.874476,2.701562
52,3009,63.197927,213.629383,7.810896,15.994869,1,-1,-1,-1,0.652984,0.652984,2.883599,2.701562
52,3006,73.774175,54.517064,8.392431,18.551328,1,-1,-1,-1,0.652979,0.652979,2.871119,2.701562
52,3005,77.232108,218.312188,8.422637,17.554307,1,-1,-1,-1,0.652979,0.652979,2.871119,2.701562
52,3004,77.642893,245.590074,8.651666,17.451577,1,-1,-1,-1,0.652979,0.652979,2.871119,2.701562
52,3003,62.369991,187.613309,8.519991,19.598192,1,-1,-1,-1,0.652979,0.652979,2.871119,2.701562
52,3002,73.292036,25.040059,7.988251,19.014624,1,-1,-1,-1,0.652979,0.652979,2.871119,2.701562
52,3001,150.556814,130.879957,18.501133,7.740054,1,-1,-1,-1,0.652979,0.652979,2.871119,2.701562
52,3000,123.349990,130.639166,16.816882,7.295755,1,-1,-1,-1,0.652979,0.652979,2.871119,2.701562
53,3009,63.309167,213.353325,7.804298,15.920687,1,-1,-1,-1,0.652982,0.652982,2.879810,2.701562
53,3006,73.806701,54.628990,8.350612,18.597198,1,-1,-1,-1,0.652978,0.652978,2.867916,2.701562
53,3005,77.365753,217.109662,8.367645,17.252363,1,-1,-1,-1,0.652978,0.652978,2.867916,2.701562
53,3004,77.548842,246.573810,8.685589,17.755204,1,-1,-1,-1,0.652978,0.652978,2.867916,2.701562
53,3003,62.369990,187.618099,8.519995,19.598684,1,-1,-1,-1,0.652978,0.652978,2.867916,2.701562
53,3002,73.290932,25.032682,7.988703,19.013325,1,-1,-1,-1,0.652978,0.652978,2.867916,2.701562
53,3001,150.554108,130.879952,18.503593,7.740066,1,-1,-1,-1,0.652978,0.652978,2.867916,2.701562
53,3000,123.348916,130.638644,16.814675,7.294049,1,-1,-1,-1,0.652978,0.652978,2.867916,2.701562
54,3009,63.257629,213.802576,7.767191,15.956164,1,-1,-1,-1,0.652981,0.652981,2.876203,2.701562
54,3006,73.806647,54.473077,8.516438,18.729786,1,-1,-1,-1,0.652978,0.652978,2.864857,2.701562
54,3005,77.274230,217.788294,8.461710,17.527858,1,-1,-1,-1,0.652978,0.652978,2.864857,2.701562
54,3004,77.500286,246.902946,8.638814,17.966825,1,-1,-1,-1,0.652978,0.652978,2.864857,2.701562
54,3003,62.369990,187.613288,8.519997,19.599043,1,-1,-1,-1,0.652978,0.652978,2.864857,2.701562
54,3002,73.295102,25.030210,7.986250,19.012185,1,-1,-1,-1,0.652978,0.652978,2.864857,2.701562
54,3001,150.557302,130.879966,18.502603,7.740040,1,-1,-1,-1,0.652978,0.652978,2.864857,2.701562
54,3000,123.347785,130.642440,16.821808,7.298482,1,-1,-1,-1,0.652978,0.652978,2.864857,2.701562
55,3009,63.292863,213.785231,7.793404,16.008330,1,-1,-1,-1,0.652980,0.652980,2.872767,2.701562
55,3006,73.713070,54.486064,8.629294,18.856795,1,-1,-1,-1,0.652977,0.652977,2.861934,2.701562
55,3005,77.256210,217.645211,8.463914,17.544748,1,-1,-1,-1,0.652977,0.652977,2.861934,2.701562
55,3004,77.637492,246.755426,8.597104,18.072467,1,-1,-1,-1,0.652977,0.652977,2.861934,2.701562
55,3003,62.370007,187.609510,8.519965,19.596522,1,-1,-1,-1,0.652977,0.652977,2.861934,2.701562
55,3002,73.298996,25.035925,7.987245,19.011551,1,-1,-1,-1,0.652977,0.652977,2.861934,2.701562
55,3001,150.554026,130.879960,18.504663,7.740055,1,-1,-1,-1,0.652977,0.652977,2.861934,2.701562
55,3000,123.351950,130.637555,16.815322,7.293227,1,-1,-1,-1,0.652977,0.652977,2.861934,2.701562
56,3009,63.107229,214.925705,7.881260,16.398850,1,-1,-1,-1,0.652979,0.652979,2.869489,2.701562
56,3006,73.621986,54.389454,8.567519,18.793861,1,-1,-1,-1,0.652977,0.652977,2.859137,2.701562
56,3005,77.196530,217.303654,8.472624,17.436705,1,-1,-1,-1,0.652977,0.652977,2.859137,2.701562
56,3004,77.478457,246.655831,8.572498,18.175542,1,-1,-1,-1,0.652977,0.652977,2.859137,2.701562
56,3003,62.370003,187.610392,8.519976,19.597466,1,-1,-1,-1,0.652977,0.652977,2.859137,2.701562
56,3002,73.298422,25.031788,7.985190,19.010901,1,-1,-1,-1,0.652977,0.652977,2.859137,2.701562
56,3001,150.557071,130.879973,18.503384,7.740032,1,-1,-1,-1,0.652977,0.652977,2.859137,2.701562
56,3000,123.351784,130.638457,16.816339,7.292248,1,-1,-1,-1,0.652977,0.652977,2.859137,2.701562
57,3009,63.151570,213.930816,7.828709,16.239501,1,-1,-1,-1,0.652978,0.652978,2.866359,2.701562
57,3006,73.701958,54.438341,8.511068,18.722262,1,-1,-1,-1,0.652977,0.652977,2.856459,2.701562
57,3005,77.333791,217.591427,8.509030,17.538740,1,-1,-1,-1,0.652977,0.652977,2.856459,2.701562
57,3004,77.536150,246.787347,8.529459,18.257509,1,-1,-1,-1,0.652977,0.652977,2.856459,2.701562
57,3003,62.369999,187.610569,8.519984,19.598154,1,-1,-1,-1,0.652977,0.652977,2.856459,2.701562
57,3002,73.286451,25.044904,7.994843,19.013956,1,-1,-1,-1,0.652977,0.652977,2.856459,2.701562
57,3001,150.551915,130.879982,18.502452,7.740016,1,-1,-1,-1,0.652977,0.652977,2.856459,2.701562
57,3000,123.351442,130.640857,16.817267,7.294314,1,-1,-1,-1,0.652977,0.652977,2.856459,2.701562
58,3009,63.179938,213.634971,7.851467,16.180873,1,-1,-1,-1,0.652978,0.652978,2.863370,2.701562
58,3006,73.714216,54.385358,8.624243,18.805314,1,-1,-1,-1,0.652976,0.652976,2.853893,2.701562
58,3005,77.231859,218.111468,8.563289,17.747430,1,-1,-1,-1,0.652976,0.652976,2.853893,2.701562
58,3004,77.493457,246.766520,8.544847,18.302348,1,-1,-1,-1,0.652976,0.652976,2.853893,2.701562
58,3003,62.369997,187.610520,8.519990,19.598656,1,-1,-1,-1,0.652976,0.652976,2.853893,2.701562
58,3002,73.294202,25.041228,7.993514,19.012839,1,-1,-1,-1,0.652976,0.652976,2.853893,2.701562
58,3001,150.551995,130.879973,18.504549,7.740036,1,-1,-1,-1,0.652976,0.652976,2.853893,2.701562
58,3000,123.355884,130.639551,16.814989,7.293012,1,-1,-1,-1,0.652976,0.652976,2.853893,2.701562
59,3009,63.245138,213.816035,7.829879,16.205792,1,-1,-1,-1,0.652977,0.652977,2.860511,2.701562
59,3006,73.657879,54.416474,8.567242,18.819073,1,-1,-1,-1,0.652976,0.652976,2.851434,2.701562
59,3005,77.240508,217.705888,8.554247,17.677376,1,-1,-1,-1,0.652976,0.652976,2.851434,2.701562
59,3004,77.540850,246.749251,8.547965,18.353730,1,-1,-1,-1,0.652976,0.652976,2.851434,2.701562
59,3003,62.369996,187.610415,8.519994,19.599023,1,-1,-1,-1,0.652976,0.652976,2.851434,2.701562
59,3002,73.297384,25.033480,7.992545,19.012025,1,-1,-1,-1,0.652976,0.652976,2.851434,2.701562
59,3001,150.556318,130.873453,18.503302,7.740019,1,-1,-1,-1,0.652976,0.652976,2.851434,2.701562
59,3000,123.351423,130.639283,16.813334,7.292065,1,-1,-1,-1,0.652976,0.652976,2.851434,2.701562
60,3009,63.218245,213.613866,7.807413,16.118202,1,-1,-1,-1,0.652977,0.652977,2.857774,2.701562
60,3006,73.701139,54.356715,8.507779,18.660300,1,-1,-1,-1,0.652976,0.652976,2.849075,2.701562
60,3005,77.283113,217.745669,8.498299,17.690038,1,-1,-1,-1,0.652976,0.652976,2.849075,2.701562
60,3004,77.474505,246.374874,8.587588,18.249853,1,-1,-1,-1,0.652976,0.652976,2.849075,2.701562
60,3003,62.371872,187.616758,8.522772,19.599460,1,-1,-1,-1,0.652976,0.652976,2.849075,2.701562
60,3002,73.298768,25.028804,7.991807,19.008657,1,-1,-1,-1,0.652976,0.652976,2.849075,2.701562
60,3001,150.553524,130.877504,18.505168,7.740037,1,-1,-1,-1,0.652976,0.652976,2.849075,2.701562
60,3000,123.348933,130.643057,16.820809,7.297025,1,-1,-1,-1,0.652976,0.652976,2.849075,2.701562
61,3009,63.272701,213.489476,7.793519,16.037539,1,-1,-1,-1,0.652977,0.652977,2.855154,2.701562
61,3006,73.825185,54.437825,8.433495,18.529575,1,-1,-1,-1,0.652976,0.652976,2.846809,2.701562
61,3005,77.317956,217.156566,8.439680,17.496855,1,-1,-1,-1,0.652976,0.652976,2.846809,2.701562
61,3004,77.600742,246.423579,8.580852,18.237914,1,-1,-1,-1,0.652976,0.652976,2.846809,2.701562
61,3003,62.370218,187.612639,8.522024,19.599606,1,-1,-1,-1,0.652976,0.652976,2.846809,2.701562
61,3002,73.299393,25.029518,7.991301,19.008977,1,-1,-1,-1,0.652976,0.652976,2.846809,2.701562
61,3001,150.550255,130.879067,18.503754,7.740020,1,-1,-1,-1,0.652976,0.652976,2.846809,2.701562
61,3000,123.354280,130.639914,16.817589,7.294997,1,-1,-1,-1,0.652976,0.652976,2.846809,2.701562
62,3009,63.286501,213.415338,7.788843,15.984504,1,-1,-1,-1,0.652976,0.652976,2.852643,2.701562
62,3006,73.798227,54.480971,8.416266,18.553619,1,-1,-1,-1,0.652976,0.652976,2.844634,2.701562
62,3005,77.348930,216.821015,8.368771,17.254909,1,-1,-1,-1,0.652976,0.652976,2.844634,2.701562
62,3004,77.671487,246.737831,8.571928,18.333281,1,-1,-1,-1,0.652976,0.652976,2.844634,2.701562
62,3003,62.369730,187.609159,8.521446,19.596940,1,-1,-1,-1,0.652976,0.652976,2.844634,2.701562
62,3002,73.299704,25.029762,7.990932,19.009211,1,-1,-1,-1,0.652976,0.652976,2.844634,2.701562
62,3001,150.555795,130.879667,18.502723,7.740007,1,-1,-1,-1,0.652976,0.652976,2.844634,2.701562
62,3000,123.347477,130.640915,16.820957,7.296355,1,-1,-1,-1,0.652976,0.652976,2.844634,2.701562
63,3009,63.218512,213.696051,7.802662,16.002353,1,-1,-1,-1,0.652976,0.652976,2.850234,2.701562
63,3006,73.962324,54.615167,8.348174,18.562383,1,-1,-1,-1,0.652976,0.652976,2.842542,2.701562
63,3005,77.251425,216.997808,8.397038,17.217058,1,-1,-1,-1,0.652976,0.652976,2.842542,2.701562
63,3004,77.575605,246.591319,8.611108,18.311687,1,-1,-1,-1,0.652976,0.652976,2.842542,2.701562
63,3003,62.371507,187.616633,8.523829,19.597932,1,-1,-1,-1,0.652976,0.652976,2.842542,2.701562
63,3002,73.293342,25.029839,7.990663,19.009383,1,-1,-1,-1,0.652976,0.652976,2.842542,2.701562
63,3001,150.551552,130.879897,18.501970,7.739998,1,-1,-1,-1,0.652976,0.652976,2.842542,2.701562
63,3000,123.348949,130.641072,16.820641,7.297314,1,-1,-1,-1,0.652976,0.652976,2.842542,2.701562
64,3009,63.182897,213.734112,7.820863,16.004545,1,-1,-1,-1,0.652976,0.652976,2.847923,2.701562
64,3006,73.951515,54.563376,8.298362,18.555339,1,-1,-1,-1,0.652975,0.652975,2.840531,2.701562
64,3005,77.252465,217.387726,8.377506,17.292104,1,-1,-1,-1,0.652975,0.652975,2.840531,2.701562
64,3004,77.451377,246.945756,8.677109,18.401703,1,-1,-1,-1,0.652975,0.652975,2.840531,2.701562
64,3003,62.369883,187.612849,8.522794,19.598490,1,-1,-1,-1,0.652975,0.652975,2.840531,2.701562
64,3002,73.290970,25.042919,7.990467,19.009510,1,-1,-1,-1,0.652975,0.652975,2.840531,2.701562
64,3001,150.550074,130.879985,18.501422,7.739992,1,-1,-1,-1,0.652975,0.652975,2.840531,2.701562
64,3000,123.344913,130.640943,16.823181,7.298045,1,-1,-1,-1,0.652975,0.652975,2.840531,2.701562
65,3009,63.252508,213.936126,7.818383,16.068559,1,-1,-1,-1,0.652976,0.652976,2.845704,2.701562
65,3006,73.898759,54.490193,8.284643,18.587242,1,-1,-1,-1,0.652975,0.652975,2.838596,2.701562
65,3005,77.168747,217.706362,8.506095,17.444709,1,-1,-1,-1,0.652975,0.652975,2.838596,2.701562
65,3004,77.553223,246.502588,8.573992,18.321876,1,-1,-1,-1,0.652975,0.652975,2.838596,2.701562
65,3003,62.369442,187.617835,8.522040,19.598898,1,-1,-1,-1,0.652975,0.652975,2.838596,2.701562
65,3002,73.296643,25.034806,7.990324,19.009603,1,-1,-1,-1,0.652975,0.652975,2.838596,2.701562
65,3001,150.556150,130.880018,18.501022,7.739988,1,-1,-1,-1,0.652975,0.652975,2.838596,2.701562
65,3000,123.341136,130.638896,16.822108,7.295777,1,-1,-1,-1,0.652975,0.652975,2.838596,2.701562
66,3009,63.198912,213.532057,7.801238,15.990038,1,-1,-1,-1,0.652976,0.652976,2.843571,2.701562
66,3006,73.805403,54.552987,8.327780,18.653018,1,-1,-1,-1,0.652975,0.652975,2.836732,2.701562
66,3005,77.320350,217.019594,8.436738,17.184437,1,-1,-1,-1,0.652975,0.652975,2.836732,2.701562
66,3004,77.517394,246.723152,8.566526,18.386458,1,-1,-1,-1,0.652975,0.652975,2.836732,2.701562
66,3003,62.369406,187.613117,8.521489,19.599197,1,-1,-1,-1,0.652975,0.652975,2.836732,2.701562
66,3002,73.292283,25.046641,7.990249,19.012440,1,-1,-1,-1,0.652975,0.652975,2.836732,2.701562
66,3001,150.553882,130.880015,18.503500,7.740013,1,-1,-1,-1,0.652975,0.652975,2.836732,2.701562
66,3000,123.344472,130.640409,16.818715,7.296864,1,-1,-1,-1,0.652975,0.652975,2.836732,2.701562
67,3009,63.343419,213.566392,7.758846,16.003057,1,-1,-1,-1,0.652976,0.652976,2.841520,2.701562
67,3006,73.857049,54.364705,8.294101,18.533854,1,-1,-1,-1,0.652975,0.652975,2.834938,2.701562
67,3005,77.387714,216.656913,8.351791,16.989228,1,-1,-1,-1,0.652975,0.652975,2.834938,2.701562
67,3004,77.289034,247.148408,8.817050,18.653819,1,-1,-1,-1,0.652975,0.652975,2.834938,2.701562
67,3003,62.369504,187.609382,8.521058,19.596646,1,-1,-1,-1,0.652975,0.652975,2.834938,2.701562
67,3002,73.290642,25.050626,7.990194,19.014510,1,-1,-1,-1,0.652975,0.652975,2.834938,2.701562
67,3001,150.550703,130.880022,18.502538,7.740003,1,-1,-1,-1,0.652975,0.652975,2.834938,2.701562
67,3000,123.351072,130.638926,16.813320,7.294863,1,-1,-1,-1,0.652975,0.652975,2.834938,2.701562
68,3009,63.262402,213.910043,7.759715,16.099394,1,-1,-1,-1,0.652975,0.652975,2.839548,2.701562
68,3006,73.870246,54.500985,8.320445,18.582486,1,-1,-1,-1,0.652975,0.652975,2.833208,2.701562
68,3005,77.503636,217.196679,8.308338,17.092097,1,-1,-1,-1,0.652975,0.652975,2.833208,2.701562
68,3004,77.565614,243.688623,8.858707,17.616597,1,-1,-1,-1,0.652975,0.652975,2.833208,2.701562
68,3003,62.369604,187.616825,8.520773,19.597554,1,-1,-1,-1,0.652975,0.652975,2.833208,2.701562
68,3002,73.290054,25.043327,7.990125,19.013253,1,-1,-1,-1,0.652975,0.652975,2.833208,2.701562
68,3001,150.556197,130.880025,18.501837,7.739996,1,-1,-1,-1,0.652975,0.652975,2.833208,2.701562
68,3000,123.352644,130.638727,16.806623,7.293377,1,-1,-1,-1,0.652975,0.652975,2.833208,2.701562
69,3009,63.234916,213.707974,7.792371,16.102743,1,-1,-1,-1,0.652975,0.652975,2.837649,2.701562
69,3006,73.818722,54.103038,8.319442,18.292768,1,-1,-1,-1,0.652975,0.652975,2.831540,2.701562
69,3005,77.393940,217.048159,8.344006,17.044923,1,-1,-1,-1,0.652975,0.652975,2.831540,2.701562
69,3004,77.544098,245.812937,8.807642,17.887975,1,-1,-1,-1,0.652975,0.652975,2.831540,2.701562
69,3003,62.369694,187.612963,8.520565,19.598216,1,-1,-1,-1,0.652975,0.652975,2.831540,2.701562
69,3002,73.289856,25.034212,7.990075,19.012336,1,-1,-1,-1,0.652975,0.652975,2.831540,2.701562
69,3001,150.553760,130.880012,18.504092,7.740018,1,-1,-1,-1,0.652975,0.652975,2.831540,2.701562
69,3000,123.351569,130.640771,16.807426,7.295118,1,-1,-1,-1,0.652975,0.652975,2.831540,2.701562
70,3009,63.158325,213.490051,7.793433,16.039954,1,-1,-1,-1,0.652975,0.652975,2.835821,2.701562
70,3006,73.750402,54.357932,8.344795,18.403846,1,-1,-1,-1,0.652975,0.652975,2.829932,2.701562
70,3005,77.435265,217.358127,8.282426,17.086138,1,-1,-1,-1,0.652975,0.652975,2.829932,2.701562
70,3004,77.485768,246.606816,8.737584,18.047777,1,-1,-1,-1,0.652975,0.652975,2.829932,2.701562
70,3003,62.369766,187.611374,8.520413,19.598700,1,-1,-1,-1,0.652975,0.652975,2.829932,2.701562
70,3002,73.296333,25.030908,7.990039,19.011668,1,-1,-1,-1,0.652975,0.652975,2.829932,2.701562
70,3001,150.557083,130.880016,18.502971,7.740006,1,-1,-1,-1,0.652975,0.652975,2.829932,2.701562
70,3000,123.345417,130.649598,16.819231,7.299272,1,-1,-1,-1,0.652975,0.652975,2.829932,2.701562
71,3009,63.211218,213.537165,7.799916,16.025089,1,-1,-1,-1,0.652975,0.652975,2.834059,2.701562
71,3006,73.823852,54.425833,8.358422,18.264303,1,-1,-1,-1,0.652975,0.652975,2.828379,2.701562
71,3005,77.445523,217.128693,8.269636,17.013703,1,-1,-1,-1,0.652975,0.652975,2.828379,2.701562
71,3004,77.440994,246.675430,8.710201,18.131209,1,-1,-1,-1,0.652975,0.652975,2.828379,2.701562
71,3003,62.369822,187.610688,8.520302,19.599053,1,-1,-1,-1,0.652975,0.652975,2.828379,2.701562
71,3002,73.294155,25.036240,7.992779,19.011331,1,-1,-1,-1,0.652975,0.652975,2.828379,2.701562
71,3001,150.553888,130.880005,18.504919,7.740025,1,-1,-1,-1,0.652975,0.652975,2.828379,2.701562
71,3000,123.346631,130.643853,16.816625,7.299420,1,-1,-1,-1,0.652975,0.652975,2.828379,2.701562
72,3009,63.239735,213.164057,7.759707,15.901897,1,-1,-1,-1,0.652975,0.652975,2.832361,2.701562
72,3006,73.817904,54.525281,8.333610,18.319595,1,-1,-1,-1,0.652975,0.652975,2.826881,2.701562
72,3005,77.356707,217.536751,8.280135,17.178539,1,-1,-1,-1,0.652975,0.652975,2.826881,2.701562
72,3004,77.385051,246.965651,8.751725,18.246319,1,-1,-1,-1,0.652975,0.652975,2.826881,2.701562
72,3003,62.369864,187.616899,8.520221,19.599310,1,-1,-1,-1,0.652975,0.652975,2.826881,2.701562
72,3002,73.290960,25.038413,7.992012,19.010935,1,-1,-1,-1,0.652975,0.652975,2.826881,2.701562
72,3001,150.556974,130.880010,18.503574,7.740012,1,-1,-1,-1,0.652975,0.652975,2.826881,2.701562
72,3000,123.347624,130.633208,16.814583,7.296764,1,-1,-1,-1,0.652975,0.652975,2.826881,2.701562
73,3009,63.276967,213.836923,7.763546,16.043809,1,-1,-1,-1,0.652975,0.652975,2.830724,2.701562
73,3006,73.888766,54.587938,8.302069,18.389264,1,-1,-1,-1,0.652975,0.652975,2.825433,2.701562
73,3005,77.378922,217.744037,8.315850,17.345613,1,-1,-1,-1,0.652975,0.652975,2.825433,2.701562
73,3004,77.417774,246.681692,8.744874,18.258972,1,-1,-1,-1,0.652975,0.652975,2.825433,2.701562
73,3003,62.369896,187.612679,8.520162,19.599498,1,-1,-1,-1,0.652975,0.652975,2.825433,2.701562
73,3002,73.291765,25.039235,7.994217,19.010793,1,-1,-1,-1,0.652975,0.652975,2.825433,2.701562
73,3001,150.558375,130.880013,18.502594,7.740002,1,-1,-1,-1,0.652975,0.652975,2.825433,2.701562
73,3000,123.350246,130.636150,16.815861,7.294854,1,-1,-1,-1,0.652975,0.652975,2.825433,2.701562
74,3009,63.265613,213.681845,7.802873,16.025851,1,-1,-1,-1,0.652975,0.652975,2.829144,2.701562
74,3006,73.759050,54.651753,8.329045,18.466070,1,-1,-1,-1,0.652975,0.652975,2.824034,2.701562
74,3005,77.428661,217.075365,8.253442,17.119047,1,-1,-1,-1,0.652975,0.652975,2.824034,2.701562
74,3004,77.392985,246.891111,8.790998,18.370489,1,-1,-1,-1,0.652975,0.652975,2.824034,2.701562
74,3003,62.371816,187.609083,8.522855,19.597011,1,-1,-1,-1,0.652975,0.652975,2.824034,2.701562
74,3002,73.289806,25.039643,7.993062,19.010541,1,-1,-1,-1,0.652975,0.652975,2.824034,2.701562
74,3001,150.552539,130.880015,18.501879,7.739996,1,-1,-1,-1,0.652975,0.652975,2.824034,2.701562
74,3000,123.346371,130.637606,16.819559,7.293489,1,-1,-1,-1,0.652975,0.652975,2.824034,2.701562
75,3009,63.281408,213.431325,7.803518,15.964366,1,-1,-1,-1,0.652975,0.652975,2.827619,2.701562
75,3006,73.970668,54.765173,8.268204,18.492393,1,-1,-1,-1,0.652975,0.652975,2.822682,2.701562
75,3005,77.373370,217.914672,8.351901,17.412084,1,-1,-1,-1,0.652975,0.652975,2.822682,2.701562
75,3004,77.332206,246.834411,8.807061,18.395193,1,-1,-1,-1,0.652975,0.652975,2.822682,2.701562
75,3003,62.370174,187.610111,8.522084,19.597818,1,-1,-1,-1,0.652975,0.652975,2.822682,2.701562
75,3002,73.295798,25.033308,7.992220,19.010359,1,-1,-1,-1,0.652975,0.652975,2.822682,2.701562
75,3001,150.552329,130.880004,18.504119,7.740016,1,-1,-1,-1,0.652975,0.652975,2.822682,2.701562
75,3000,123.351658,130.638449,16.813973,7.292416,1,-1,-1,-1,0.652975,0.652975,2.822682,2.701562
76,3009,63.195865,213.375980,7.823349,15.934177,1,-1,-1,-1,0.652975,0.652975,2.826146,2.701562
76,3006,73.908392,54.617206,8.275663,18.445596,1,-1,-1,-1,0.652975,0.652975,2.821375,2.701562
76,3005,77.387235,216.602337,8.247629,16.958069,1,-1,-1,-1,0.652975,0.652975,2.821375,2.701562
76,3004,77.549506,246.830333,8.744194,18.412151,1,-1,-1,-1,0.652975,0.652975,2.821375,2.701562
76,3003,62.369680,187.616901,8.521521,19.598408,1,-1,-1,-1,0.652975,0.652975,2.821375,2.701562
76,3002,73.298221,25.037468,7.991605,19.010227,1,-1,-1,-1,0.652975,0.652975,2.821375,2.701562
76,3001,150.556509,130.880008,18.502992,7.740006,1,-1,-1,-1,0.652975,0.652975,2.821375,2.701562
76,3000,123.351807,130.640825,16.815564,7.294448,1,-1,-1,-1,0.652975,0.652975,2.821375,2.701562
77,3009,63.245562,213.395920,7.829700,15.934108,1,-1,-1,-1,0.652975,0.652975,2.824723,2.701562
77,3006,73.878536,54.582521,8.283945,18.422837,1,-1,-1,-1,0.652975,0.652975,2.820111,2.701562
77,3005,77.409096,217.600592,8.227104,17.194872,1,-1,-1,-1,0.652975,0.652975,2.820111,2.701562
77,3004,77.491532,246.913447,8.668307,18.455408,1,-1,-1,-1,0.652975,0.652975,2.820111,2.701562
77,3003,62.369591,187.612844,8.521111,19.598839,1,-1,-1,-1,0.652975,0.652975,2.820111,2.701562
77,3002,73.299237,25.045609,7.991157,19.010131,1,-1,-1,-1,0.652975,0.652975,2.820111,2.701562
77,3001,150.551764,130.880011,18.502169,7.739998,1,-1,-1,-1,0.652975,0.652975,2.820111,2.701562
77,3000,123.349763,130.639503,16.813827,7.293144,1,-1,-1,-1,0.652975,0.652975,2.820111,2.701562
78,3009,63.222937,213.581372,7.823714,15.971989,1,-1,-1,-1,0.652975,0.652975,2.823348,2.701562
78,3006,73.891116,54.677162,8.271759,18.498544,1,-1,-1,-1,0.652975,0.652975,2.818887,2.701562
78,3005,77.388033,217.645289,8.225908,17.282976,1,-1,-1,-1,0.652975,0.652975,2.818887,2.701562
78,3004,77.497891,246.898410,8.634695,18.464219,1,-1,-1,-1,0.652975,0.652975,2.818887,2.701562
78,3003,62.369642,187.609336,8.520786,19.596393,1,-1,-1,-1,0.652975,0.652975,2.818887,2.701562
78,3002,73.299673,25.070181,7.990855,19.012821,1,-1,-1,-1,0.652975,0.652975,2.818887,2.701562
78,3001,150.551991,130.880000,18.504329,7.740017,1,-1,-1,-1,0.652975,0.652975,2.818887,2.701562
78,3000,123.349286,130.639230,16.812563,7.292195,1,-1,-1,-1,0.652975,0.652975,2.818887,2.701562
79,3009,63.125951,213.707646,7.841450,16.006342,1,-1,-1,-1,0.652975,0.652975,2.822019,2.701562
79,3006,73.852679,55.028245,8.301251,18.542858,1,-1,-1,-1,0.652975,0.652975,2.817702,2.701562
79,3005,77.390922,217.726113,8.308276,17.389261,1,-1,-1,-1,0.652975,0.652975,2.817702,2.701562
79,3004,77.557394,246.370646,8.540470,18.359535,1,-1,-1,-1,0.652975,0.652975,2.817702,2.701562
79,3003,62.369707,187.616851,8.520574,19.597369,1,-1,-1,-1,0.652975,0.652975,2.817702,2.701562
79,3002,73.298016,25.120989,7.987826,19.009130,1,-1,-1,-1,0.652975,0.652975,2.817702,2.701562
79,3001,150.549821,130.880005,18.503146,7.740007,1,-1,-1,-1,0.652975,0.652975,2.817702,2.701562
79,3000,123.346499,130.641156,16.817299,7.294315,1,-1,-1,-1,0.652975,0.652975,2.817702,2.701562
80,3009,63.175241,213.701965,7.793748,16.041709,1,-1,-1,-1,0.652975,0.652975,2.820733,2.701562
80,3006,73.937840,55.421404,8.276162,18.599570,1,-1,-1,-1,0.652975,0.652975,2.816556,2.701562
80,3005,77.450572,217.733690,8.274741,17.486538,1,-1,-1,-1,0.652975,0.652975,2.816556,2.701562
80,3004,77.447158,246.737566,8.600635,18.483567,1,-1,-1,-1,0.652975,0.652975,2.816556,2.701562
80,3003,62.369771,187.613006,8.520420,19.598081,1,-1,-1,-1,0.652975,0.652975,2.816556,2.701562
80,3002,73.297894,25.227539,7.985641,19.009196,1,-1,-1,-1,0.652975,0.652975,2.816556,2.701562
80,3001,150.551098,130.879996,18.505041,7.740023,1,-1,-1,-1,0.652975,0.652975,2.816556,2.701562
80,3000,123.346503,130.641506,16.823513,7.295886,1,-1,-1,-1,0.652975,0.652975,2.816556,2.701562
81,3009,63.215326,213.424105,7.785578,15.933451,1,-1,-1,-1,0.652975,0.652975,2.819490,2.701562
81,3006,73.933578,55.993950,8.254805,18.619322,1,-1,-1,-1,0.652975,0.652975,2.815445,2.701562
81,3005,77.401780,217.068553,8.306742,17.263515,1,-1,-1,-1,0.652975,0.652975,2.815445,2.701562
81,3004,77.411638,246.992734,8.695927,18.520708,1,-1,-1,-1,0.652975,0.652975,2.815445,2.701562
81,3003,62.369836,187.609529,8.520282,19.595842,1,-1,-1,-1,0.652975,0.652975,2.815445,2.701562
81,3002,73.300101,25.406556,7.986831,19.012143,1,-1,-1,-1,0.652975,0.652975,2.815445,2.701562
81,3001,150.555904,130.880001,18.503665,7.740011,1,-1,-1,-1,0.652975,0.652975,2.815445,2.701562
81,3000,123.345419,130.641360,16.828045,7.297032,1,-1,-1,-1,0.652975,0.652975,2.815445,2.701562
82,3009,63.242517,213.149119,7.784880,15.846447,1,-1,-1,-1,0.652975,0.652975,2.818286,2.701562
82,3006,73.769924,56.591333,8.354966,18.813513,1,-1,-1,-1,0.652975,0.652975,2.814369,2.701562
82,3005,77.399620,216.680279,8.246748,17.051429,1,-1,-1,-1,0.652975,0.652975,2.814369,2.701562
82,3004,77.497073,246.383001,8.665293,18.424271,1,-1,-1,-1,0.652975,0.652975,2.814369,2.701562
82,3003,62.369874,187.610492,8.520207,19.596967,1,-1,-1,-1,0.652975,0.652975,2.814369,2.701562
82,3002,73.305394,25.639331,7.984893,19.008643,1,-1,-1,-1,0.652975,0.652975,2.814369,2.701562
82,3001,150.551439,130.880005,18.502661,7.740002,1,-1,-1,-1,0.652975,0.652975,2.814369,2.701562
82,3000,123.339498,130.642971,16.834244,7.300650,1,-1,-1,-1,0.652975,0.652975,2.814369,2.701562
83,3009,63.336308,213.433702,7.754824,15.886563,1,-1,-1,-1,0.652975,0.652975,2.817121,2.701562
83,3006,73.756221,57.037689,8.309253,18.640797,1,-1,-1,-1,0.652975,0.652975,2.813325,2.701562
83,3005,77.373731,217.353412,8.365505,17.226729,1,-1,-1,-1,0.652975,0.652975,2.813325,2.701562
83,3004,77.648836,246.119081,8.637191,18.242312,1,-1,-1,-1,0.652975,0.652975,2.813325,2.701562
83,3003,62.369915,187.608785,8.520128,19.595031,1,-1,-1,-1,0.652975,0.652975,2.813325,2.701562
83,3002,73.314258,25.968644,7.983480,19.006092,1,-1,-1,-1,0.652975,0.652975,2.813325,2.701562
83,3001,150.556448,130.880007,18.501929,7.739996,1,-1,-1,-1,0.652975,0.652975,2.813325,2.701562
83,3000,123.340875,130.641065,16.835871,7.300506,1,-1,-1,-1,0.652975,0.652975,2.813325,2.701562
84,3009,63.261110,213.252817,7.762327,15.809357,1,-1,-1,-1,0.652975,0.652975,2.815992,2.701562
84,3006,73.774084,58.086023,8.278935,18.646795,1,-1,-1,-1,0.652975,0.652975,2.812314,2.701562
84,3005,77.182749,217.407997,8.452937,17.260305,1,-1,-1,-1,0.652975,0.652975,2.812314,2.701562
84,3004,77.513311,246.588272,8.653233,18.296619,1,-1,-1,-1,0.652975,0.652975,2.812314,2.701562
84,3003,62.369933,187.610373,8.520094,19.596375,1,-1,-1,-1,0.652975,0.652975,2.812314,2.701562
84,3002,73.324381,26.397159,7.982428,19.001477,1,-1,-1,-1,0.652975,0.652975,2.812314,2.701562
84,3001,150.558543,130.878123,18.501265,7.737233,1,-1,-1,-1,0.652975,0.652975,2.812314,2.701562
84,3000,123.343869,130.640378,16.831544,7.300352,1,-1,-1,-1,0.652975,0.652975,2.812314,2.701562
85,3009,63.190674,213.588138,7.796393,15.868290,1,-1,-1,-1,0.652975,0.652975,2.814899,2.701562
85,3006,73.800880,59.402214,8.463051,18.821988,1,-1,-1,-1,0.652975,0.652975,2.811334,2.701562
85,3005,77.302405,217.341906,8.389390,17.224354,1,-1,-1,-1,0.652975,0.652975,2.811334,2.701562
85,3004,77.503608,246.557804,8.758151,18.298529,1,-1,-1,-1,0.652975,0.652975,2.811334,2.701562
85,3003,62.369947,187.617281,8.520070,19.597356,1,-1,-1,-1,0.652975,0.652975,2.811334,2.701562
85,3002,73.341402,26.944910,7.981684,19.000869,1,-1,-1,-1,0.652975,0.652975,2.811334,2.701562
85,3001,150.559381,130.879781,18.500912,7.737976,1,-1,-1,-1,0.652975,0.652975,2.811334,2.701562
85,3000,123.343931,130.638261,16.825507,7.297461,1,-1,-1,-1,0.652975,0.652975,2.811334,2.701562
86,3009,63.233676,213.523355,7.767869,15.812487,1,-1,-1,-1,0.652975,0.652975,2.813840,2.701562
86,3006,73.843992,60.488028,8.623996,18.916622,1,-1,-1,-1,0.652975,0.652975,2.810383,2.701562
86,3005,77.292731,217.755406,8.384550,17.397574,1,-1,-1,-1,0.652975,0.652975,2.810383,2.701562
86,3004,77.380709,246.706965,8.735884,18.336849,1,-1,-1,-1,0.652975,0.652975,2.810383,2.701562
86,3003,62.371845,187.619666,8.522808,19.598198,1,-1,-1,-1,0.652975,0.652975,2.810383,2.701562
86,3002,73.354459,27.602240,7.981098,18.994915,1,-1,-1,-1,0.652975,0.652975,2.810383,2.701562
86,3001,150.555106,130.880275,18.503410,7.738541,1,-1,-1,-1,0.652975,0.652975,2.810383,2.701562
86,3000,123.342190,130.639825,16.826739,7.298155,1,-1,-1,-1,0.652975,0.652975,2.810383,2.701562
87,3009,63.341209,213.762279,7.731514,15.871734,1,-1,-1,-1,0.652975,0.652975,2.812813,2.701562
87,3006,73.928920,61.803188,8.769466,19.033528,1,-1,-1,-1,0.652975,0.652975,2.809460,2.701562
87,3005,77.326656,218.138659,8.457900,17.662462,1,-1,-1,-1,0.652975,0.652975,2.809460,2.701562
87,3004,77.514631,246.662852,8.614467,18.317385,1,-1,-1,-1,0.652975,0.652975,2.809460,2.701562
87,3003,62.370207,187.612051,8.522026,19.595930,1,-1,-1,-1,0.652975,0.652975,2.809460,2.701562
87,3002,73.372421,28.395041,7.980740,18.998842,1,-1,-1,-1,0.652975,0.652975,2.809460,2.701562
87,3001,150.553038,130.880366,18.505232,7.738953,1,-1,-1,-1,0.652975,0.652975,2.809460,2.701562
87,3000,123.345960,130.640312,16.824883,7.298638,1,-1,-1,-1,0.652975,0.652975,2.809460,2.701562
88,3009,63.273274,213.675364,7.765285,15.896644,1,-1,-1,-1,0.652975,0.652975,2.811817,2.701562
88,3006,73.781697,63.187860,8.620773,18.993190,1,-1,-1,-1,0.652975,0.652975,2.808564,2.701562
88,3005,77.426502,216.289452,8.292260,17.066430,1,-1,-1,-1,0.652975,0.652975,2.808564,2.701562
88,3004,77.258219,247.069624,8.784873,18.506924,1,-1,-1,-1,0.652975,0.652975,2.808564,2.701562
88,3003,62.369705,187.611435,8.521479,19.597031,1,-1,-1,-1,0.652975,0.652975,2.808564,2.701562
88,3002,73.392229,29.357082,7.980434,18.996200,1,-1,-1,-1,0.652975,0.652975,2.808564,2.701562
88,3001,150.551933,130.880328,18.506561,7.739253,1,-1,-1,-1,0.652975,0.652975,2.808564,2.701562
88,3000,123.345891,130.638534,16.820652,7.296212,1,-1,-1,-1,0.652975,0.652975,2.808564,2.701562
89,3009,63.320901,213.903444,7.755024,15.983806,1,-1,-1,-1,0.652975,0.652975,2.810851,2.701562
89,3006,73.880299,64.722707,8.548067,18.966834,1,-1,-1,-1,0.652975,0.652975,2.807695,2.701562
89,3005,77.440132,217.074444,8.251566,17.183353,1,-1,-1,-1,0.652975,0.652975,2.807695,2.701562
89,3004,77.380209,246.928824,8.744401,18.507972,1,-1,-1,-1,0.652975,0.652975,2.807695,2.701562
89,3003,62.369609,187.611013,8.521080,19.597834,1,-1,-1,-1,0.652975,0.652975,2.807695,2.701562
89,3002,73.412677,30.528144,7.980191,18.991521,1,-1,-1,-1,0.652975,0.652975,2.807695,2.701562
89,3001,150.549396,130.880271,18.504776,7.739449,1,-1,-1,-1,0.652975,0.652975,2.807695,2.701562
89,3000,123.353133,130.638284,16.817567,7.294444,1,-1,-1,-1,0.652975,0.652975,2.807695,2.701562
90,3009,63.248740,214.260957,7.768140,16.133285,1,-1,-1,-1,0.652975,0.652975,2.809915,2.701562
90,3006,74.015282,67.433622,8.677525,19.033649,1,-1,-1,-1,0.652975,0.652975,2.806851,2.701562
90,3005,77.329260,217.440635,8.356945,17.298746,1,-1,-1,-1,0.652975,0.652975,2.806851,2.701562
90,3004,77.368449,246.866928,8.715323,18.554942,1,-1,-1,-1,0.652975,0.652975,2.806851,2.701562
90,3003,62.369644,187.617247,8.520789,19.598420,1,-1,-1,-1,0.652975,0.652975,2.806851,2.701562
90,3002,73.433292,31.943643,7.980036,18.990865,1,-1,-1,-1,0.652975,0.652975,2.806851,2.701562
90,3001,150.548752,130.880214,18.503473,7.739593,1,-1,-1,-1,0.652975,0.652975,2.806851,2.701562
90,3000,123.348960,130.640358,16.823702,7.295978,1,-1,-1,-1,0.652975,0.652975,2.806851,2.701562
91,3009,63.373258,213.782295,7.789076,16.044391,1,-1,-1,-1,0.652975,0.652975,2.809006,2.701562
91,3006,73.925250,69.792232,8.746903,19.242764,1,-1,-1,-1,0.652975,0.652975,2.806031,2.701562
91,3005,77.254619,217.206645,8.324865,17.246864,1,-1,-1,-1,0.652975,0.652975,2.806031,2.701562
91,3004,77.254129,247.244696,8.930931,18.773687,1,-1,-1,-1,0.652975,0.652975,2.806031,2.701562
91,3003,62.369709,187.612977,8.520576,19.598848,1,-1,-1,-1,0.652975,0.652975,2.806031,2.701562
91,3002,73.471630,33.466254,7.977172,18.990266,1,-1,-1,-1,0.652975,0.652975,2.806031,2.701562
91,3001,150.555278,130.880166,18.502523,7.739698,1,-1,-1,-1,0.652975,0.652975,2.806031,2.701562
91,3000,123.341586,130.642758,16.831058,7.299874,1,-1,-1,-1,0.652975,0.652975,2.806031,2.701562
92,3009,63.319122,214.244410,7.810180,16.221888,1,-1,-1,-1,0.652975,0.652975,2.808123,2.701562
92,3006,74.007022,71.785323,8.905466,19.292506,1,-1,-1,-1,0.652975,0.652975,2.805235,2.701562
92,3005,77.406368,217.138352,8.279374,17.205539,1,-1,-1,-1,0.652975,0.652975,2.805235,2.701562
92,3004,77.228233,247.040032,8.906422,18.759698,1,-1,-1,-1,0.652975,0.652975,2.805235,2.701562
92,3003,62.369784,187.609383,8.520399,19.596407,1,-1,-1,-1,0.652975,0.652975,2.805235,2.701562
92,3002,73.501278,35.004010,7.977881,18.995464,1,-1,-1,-1,0.652975,0.652975,2.805235,2.701562
92,3001,150.557929,130.880129,18.501829,7.739774,1,-1,-1,-1,0.652975,0.652975,2.805235,2.701562
92,3000,123.338425,130.641129,16.828036,7.299893,1,-1,-1,-1,0.652975,0.652975,2.805235,2.701562
93,3009,63.365402,213.532854,7.762285,16.036639,1,-1,-1,-1,0.652975,0.652975,2.807267,2.701562
93,3006,73.934500,73.695387,9.073208,19.312621,1,-1,-1,-1,0.652975,0.652975,2.804461,2.701562
93,3005,77.306431,217.774579,8.362013,17.387934,1,-1,-1,-1,0.652975,0.652975,2.804461,2.701562
93,3004,77.220101,246.861823,8.855091,18.677307,1,-1,-1,-1,0.652975,0.652975,2.804461,2.701562
93,3003,62.369833,187.610339,8.520292,19.597379,1,-1,-1,-1,0.652975,0.652975,2.804461,2.701562
93,3002,73.536248,36.603294,7.975624,18.996383,1,-1,-1,-1,0.652975,0.652975,2.804461,2.701562
93,3001,150.554408,130.880089,18.504076,7.739852,1,-1,-1,-1,0.652975,0.652975,2.804461,2.701562
93,3000,123.337762,130.640496,16.825832,7.299907,1,-1,-1,-1,0.652975,0.652975,2.804461,2.701562
94,3009,63.395896,213.558422,7.743911,16.058652,1,-1,-1,-1,0.652975,0.652975,2.806435,2.701562
94,3006,73.969080,75.360471,9.062853,19.174903,1,-1,-1,-1,0.652975,0.652975,2.803709,2.701562
94,3005,77.306535,218.004338,8.395657,17.590999,1,-1,-1,-1,0.652975,0.652975,2.803709,2.701562
94,3004,77.338126,243.838008,8.855284,17.778226,1,-1,-1,-1,0.652975,0.652975,2.803709,2.701562
94,3003,62.371761,187.617013,8.522966,19.598207,1,-1,-1,-1,0.652975,0.652975,2.803709,2.701562
94,3002,73.575579,38.304061,7.973978,18.997059,1,-1,-1,-1,0.652975,0.652975,2.803709,2.701562
94,3001,150.557372,130.871653,18.502844,7.737133,1,-1,-1,-1,0.652975,0.652975,2.803709,2.701562
94,3000,123.341630,130.642113,16.829849,7.302715,1,-1,-1,-1,0.652975,0.652975,2.803709,2.701562
95,3009,63.327036,213.630674,7.779727,16.040689,1,-1,-1,-1,0.652975,0.652975,2.805628,2.701562
95,3006,74.126063,78.451517,8.880242,19.402875,1,-1,-1,-1,0.652975,0.652975,2.802979,2.701562
95,3005,77.292652,218.018990,8.462542,17.685255,1,-1,-1,-1,0.652975,0.652975,2.802979,2.701562
95,3004,77.352748,245.814825,8.844351,17.992580,1,-1,-1,-1,0.652975,0.652975,2.802979,2.701562
95,3003,62.370144,187.611040,8.522143,19.595940,1,-1,-1,-1,0.652975,0.652975,2.802979,2.701562
95,3002,73.616393,40.132032,7.972779,18.997556,1,-1,-1,-1,0.652975,0.652975,2.802979,2.701562
95,3001,150.554006,130.877345,18.504817,7.737925,1,-1,-1,-1,0.652975,0.652975,2.802979,2.701562
95,3000,123.345277,130.631943,16.827042,7.299214,1,-1,-1,-1,0.652975,0.652975,2.802979,2.701562
96,3009,63.223469,213.457286,7.797555,16.024597,1,-1,-1,-1,0.652975,0.652975,2.804843,2.701562
96,3006,74.661894,80.483802,8.790134,19.228317,1,-1,-1,-1,0.652975,0.652975,2.802268,2.701562
96,3005,77.184739,217.747634,8.490826,17.630151,1,-1,-1,-1,0.652975,0.652975,2.802268,2.701562
96,3004,77.535966,246.680884,8.746059,18.064718,1,-1,-1,-1,0.652975,0.652975,2.802268,2.701562
96,3003,62.369658,187.611054,8.521565,19.597038,1,-1,-1,-1,0.652975,0.652975,2.802268,2.701562
96,3002,73.657602,42.107191,7.971949,19.003424,1,-1,-1,-1,0.652975,0.652975,2.802268,2.701562
96,3001,150.557018,130.879397,18.503505,7.738480,1,-1,-1,-1,0.652975,0.652975,2.802268,2.701562
96,3000,123.348013,130.628729,16.816738,7.296597,1,-1,-1,-1,0.652975,0.652975,2.802268,2.701562
97,3009,63.225805,213.868038,7.773270,16.117315,1,-1,-1,-1,0.652975,0.652975,2.804080,2.701562
97,3006,74.564861,82.796442,9.007381,19.167364,1,-1,-1,-1,0.652975,0.652975,2.801577,2.701562
97,3005,77.281623,217.149726,8.500318,17.452509,1,-1,-1,-1,0.652975,0.652975,2.801577,2.701562
97,3004,77.565250,246.784423,8.593015,18.199157,1,-1,-1,-1,0.652975,0.652975,2.801577,2.701562
97,3003,62.369574,187.610873,8.521143,19.597839,1,-1,-1,-1,0.652975,0.652975,2.801577,2.701562
97,3002,73.698853,44.221915,7.971343,19.007710,1,-1,-1,-1,0.652975,0.652975,2.801577,2.701562
97,3001,150.558387,130.880083,18.502547,7.738886,1,-1,-1,-1,0.652975,0.652975,2.801577,2.701562
97,3000,123.345291,130.636370,16.820341,7.297526,1,-1,-1,-1,0.652975,0.652975,2.801577,2.701562
98,3009,63.166018,214.136618,7.774746,16.194975,1,-1,-1,-1,0.652975,0.652975,2.803339,2.701562
98,3006,74.902063,85.721482,8.865979,19.126145,1,-1,-1,-1,0.652975,0.652975,2.800906,2.701562
98,3005,77.267682,217.705207,8.553356,17.608599,1,-1,-1,-1,0.652975,0.652975,2.800906,2.701562
98,3004,77.569819,246.365867,8.534292,18.113625,1,-1,-1,-1,0.652975,0.652975,2.800906,2.701562
98,3003,62.369638,187.606892,8.520792,19.592920,1,-1,-1,-1,0.652975,0.652975,2.800906,2.701562
98,3002,73.746528,46.488465,7.970946,19.016339,1,-1,-1,-1,0.652975,0.652975,2.800906,2.701562
98,3001,150.557235,130.871862,18.498980,7.736411,1,-1,-1,-1,0.652975,0.652975,2.800906,2.701562
98,3000,123.348271,130.639142,16.820219,7.298181,1,-1,-1,-1,0.652975,0.652975,2.800906,2.701562
99,3009,63.244329,213.760613,7.750099,16.166010,1,-1,-1,-1,0.652975,0.652975,2.802619,2.701562
99,3006,75.047528,89.300732,9.484120,19.378799,1,-1,-1,-1,0.652975,0.652975,2.800252,2.701562
99,3005,77.292289,217.975409,8.487418,17.738551,1,-1,-1,-1,0.652975,0.652975,2.800252,2.701562
99,3004,77.546310,246.366827,8.535984,18.139892,1,-1,-1,-1,0.652975,0.652975,2.800252,2.701562
99,3003,62.369715,187.608142,8.520557,19.592084,1,-1,-1,-1,0.652975,0.652975,2.800252,2.701562
99,3002,73.796552,48.950352,7.970677,19.025389,1,-1,-1,-1,0.652975,0.652975,2.800252,2.701562
99,3001,150.552716,130.877593,18.499247,7.737376,1,-1,-1,-1,0.652975,0.652975,2.800252,2.701562
99,3000,123.342894,130.640083,16.820130,7.298659,1,-1,-1,-1,0.652975,0.652975,2.800252,2.701562
100,3009,63.287659,213.465405,7.792381,16.098748,1,-1,-1,-1,0.652975,0.652975,2.801918,2.701562
100,3006,75.186608,92.795447,10.073365,19.478212,1,-1,-1,-1,0.652975,0.652975,2.799616,2.701562
100,3005,77.364156,216.861209,8.343704,17.364968,1,-1,-1,-1,0.652975,0.652975,2.799616,2.701562
100,3004,77.310604,246.896814,8.715733,18.332499,1,-1,-1,-1,0.652975,0.652975,2.799616,2.701562
100,3003,62.371665,187.617146,8.523158,19.594339,1,-1,-1,-1,0.652975,0.652975,2.799616,2.701562
100,3002,73.853925,51.622680,7.970459,19.029249,1,-1,-1,-1,0.652975,0.652975,2.799616,2.701562
100,3001,150.550959,130.879616,18.499442,7.738081,1,-1,-1,-1,0.652975,0.652975,2.799616,2.701562
100,3000,123.344591,130.642220,16.825684,7.301803,1,-1,-1,-1,0.652975,0.652975,2.799616,2.701562
