1,2271,20.680000,63.590000,7.800000,20.230000,1,-1,-1,-1,10.000000,10.000000,10.000000,10.000000
1,2270,151.460000,129.560000,18.890000,8.160000,1,-1,-1,-1,10.000000,10.000000,10.000000,10.000000
1,2269,45.390000,41.670000,8.830000,18.330000,1,-1,-1,-1,10.000000,10.000000,10.000000,10.000000
1,2268,-231.210000,118.130000,19.340000,8.450000,1,-1,-1,-1,10.000000,10.000000,10.000000,10.000000
1,2267,49.660000,246.240000,8.440000,18.130000,1,-1,-1,-1,10.000000,10.000000,10.000000,10.000000
1,2266,35.190000,213.880000,7.670000,15.990000,1,-1,-1,-1,10.000000,10.000000,10.000000,10.000000
1,2265,49.540000,217.920000,8.030000,17.550000,1,-1,-1,-1,10.000000,10.000000,10.000000,10.000000
1,2264,34.540000,187.420000,8.240000,18.890000,1,-1,-1,-1,10.000000,10.000000,10.000000,10.000000
1,2263,-264.160000,118.120000,15.260000,7.960000,1,-1,-1,-1,10.000000,10.000000,10.000000,10.000000
1,2262,46.230000,71.620000,7.950000,18.980000,1,-1,-1,-1,10.000000,10.000000,10.000000,10.000000
1,2261,122.510000,130.880000,18.500000,7.740000,1,-1,-1,-1,10.000000,10.000000,10.000000,10.000000
1,2260,95.290000,130.640000,16.830000,7.300000,1,-1,-1,-1,10.000000,10.000000,10.000000,10.000000
2,2272,-376.000000,191.040000,21.060000,15.140000,1,-1,-1,-1,10.000000,10.000000,10.000000,10.000000
2,2271,20.602440,64.008594,8.075108,20.802672,1,-1,-1,-1,0.999900,0.999900,9.990021,5.238095
2,2269,45.693117,42.333278,8.763712,18.163328,1,-1,-1,-1,0.999900,0.999900,9.990021,5.238095
2,2268,-231.155823,118.052509,19.211648,8.405002,1,-1,-1,-1,0.999900,0.999900,9.990021,5.238095
2,2267,49.509548,246.700980,8.450932,18.157945,1,-1,-1,-1,0.999900,0.999900,9.990021,5.238095
2,2266,35.218153,213.873307,7.793676,16.173369,1,-1,-1,-1,0.999900,0.999900,9.990021,5.238095
2,2265,49.495047,217.465035,8.259892,17.520025,1,-1,-1,-1,0.999900,0.999900,9.990021,5.238095
2,2264,34.561241,187.247119,8.217517,18.825803,1,-1,-1,-1,0.999900,0.999900,9.990021,5.238095
2,2263,-264.168699,118.119334,15.287397,7.971332,1,-1,-1,-1,0.999900,0.999900,9.990021,5.238095
2,2262,46.230498,71.618808,7.949005,18.972385,1,-1,-1,-1,0.999900,0.999900,9.990021,5.238095
2,2261,122.510000,130.880000,18.500000,7.740000,1,-1,-1,-1,0.999900,0.999900,9.990021,5.238095
2,2260,95.299999,130.640000,16.830000,7.300000,1,-1,-1,-1,0.999900,0.999900,9.990021,5.238095
3,2269,45.432824,42.404726,8.939626,18.634592,1,-1,-1,-1,0.941153,0.941153,8.384601,3.841642
3,2268,-231.032409,118.048528,19.330691,8.448248,1,-1,-1,-1,0.941153,0.941153,8.384601,3.841642
3,2267,49.323770,246.945941,8.739535,18.693337,1,-1,-1,-1,0.941153,0.941153,8.384601,3.841642
3,2266,35.319117,212.942940,7.762341,15.794756,1,-1,-1,-1,0.941153,0.941153,8.384601,3.841642
3,2265,49.429809,217.271028,8.163322,17.203304,1,-1,-1,-1,0.941153,0.941153,8.384601,3.841642
3,2264,34.703773,186.994477,8.244210,18.770493,1,-1,-1,-1,0.941153,0.941153,8.384601,3.841642
3,2263,-264.174189,118.120032,15.280143,7.970523,1,-1,-1,-1,0.941153,0.941153,8.384601,3.841642
3,2262,46.230952,71.608316,7.948097,18.964546,1,-1,-1,-1,0.941153,0.941153,8.384601,3.841642
3,2261,122.510000,130.880000,18.500000,7.740000,1,-1,-1,-1,0.941153,0.941153,8.384601,3.841642
3,2260,95.300588,130.640000,16.830000,7.300000,1,-1,-1,-1,0.941153,0.941153,8.384601,3.841642
4,2269,45.164554,42.386377,9.156331,18.904452,1,-1,-1,-1,0.847083,0.847083,7.132717,3.262201
4,2268,-231.076461,118.140030,19.416352,8.513533,1,-1,-1,-1,0.847083,0.847083,7.132717,3.262201
4,2267,49.480342,246.308666,8.681323,18.466251,1,-1,-1,-1,0.847083,0.847083,7.132717,3.262201
4,2266,35.380048,213.941473,7.861172,16.183631,1,-1,-1,-1,0.847083,0.847083,7.132717,3.262201
4,2265,49.399036,217.698441,8.316769,17.500083,1,-1,-1,-1,0.847083,0.847083,7.132717,3.262201
4,2264,34.644673,187.042606,8.196931,18.694961,1,-1,-1,-1,0.847083,0.847083,7.132717,3.262201
4,2263,-264.163913,118.118430,15.273059,7.965120,1,-1,-1,-1,0.847083,0.847083,7.132717,3.262201
4,2262,46.230536,71.617449,7.948928,18.966827,1,-1,-1,-1,0.847083,0.847083,7.132717,3.262201
4,2261,122.510000,130.880000,18.500000,7.740000,1,-1,-1,-1,0.847083,0.847083,7.132717,3.262201
4,2260,95.306239,130.639621,16.809950,7.292286,1,-1,-1,-1,0.847083,0.847083,7.132717,3.262201
5,2269,45.676111,42.464135,8.651874,18.252572,1,-1,-1,-1,0.780933,0.780933,6.225018,2.988460
5,2268,-231.102014,118.147825,19.488105,8.537638,1,-1,-1,-1,0.780933,0.780933,6.225018,2.988460
5,2267,49.570126,246.267640,8.617253,18.407318,1,-1,-1,-1,0.780933,0.780933,6.225018,2.988460
5,2266,35.301715,213.976589,7.919449,16.317103,1,-1,-1,-1,0.780933,0.780933,6.225018,2.988460
5,2265,49.218795,217.629638,8.455983,17.532812,1,-1,-1,-1,0.780933,0.780933,6.225018,2.988460
5,2264,34.598059,187.234910,8.239554,18.763191,1,-1,-1,-1,0.780933,0.780933,6.225018,2.988460
5,2263,-264.165197,118.117714,15.279475,7.964293,1,-1,-1,-1,0.780933,0.780933,6.225018,2.988460
5,2262,46.230339,71.619916,7.949322,18.967951,1,-1,-1,-1,0.780933,0.780933,6.225018,2.988460
5,2261,122.510000,130.880000,18.500000,7.740000,1,-1,-1,-1,0.780933,0.780933,6.225018,2.988460
5,2260,95.309278,130.632270,16.801498,7.289227,1,-1,-1,-1,0.780933,0.780933,6.225018,2.988460
6,2269,46.081308,42.137965,8.363163,17.552389,1,-1,-1,-1,0.739812,0.739812,5.560040,2.851250
6,2268,-231.194385,118.097169,19.251535,8.460914,1,-1,-1,-1,0.739812,0.739812,5.560040,2.851250
6,2267,49.537211,246.618745,8.626187,18.532088,1,-1,-1,-1,0.739812,0.739812,5.560040,2.851250
6,2266,35.349791,213.427733,7.881734,16.085866,1,-1,-1,-1,0.739812,0.739812,5.560040,2.851250
6,2265,49.335764,216.882470,8.274997,17.055463,1,-1,-1,-1,0.739812,0.739812,5.560040,2.851250
6,2264,34.753241,185.044181,8.185993,17.616966,1,-1,-1,-1,0.739812,0.739812,5.560040,2.851250
6,2263,-264.171030,118.120142,15.277480,7.966287,1,-1,-1,-1,0.739812,0.739812,5.560040,2.851250
6,2262,46.230232,71.620550,7.949536,18.968584,1,-1,-1,-1,0.739812,0.739812,5.560040,2.851250
6,2261,122.510000,130.880000,18.500000,7.740000,1,-1,-1,-1,0.739812,0.739812,5.560040,2.851250
6,2260,95.305114,130.637431,16.801803,7.288528,1,-1,-1,-1,0.739812,0.739812,5.560040,2.851250
7,2269,46.002342,42.206632,8.220654,17.199496,1,-1,-1,-1,0.714060,0.714060,5.062690,2.780435
7,2268,-231.170797,118.061360,19.139706,8.405513,1,-1,-1,-1,0.714060,0.714060,5.062690,2.780435
7,2267,49.553742,246.782458,8.584844,18.515758,1,-1,-1,-1,0.714060,0.714060,5.062690,2.780435
7,2266,35.318841,213.373807,7.844685,15.956882,1,-1,-1,-1,0.714060,0.714060,5.062690,2.780435
7,2265,49.327689,217.109596,8.284374,17.039100,1,-1,-1,-1,0.714060,0.714060,5.062690,2.780435
7,2264,34.657306,186.681449,8.212258,18.025314,1,-1,-1,-1,0.714060,0.714060,5.062690,2.780435
7,2263,-264.169824,118.118784,15.277628,7.964250,1,-1,-1,-1,0.714060,0.714060,5.062690,2.780435
7,2262,46.230169,71.620648,7.949662,18.968972,1,-1,-1,-1,0.714060,0.714060,5.062690,2.780435
7,2261,122.510000,130.880000,18.500000,7.740000,1,-1,-1,-1,0.714060,0.714060,5.062690,2.780435
7,2260,95.302206,130.640980,16.805072,7.292145,1,-1,-1,-1,0.714060,0.714060,5.062690,2.780435
8,2269,45.705386,41.973623,8.361680,17.470754,1,-1,-1,-1,0.697349,0.697349,4.683127,2.743335
8,2268,-231.093851,118.077345,19.083910,8.391499,1,-1,-1,-1,0.697349,0.697349,4.683127,2.743335
8,2267,49.425826,246.912970,8.689286,18.708415,1,-1,-1,-1,0.697349,0.697349,4.683127,2.743335
8,2266,35.264785,213.403630,7.824287,15.905469,1,-1,-1,-1,0.697349,0.697349,4.683127,2.743335
8,2265,49.154511,217.857525,8.393795,17.333151,1,-1,-1,-1,0.697349,0.697349,4.683127,2.743335
8,2264,34.589486,187.326097,8.224428,18.273416,1,-1,-1,-1,0.697349,0.697349,4.683127,2.743335
8,2263,-264.174131,118.126731,15.287238,7.967638,1,-1,-1,-1,0.697349,0.697349,4.683127,2.743335
8,2262,46.230129,71.620595,7.949742,18.969224,1,-1,-1,-1,0.697349,0.697349,4.683127,2.743335
8,2261,122.510000,130.880000,18.500000,7.740000,1,-1,-1,-1,0.697349,0.697349,4.683127,2.743335
8,2260,95.302597,130.641546,16.810550,7.294899,1,-1,-1,-1,0.697349,0.697349,4.683127,2.743335
9,2269,45.519995,41.693241,8.506693,17.788281,1,-1,-1,-1,0.686065,0.686065,4.388218,2.723746
9,2268,-231.148508,118.134177,19.223423,8.449483,1,-1,-1,-1,0.686065,0.686065,4.388218,2.723746
9,2267,49.431448,246.975953,8.608844,18.677436,1,-1,-1,-1,0.686065,0.686065,4.388218,2.723746
9,2266,35.224207,213.284578,7.748074,15.783273,1,-1,-1,-1,0.686065,0.686065,4.388218,2.723746
9,2265,49.320548,217.962418,8.356542,17.429835,1,-1,-1,-1,0.686065,0.686065,4.388218,2.723746
9,2264,34.592425,187.469505,8.235309,18.488463,1,-1,-1,-1,0.686065,0.686065,4.388218,2.723746
9,2263,-264.172549,118.121147,15.284487,7.965151,1,-1,-1,-1,0.686065,0.686065,4.388218,2.723746
9,2262,46.230102,71.620512,7.949796,18.969396,1,-1,-1,-1,0.686065,0.686065,4.388218,2.723746
9,2261,122.510000,130.880000,18.500000,7.740000,1,-1,-1,-1,0.686065,0.686065,4.388218,2.723746
9,2260,95.302093,130.641383,16.813941,7.296643,1,-1,-1,-1,0.686065,0.686065,4.388218,2.723746
10,2269,45.454355,41.708934,8.571086,17.916439,1,-1,-1,-1,0.678159,0.678159,4.155461,2.713360
10,2268,-231.162010,118.137862,19.255485,8.470830,1,-1,-1,-1,0.678159,0.678159,4.155461,2.713360
10,2267,49.291791,246.981506,8.883382,18.842560,1,-1,-1,-1,0.678159,0.678159,4.155461,2.713360
10,2266,35.168941,213.337974,7.787525,15.734421,1,-1,-1,-1,0.678159,0.678159,4.155461,2.713360
10,2265,49.383611,217.344849,8.211935,17.143690,1,-1,-1,-1,0.678159,0.678159,4.155461,2.713360
10,2264,34.594145,187.371926,8.211020,18.560862,1,-1,-1,-1,0.678159,0.678159,4.155461,2.713360
10,2263,-264.154772,118.082271,15.242340,7.936115,1,-1,-1,-1,0.678159,0.678159,4.155461,2.713360
10,2262,46.229932,71.622107,7.950136,18.972951,1,-1,-1,-1,0.678159,0.678159,4.155461,2.713360
10,2261,122.510000,130.880000,18.500000,7.740000,1,-1,-1,-1,0.678159,0.678159,4.155461,2.713360
10,2260,95.303153,130.640913,16.819537,7.298092,1,-1,-1,-1,0.678159,0.678159,4.155461,2.713360
11,2269,45.629074,42.045164,8.556153,17.897591,1,-1,-1,-1,0.672446,0.672446,3.969193,2.707841
11,2268,-231.021054,118.141714,19.345787,8.519891,1,-1,-1,-1,0.672446,0.672446,3.969193,2.707841
11,2267,49.180817,246.847134,8.868662,18.900420,1,-1,-1,-1,0.672446,0.672446,3.969193,2.707841
11,2266,35.193065,214.402322,7.848362,16.135348,1,-1,-1,-1,0.672446,0.672446,3.969193,2.707841
11,2265,49.252251,217.959863,8.287112,17.373240,1,-1,-1,-1,0.672446,0.672446,3.969193,2.707841
11,2264,34.651346,187.221615,8.183155,18.571291,1,-1,-1,-1,0.672446,0.672446,3.969193,2.707841
11,2263,-264.159103,118.111155,15.255333,7.946735,1,-1,-1,-1,0.672446,0.672446,3.969193,2.707841
11,2262,46.229977,71.620431,7.950046,18.972026,1,-1,-1,-1,0.672446,0.672446,3.969193,2.707841
11,2261,122.511693,130.879868,18.503339,7.740264,1,-1,-1,-1,0.672446,0.672446,3.969193,2.707841
11,2260,95.293625,130.641827,16.834743,7.303162,1,-1,-1,-1,0.672446,0.672446,3.969193,2.707841
12,2269,45.816987,42.306640,8.393528,17.383266,1,-1,-1,-1,0.668212,0.668212,3.818265,2.704905
12,2268,-231.225514,118.161633,19.318156,8.526925,1,-1,-1,-1,0.668212,0.668212,3.818265,2.704905
12,2267,49.347397,246.682787,8.769069,18.710322,1,-1,-1,-1,0.668212,0.668212,3.818265,2.704905
12,2266,35.353960,213.760857,7.801779,16.047536,1,-1,-1,-1,0.668212,0.668212,3.818265,2.704905
12,2265,49.420274,217.701116,8.256638,17.425385,1,-1,-1,-1,0.668212,0.668212,3.818265,2.704905
12,2264,34.682939,187.262714,8.172190,18.647190,1,-1,-1,-1,0.668212,0.668212,3.818265,2.704905
12,2263,-264.161998,118.118768,15.262786,7.950729,1,-1,-1,-1,0.668212,0.668212,3.818265,2.704905
12,2262,46.230002,71.619928,7.949995,18.971386,1,-1,-1,-1,0.668212,0.668212,3.818265,2.704905
12,2261,122.510080,130.879917,18.502370,7.740165,1,-1,-1,-1,0.668212,0.668212,3.818265,2.704905
12,2260,95.297355,130.638398,16.832531,7.299195,1,-1,-1,-1,0.668212,0.668212,3.818265,2.704905
13,2269,45.696540,42.394376,8.547976,17.599627,1,-1,-1,-1,0.665009,0.665009,3.694582,2.703342
13,2268,-231.200484,118.113291,19.257131,8.513690,1,-1,-1,-1,0.665009,0.665009,3.694582,2.703342
13,2267,49.207631,246.612962,8.797836,18.772335,1,-1,-1,-1,0.665009,0.665009,3.694582,2.703342
13,2266,35.231660,213.960720,7.756672,16.100705,1,-1,-1,-1,0.665009,0.665009,3.694582,2.703342
13,2265,49.191933,218.509003,8.462810,17.919916,1,-1,-1,-1,0.665009,0.665009,3.694582,2.703342
13,2264,34.636005,187.379465,8.178785,18.738421,1,-1,-1,-1,0.665009,0.665009,3.694582,2.703342
13,2263,-264.164232,118.121052,15.267900,7.953475,1,-1,-1,-1,0.665009,0.665009,3.694582,2.703342
13,2262,46.230017,71.613178,7.949967,18.970940,1,-1,-1,-1,0.665009,0.665009,3.694582,2.703342
13,2261,122.509624,130.879948,18.501690,7.740104,1,-1,-1,-1,0.665009,0.665009,3.694582,2.703342
13,2260,95.292942,130.641092,16.836671,7.303033,1,-1,-1,-1,0.665009,0.665009,3.694582,2.703342
14,2269,45.534854,42.383063,8.772273,18.042676,1,-1,-1,-1,0.662548,0.662548,3.592165,2.702510
14,2268,-231.159185,118.091053,19.224112,8.496175,1,-1,-1,-1,0.662548,0.662548,3.592165,2.702510
14,2267,49.284265,246.700498,8.842671,18.739164,1,-1,-1,-1,0.662548,0.662548,3.592165,2.702510
14,2266,35.216430,213.439275,7.764067,15.947147,1,-1,-1,-1,0.662548,0.662548,3.592165,2.702510
14,2265,49.280790,217.036227,8.403524,17.299129,1,-1,-1,-1,0.662548,0.662548,3.592165,2.702510
14,2264,34.625375,187.378143,8.193466,18.782050,1,-1,-1,-1,0.662548,0.662548,3.592165,2.702510
14,2263,-264.164137,118.121374,15.274594,7.955615,1,-1,-1,-1,0.662548,0.662548,3.592165,2.702510
14,2262,46.230024,71.617346,7.949951,18.970628,1,-1,-1,-1,0.662548,0.662548,3.592165,2.702510
14,2261,122.509562,130.879967,18.501208,7.740065,1,-1,-1,-1,0.662548,0.662548,3.592165,2.702510
14,2260,95.291243,130.639758,16.838305,7.302532,1,-1,-1,-1,0.662548,0.662548,3.592165,2.702510
15,2269,45.628364,42.447730,8.686774,18.038257,1,-1,-1,-1,0.660633,0.660633,3.506534,2.702067
15,2268,-231.128937,118.130757,19.308327,8.505393,1,-1,-1,-1,0.660633,0.660633,3.506534,2.702067
15,2266,35.227386,213.397109,7.747062,15.858336,1,-1,-1,-1,0.660633,0.660633,3.506534,2.702067
15,2265,49.334902,217.229953,8.670977,17.224157,1,-1,-1,-1,0.660633,0.660633,3.506534,2.702067
15,2264,34.574432,187.465196,8.206947,18.819469,1,-1,-1,-1,0.660633,0.660633,3.506534,2.702067
15,2263,-264.167331,118.123027,15.276967,7.959973,1,-1,-1,-1,0.660633,0.660633,3.506534,2.702067
15,2262,46.230028,71.618979,7.949944,18.970409,1,-1,-1,-1,0.660633,0.660633,3.506534,2.702067
15,2261,122.509619,130.879980,18.500865,7.740041,1,-1,-1,-1,0.660633,0.660633,3.506534,2.702067
15,2260,95.275388,130.639433,16.836330,7.301964,1,-1,-1,-1,0.660633,0.660633,3.506534,2.702067
16,2269,45.361770,42.611567,8.684919,18.158338,1,-1,-1,-1,0.659128,0.659128,3.434287,2.701831
16,2268,-230.992354,118.094147,19.300746,8.486481,1,-1,-1,-1,0.659128,0.659128,3.434287,2.701831
16,2266,35.286292,213.653771,7.835802,16.000915,1,-1,-1,-1,0.659128,0.659128,3.434287,2.701831
16,2265,49.943037,217.095255,9.013255,17.517028,1,-1,-1,-1,0.659128,0.659128,3.434287,2.701831
16,2264,34.483889,187.424621,8.222999,18.859455,1,-1,-1,-1,0.659128,0.659128,3.434287,2.701831
16,2263,-264.149097,118.122921,15.278522,7.963064,1,-1,-1,-1,0.659128,0.659128,3.434287,2.701831
16,2262,46.249727,71.621392,7.950095,18.973323,1,-1,-1,-1,0.659128,0.659128,3.434287,2.701831
16,2261,122.509699,130.879987,18.500621,7.740025,1,-1,-1,-1,0.659128,0.659128,3.434287,2.701831
16,2260,95.055762,130.637798,16.827927,7.298173,1,-1,-1,-1,0.659128,0.659128,3.434287,2.701831
17,2269,45.558173,42.786257,8.557979,18.212641,1,-1,-1,-1,0.657936,0.657936,3.372813,2.701705
17,2268,-230.429143,118.038051,19.293752,8.451718,1,-1,-1,-1,0.657936,0.657936,3.372813,2.701705
17,2266,35.455280,213.445897,7.760014,15.876507,1,-1,-1,-1,0.657936,0.657936,3.372813,2.701705
17,2265,50.120906,216.593115,8.702949,17.105710,1,-1,-1,-1,0.657936,0.657936,3.372813,2.701705
17,2264,34.677855,187.401841,8.266772,18.880507,1,-1,-1,-1,0.657936,0.657936,3.372813,2.701705
17,2263,-264.030609,118.122351,15.279541,7.965259,1,-1,-1,-1,0.657936,0.657936,3.372813,2.701705
17,2262,46.355807,71.621805,7.950183,18.975399,1,-1,-1,-1,0.657936,0.657936,3.372813,2.701705
17,2261,122.509370,130.881764,18.501250,7.743051,1,-1,-1,-1,0.657936,0.657936,3.372813,2.701705
17,2260,94.578217,130.639353,16.831911,7.298980,1,-1,-1,-1,0.657936,0.657936,3.372813,2.701705
18,2269,45.843613,42.716493,8.535696,18.074193,1,-1,-1,-1,0.656986,0.656986,3.320085,2.701638
18,2268,-229.349181,118.172628,19.301681,8.501636,1,-1,-1,-1,0.656986,0.656986,3.320085,2.701638
18,2267,49.836454,246.788843,8.964953,18.671365,1,-1,-1,-1,0.658927,0.658927,3.521602,2.835123
18,2266,35.583860,212.875644,7.771926,15.637834,1,-1,-1,-1,0.656986,0.656986,3.320085,2.701638
18,2265,50.457895,215.525064,8.539059,16.510857,1,-1,-1,-1,0.656986,0.656986,3.320085,2.701638
18,2264,34.922249,187.615717,8.263258,18.980238,1,-1,-1,-1,0.656986,0.656986,3.320085,2.701638
18,2263,-263.720111,118.120134,15.273590,7.963489,1,-1,-1,-1,0.656986,0.656986,3.320085,2.701638
18,2262,46.632177,71.621594,7.950234,18.976880,1,-1,-1,-1,0.656986,0.656986,3.320085,2.701638
18,2261,122.509561,130.880141,18.500858,7.742204,1,-1,-1,-1,0.656986,0.656986,3.320085,2.701638
18,2260,93.926068,130.707477,16.761530,7.328470,1,-1,-1,-1,0.656986,0.656986,3.320085,2.701638
19,2269,45.917969,42.665564,8.541877,18.060819,1,-1,-1,-1,0.656225,0.656225,3.274518,2.701603
19,2268,-227.307312,118.035531,19.652423,8.469928,1,-1,-1,-1,0.656225,0.656225,3.274518,2.701603
19,2267,50.404313,246.882272,9.063861,18.754523,1,-1,-1,-1,0.656409,0.656409,3.376861,2.772019
19,2266,36.290486,213.329335,7.764679,15.702351,1,-1,-1,-1,0.656225,0.656225,3.274518,2.701603
19,2265,50.378402,216.181742,8.313568,16.426564,1,-1,-1,-1,0.656225,0.656225,3.274518,2.701603
19,2264,35.488749,187.542268,8.296749,19.081380,1,-1,-1,-1,0.656225,0.656225,3.274518,2.701603
19,2263,-263.123525,118.119568,15.269348,7.962249,1,-1,-1,-1,0.656225,0.656225,3.274518,2.701603
19,2262,47.123188,71.611110,7.950020,18.971959,1,-1,-1,-1,0.656225,0.656225,3.274518,2.701603
19,2261,122.511480,130.879604,18.503579,7.741713,1,-1,-1,-1,0.656225,0.656225,3.274518,2.701603
19,2260,93.084622,130.658632,16.782718,7.317996,1,-1,-1,-1,0.656225,0.656225,3.274518,2.701603
20,2269,46.863306,42.742658,8.485144,18.057263,1,-1,-1,-1,0.655613,0.655613,3.234861,2.701584
20,2268,-224.880764,117.928914,19.948178,8.422898,1,-1,-1,-1,0.655613,0.655613,3.234861,2.701584
20,2267,51.020543,247.235483,9.033787,18.810746,1,-1,-1,-1,0.655618,0.655618,3.287338,2.738901
20,2266,37.223709,213.885614,7.796669,15.847620,1,-1,-1,-1,0.655613,0.655613,3.234861,2.701584
20,2265,50.548171,217.353419,8.261495,16.699371,1,-1,-1,-1,0.655613,0.655613,3.234861,2.701584
20,2264,36.140598,187.657840,8.355154,19.216549,1,-1,-1,-1,0.655613,0.655613,3.234861,2.701584
20,2263,-262.179297,118.069702,15.222885,7.929957,1,-1,-1,-1,0.655613,0.655613,3.234861,2.701584
20,2262,47.877435,71.616329,7.949997,18.971388,1,-1,-1,-1,0.655613,0.655613,3.234861,2.701584
20,2261,122.512911,130.873101,18.496637,7.741011,1,-1,-1,-1,0.655613,0.655613,3.234861,2.701584
20,2260,92.151779,130.798241,16.830641,7.364596,1,-1,-1,-1,0.655613,0.655613,3.234861,2.701584
21,2269,48.222662,42.445532,8.566394,18.025071,1,-1,-1,-1,0.655120,0.655120,3.200116,2.701574
21,2268,-222.276338,117.856167,19.861570,8.326425,1,-1,-1,-1,0.655120,0.655120,3.200116,2.701574
21,2267,52.008568,247.094211,8.919304,18.756696,1,-1,-1,-1,0.655123,0.655123,3.227155,2.721397
21,2266,38.063397,214.917612,8.019715,16.291629,1,-1,-1,-1,0.655120,0.655120,3.200116,2.701574
21,2265,50.896470,217.711814,8.238451,16.940330,1,-1,-1,-1,0.655120,0.655120,3.200116,2.701574
21,2264,37.012650,187.788891,8.501659,19.384718,1,-1,-1,-1,0.655120,0.655120,3.200116,2.701574
21,2263,-260.878370,118.106185,15.235855,7.938195,1,-1,-1,-1,0.655120,0.655120,3.200116,2.701574
21,2262,48.906138,71.620220,7.950087,18.973927,1,-1,-1,-1,0.655120,0.655120,3.200116,2.701574
21,2261,122.511973,130.868852,18.496953,7.737785,1,-1,-1,-1,0.655120,0.655120,3.200116,2.701574
21,2260,91.160745,131.069811,16.927833,7.481463,1,-1,-1,-1,0.655120,0.655120,3.200116,2.701574
22,2269,49.343618,42.446813,8.762479,18.209347,1,-1,-1,-1,0.654721,0.654721,3.169484,2.701568
22,2268,-218.591672,117.814728,19.986211,8.279810,1,-1,-1,-1,0.654721,0.654721,3.169484,2.701568
22,2267,53.336766,247.045948,8.834596,18.735075,1,-1,-1,-1,0.654730,0.654730,3.183444,2.712112
22,2266,39.015830,214.475189,8.235755,16.412845,1,-1,-1,-1,0.654721,0.654721,3.169484,2.701568
22,2265,51.918459,217.210773,8.270165,16.857789,1,-1,-1,-1,0.654721,0.654721,3.169484,2.701568
22,2264,38.260194,187.527570,8.675172,19.476937,1,-1,-1,-1,0.654721,0.654721,3.169484,2.701568
22,2263,-259.168993,118.118687,15.248110,7.944258,1,-1,-1,-1,0.654721,0.654721,3.169484,2.701568
22,2262,50.219485,71.619454,7.950045,18.972822,1,-1,-1,-1,0.654721,0.654721,3.169484,2.701568
22,2261,122.511251,130.869628,18.497803,7.738395,1,-1,-1,-1,0.654721,0.654721,3.169484,2.701568
22,2260,90.124788,131.415951,17.041869,7.652658,1,-1,-1,-1,0.654721,0.654721,3.169484,2.701568
23,2269,50.905319,41.997151,8.763345,17.746014,1,-1,-1,-1,0.654397,0.654397,3.142321,2.701565
23,2268,-214.611119,117.871139,19.772758,8.218006,1,-1,-1,-1,0.654397,0.654397,3.142321,2.701565
23,2267,54.812295,246.956379,8.960244,18.735991,1,-1,-1,-1,0.654408,0.654408,3.149527,2.707178
23,2266,40.340799,214.035926,8.189897,16.404847,1,-1,-1,-1,0.654397,0.654397,3.142321,2.701565
23,2265,53.406627,217.386218,8.276306,16.886802,1,-1,-1,-1,0.654397,0.654397,3.142321,2.701565
23,2264,39.987650,186.782109,8.635250,19.262894,1,-1,-1,-1,0.654397,0.654397,3.142321,2.701565
23,2263,-257.052526,118.120736,15.250669,7.945469,1,-1,-1,-1,0.654397,0.654397,3.142321,2.701565
23,2262,51.840291,71.609181,7.949834,18.966176,1,-1,-1,-1,0.654397,0.654397,3.142321,2.701565
23,2261,122.506102,130.869807,18.501335,7.738928,1,-1,-1,-1,0.654397,0.654397,3.142321,2.701565
23,2260,89.037360,131.807009,17.176740,7.874199,1,-1,-1,-1,0.654397,0.654397,3.142321,2.701565
24,2269,52.703165,42.528858,9.035332,17.998713,1,-1,-1,-1,0.654134,0.654134,3.118101,2.701564
24,2268,-210.028207,117.970313,19.295114,8.197908,1,-1,-1,-1,0.654134,0.654134,3.118101,2.701564
24,2267,57.039188,244.982630,8.924961,17.995797,1,-1,-1,-1,0.654145,0.654145,3.121813,2.704552
24,2266,42.517423,213.175751,8.351463,16.214382,1,-1,-1,-1,0.654134,0.654134,3.118101,2.701564
24,2265,55.176918,216.107177,8.178863,16.528281,1,-1,-1,-1,0.654134,0.654134,3.118101,2.701564
24,2264,41.849446,186.463670,8.810672,19.193931,1,-1,-1,-1,0.654134,0.654134,3.118101,2.701564
24,2263,-254.484076,118.116466,15.258776,7.949490,1,-1,-1,-1,0.654134,0.654134,3.118101,2.701564
24,2262,53.776407,71.608255,7.949785,18.964284,1,-1,-1,-1,0.654134,0.654134,3.118101,2.701564
24,2261,122.508275,130.869860,18.500975,7.739218,1,-1,-1,-1,0.654134,0.654134,3.118101,2.701564
24,2260,87.940412,132.249096,17.336425,8.148836,1,-1,-1,-1,0.654134,0.654134,3.118101,2.701564
25,2269,54.783018,42.692980,9.199481,18.360941,1,-1,-1,-1,0.653921,0.653921,3.096395,2.701563
25,2268,-204.068245,118.141012,19.481079,8.252469,1,-1,-1,-1,0.653921,0.653921,3.096395,2.701563
25,2267,59.171829,245.833508,8.773028,17.987025,1,-1,-1,-1,0.653930,0.653930,3.098300,2.703154
25,2266,44.384647,213.651498,8.598292,16.369018,1,-1,-1,-1,0.653921,0.653921,3.096395,2.701563
25,2265,57.486881,215.886148,8.266601,16.423944,1,-1,-1,-1,0.653921,0.653921,3.096395,2.701563
25,2264,44.097375,186.424731,8.871972,19.066446,1,-1,-1,-1,0.653921,0.653921,3.096395,2.701563
25,2263,-251.486885,118.070409,15.226248,7.922189,1,-1,-1,-1,0.653921,0.653921,3.096395,2.701563
25,2262,56.010731,71.608265,7.949757,18.962920,1,-1,-1,-1,0.653921,0.653921,3.096395,2.701563
25,2261,122.513653,130.878257,18.498288,7.742242,1,-1,-1,-1,0.653921,0.653921,3.096395,2.701563
25,2260,86.820877,132.725334,17.514629,8.470028,1,-1,-1,-1,0.653921,0.653921,3.096395,2.701563
26,2269,57.429907,41.914803,9.072703,18.281678,1,-1,-1,-1,0.653747,0.653747,3.076849,2.701563
26,2268,-197.691206,119.038345,19.798189,8.510830,1,-1,-1,-1,0.653747,0.653747,3.076849,2.701563
26,2267,61.813159,246.985692,8.765632,18.185290,1,-1,-1,-1,0.653755,0.653755,3.077820,2.702410
26,2266,46.949161,213.417968,8.682640,16.355160,1,-1,-1,-1,0.653747,0.653747,3.076849,2.701563
26,2265,59.825074,215.299732,8.080547,16.071712,1,-1,-1,-1,0.653747,0.653747,3.076849,2.701563
26,2264,46.592308,187.019028,8.855301,19.170922,1,-1,-1,-1,0.653747,0.653747,3.076849,2.701563
26,2263,-248.064078,118.084767,15.240369,7.926796,1,-1,-1,-1,0.653747,0.653747,3.076849,2.701563
26,2262,58.523166,71.608540,7.949742,18.961938,1,-1,-1,-1,0.653747,0.653747,3.076849,2.701563
26,2261,122.516175,130.880926,18.496300,7.744441,1,-1,-1,-1,0.653747,0.653747,3.076849,2.701563
26,2260,85.778071,133.519100,17.715782,8.870136,1,-1,-1,-1,0.653747,0.653747,3.076849,2.701563
27,2269,60.313458,41.180710,8.827446,17.507893,1,-1,-1,-1,0.653605,0.653605,3.059169,2.701562
27,2268,-191.640203,120.582040,20.138069,9.029401,1,-1,-1,-1,0.653605,0.653605,3.059169,2.701562
27,2267,64.751721,247.102202,8.986260,18.486516,1,-1,-1,-1,0.653612,0.653612,3.059659,2.702014
27,2266,49.909241,213.598613,8.452604,16.197304,1,-1,-1,-1,0.653605,0.653605,3.059169,2.701562
27,2265,62.432674,217.303406,8.275221,16.503788,1,-1,-1,-1,0.653605,0.653605,3.059169,2.701562
27,2264,49.377112,186.944778,8.706645,19.218036,1,-1,-1,-1,0.653605,0.653605,3.059169,2.701562
27,2263,-244.223282,118.083088,15.247751,7.930040,1,-1,-1,-1,0.653605,0.653605,3.059169,2.701562
27,2262,61.331804,71.617212,7.949810,18.964112,1,-1,-1,-1,0.653605,0.653605,3.059169,2.701562
27,2261,122.513825,130.881618,18.489069,7.745888,1,-1,-1,-1,0.653605,0.653605,3.059169,2.701562
27,2260,84.847312,135.198649,18.043692,9.517276,1,-1,-1,-1,0.653605,0.653605,3.059169,2.701562
28,2269,63.391588,42.193457,8.806239,17.649614,1,-1,-1,-1,0.653490,0.653490,3.043111,2.701562
28,2266,53.151010,213.062810,8.475131,15.941879,1,-1,-1,-1,0.653490,0.653490,3.043111,2.701562
28,2265,65.317976,217.930073,8.945086,16.961521,1,-1,-1,-1,0.653490,0.653490,3.043111,2.701562
28,2264,52.698843,186.524426,8.564476,19.007862,1,-1,-1,-1,0.653490,0.653490,3.043111,2.701562
28,2263,-239.934751,118.081999,15.253133,7.932404,1,-1,-1,-1,0.653490,0.653490,3.043111,2.701562
28,2262,64.449783,71.611778,7.949786,18.962821,1,-1,-1,-1,0.653490,0.653490,3.043111,2.701562
28,2261,122.525631,130.873272,18.480525,7.744009,1,-1,-1,-1,0.653490,0.653490,3.043111,2.701562
28,2260,83.963171,137.244081,18.406732,10.341176,1,-1,-1,-1,0.653490,0.653490,3.043111,2.701562
29,2269,66.254469,42.171665,8.815645,17.743758,1,-1,-1,-1,0.653396,0.653396,3.028469,2.701562
29,2266,56.399011,213.235622,8.213695,15.924626,1,-1,-1,-1,0.653396,0.653396,3.028469,2.701562
29,2265,68.136961,218.515940,9.158759,17.363510,1,-1,-1,-1,0.653396,0.653396,3.028469,2.701562
29,2264,55.876672,186.734167,8.643983,19.014902,1,-1,-1,-1,0.653396,0.653396,3.028469,2.701562
29,2263,-235.479236,118.084812,15.266306,7.940124,1,-1,-1,-1,0.653396,0.653396,3.028469,2.701562
29,2262,67.600605,71.620151,7.949910,18.967618,1,-1,-1,-1,0.653396,0.653396,3.028469,2.701562
29,2261,122.522179,130.870347,18.480073,7.742795,1,-1,-1,-1,0.653396,0.653396,3.028469,2.701562
29,2260,82.790191,139.465735,18.724018,11.289678,1,-1,-1,-1,0.653396,0.653396,3.028469,2.701562
30,2269,68.920277,42.937704,9.324208,17.996311,1,-1,-1,-1,0.653319,0.653319,3.015070,2.701562
30,2266,59.023398,213.455211,8.176002,15.960042,1,-1,-1,-1,0.653319,0.653319,3.015070,2.701562
30,2265,71.246568,218.719916,9.156376,17.649286,1,-1,-1,-1,0.653319,0.653319,3.015070,2.701562
30,2264,58.192047,187.199268,8.960332,19.209972,1,-1,-1,-1,0.653319,0.653319,3.015070,2.701562
30,2263,-231.345114,118.080024,15.270438,7.948403,1,-1,-1,-1,0.653319,0.653319,3.015070,2.701562
30,2262,70.287556,71.622501,7.949994,18.971104,1,-1,-1,-1,0.653319,0.653319,3.015070,2.701562
30,2261,122.520929,130.869458,18.479760,7.741917,1,-1,-1,-1,0.653319,0.653319,3.015070,2.701562
30,2260,81.545411,142.908721,18.897511,12.485901,1,-1,-1,-1,0.653319,0.653319,3.015070,2.701562
31,2266,61.031982,212.987836,8.064193,15.751004,1,-1,-1,-1,0.653256,0.653256,3.002767,2.701562
31,2265,74.221495,217.634047,8.754198,17.401664,1,-1,-1,-1,0.653256,0.653256,3.002767,2.701562
31,2264,60.152131,186.785186,9.021379,19.093922,1,-1,-1,-1,0.653256,0.653256,3.002767,2.701562
31,2263,-227.712020,118.055356,15.275949,7.951653,1,-1,-1,-1,0.653256,0.653256,3.002767,2.701562
31,2262,72.323343,71.614396,7.949987,18.970785,1,-1,-1,-1,0.653256,0.653256,3.002767,2.701562
31,2261,122.523352,130.869353,18.473842,7.741157,1,-1,-1,-1,0.653256,0.653256,3.002767,2.701562
31,2260,79.900530,146.866061,18.752314,13.665187,1,-1,-1,-1,0.653256,0.653256,3.002767,2.701562
32,2293,104.708151,84.527152,25.413188,11.551977,1,-1,-1,-1,0.847083,0.847083,7.132717,3.262201
32,2266,62.557756,213.008035,7.888418,15.592741,1,-1,-1,-1,0.653205,0.653205,2.991436,2.701562
32,2265,75.977748,218.099133,8.644756,17.544236,1,-1,-1,-1,0.653205,0.653205,2.991436,2.701562
32,2264,61.486219,187.016504,8.924665,19.082760,1,-1,-1,-1,0.653205,0.653205,2.991436,2.701562
32,2263,-224.669156,118.055744,15.280518,7.959699,1,-1,-1,-1,0.653205,0.653205,2.991436,2.701562
32,2262,73.625866,71.619737,7.950044,18.973400,1,-1,-1,-1,0.653205,0.653205,2.991436,2.701562
32,2261,122.520430,130.871273,18.472750,7.743521,1,-1,-1,-1,0.653205,0.653205,2.991436,2.701562
32,2260,77.899291,150.968973,18.115805,14.708266,1,-1,-1,-1,0.653205,0.653205,2.991436,2.701562
33,2294,75.839481,246.097914,8.114989,18.255792,1,-1,-1,-1,0.847083,0.847083,7.132717,3.262201
33,2293,104.819649,84.419817,25.265236,11.376346,1,-1,-1,-1,0.780933,0.780933,6.225018,2.988460
33,2266,62.987235,214.492770,8.030842,16.044816,1,-1,-1,-1,0.653163,0.653163,2.980969,2.701562
33,2265,76.926307,217.233721,8.424312,17.254510,1,-1,-1,-1,0.653163,0.653163,2.980969,2.701562
33,2264,61.990423,187.532198,9.044108,19.294780,1,-1,-1,-1,0.653163,0.653163,2.980969,2.701562
33,2263,-222.218272,118.012974,15.262571,7.950845,1,-1,-1,-1,0.653163,0.653163,2.980969,2.701562
33,2262,74.185997,71.619458,7.950022,18.972459,1,-1,-1,-1,0.653163,0.653163,2.980969,2.701562
33,2261,122.524208,130.871632,18.469106,7.745186,1,-1,-1,-1,0.653163,0.653163,2.980969,2.701562
33,2260,76.462642,155.077498,16.991425,15.511128,1,-1,-1,-1,0.653163,0.653163,2.980969,2.701562
34,2294,75.185414,246.704378,8.669219,19.041704,1,-1,-1,-1,0.780933,0.780933,6.225018,2.988460
34,2293,105.288981,84.621997,25.522327,11.486829,1,-1,-1,-1,0.739812,0.739812,5.560040,2.851250
34,2269,74.085628,42.614358,8.186292,16.152095,1,-1,-1,-1,0.655025,0.655025,3.133212,2.835011
34,2266,62.974975,216.270549,8.211501,16.831384,1,-1,-1,-1,0.653129,0.653129,2.971273,2.701562
34,2265,77.265500,216.056116,8.181253,16.775680,1,-1,-1,-1,0.653129,0.653129,2.971273,2.701562
34,2264,62.105532,187.688596,8.985994,19.360917,1,-1,-1,-1,0.653129,0.653129,2.971273,2.701562
34,2263,-220.010186,118.030563,15.282622,7.965064,1,-1,-1,-1,0.653129,0.653129,2.971273,2.701562
34,2262,74.348578,71.621348,7.950065,18.974611,1,-1,-1,-1,0.653129,0.653129,2.971273,2.701562
34,2261,122.524600,130.869663,18.463294,7.743512,1,-1,-1,-1,0.653129,0.653129,2.971273,2.701562
34,2260,75.420301,158.973782,15.695497,16.097927,1,-1,-1,-1,0.653129,0.653129,2.971273,2.701562
35,2294,74.731045,247.131527,9.428386,19.754924,1,-1,-1,-1,0.739812,0.739812,5.560040,2.851250
35,2293,104.906369,84.477493,25.445656,11.444250,1,-1,-1,-1,0.714060,0.714060,5.062690,2.780435
35,2269,74.239682,42.726181,8.058726,15.775469,1,-1,-1,-1,0.653275,0.653275,3.046874,2.771961
35,2266,63.420900,213.875404,8.056952,16.407349,1,-1,-1,-1,0.653101,0.653101,2.962268,2.701562
35,2265,77.272674,216.139905,8.091393,16.516131,1,-1,-1,-1,0.653101,0.653101,2.962268,2.701562
35,2264,62.107926,187.419700,9.058730,19.209104,1,-1,-1,-1,0.653101,0.653101,2.962268,2.701562
35,2263,-217.801600,118.015491,15.288614,7.975157,1,-1,-1,-1,0.653101,0.653101,2.962268,2.701562
35,2262,74.363697,71.621674,7.950093,18.976175,1,-1,-1,-1,0.653101,0.653101,2.962268,2.701562
35,2261,122.520922,130.871032,18.462229,7.745190,1,-1,-1,-1,0.653101,0.653101,2.962268,2.701562
35,2260,74.618347,162.539214,14.308525,16.480763,1,-1,-1,-1,0.653101,0.653101,2.962268,2.701562
36,2294,74.920165,246.936325,9.491915,19.642978,1,-1,-1,-1,0.714060,0.714060,5.062690,2.780435
36,2293,105.263428,84.570676,25.530535,11.449562,1,-1,-1,-1,0.697349,0.697349,4.683127,2.743335
36,2269,74.184415,43.003710,7.967852,15.642462,1,-1,-1,-1,0.653081,0.653081,2.998340,2.738870
36,2266,63.084728,215.217498,8.192299,16.866217,1,-1,-1,-1,0.653078,0.653078,2.953887,2.701562
36,2265,77.402090,216.853095,8.061165,16.585069,1,-1,-1,-1,0.653078,0.653078,2.953887,2.701562
36,2264,62.165653,187.499609,9.032092,19.104162,1,-1,-1,-1,0.653078,0.653078,2.953887,2.701562
36,2263,-215.508638,117.991332,15.298062,7.976972,1,-1,-1,-1,0.653078,0.653078,2.953887,2.701562
36,2262,74.326793,71.621504,7.950111,18.977311,1,-1,-1,-1,0.653078,0.653078,2.953887,2.701562
36,2261,122.526259,130.871266,18.461453,7.746416,1,-1,-1,-1,0.653078,0.653078,2.953887,2.701562
36,2260,74.238127,165.832368,12.941146,16.702292,1,-1,-1,-1,0.653078,0.653078,2.953887,2.701562
37,2294,75.579807,246.314007,9.180637,19.039883,1,-1,-1,-1,0.697349,0.697349,4.683127,2.743335
37,2293,105.266958,84.791715,25.685389,11.567427,1,-1,-1,-1,0.686065,0.686065,4.388218,2.723746
37,2269,74.212058,42.871228,7.801857,15.456501,1,-1,-1,-1,0.653064,0.653064,2.969487,2.721381
37,2266,62.812889,217.086344,8.362520,17.659958,1,-1,-1,-1,0.653059,0.653059,2.946067,2.701562
37,2265,77.404069,216.857582,7.958523,16.561946,1,-1,-1,-1,0.653059,0.653059,2.946067,2.701562
37,2264,62.111313,187.279738,8.888627,18.576626,1,-1,-1,-1,0.653059,0.653059,2.946067,2.701562
37,2263,-213.091961,117.977390,15.302328,7.981032,1,-1,-1,-1,0.653059,0.653059,2.946067,2.701562
37,2262,74.274037,71.621220,7.950122,18.978136,1,-1,-1,-1,0.653059,0.653059,2.946067,2.701562
37,2261,122.528436,130.871143,18.460890,7.747312,1,-1,-1,-1,0.653059,0.653059,2.946067,2.701562
37,2260,74.312243,168.979817,11.810218,16.854267,1,-1,-1,-1,0.653059,0.653059,2.946067,2.701562
38,2294,76.293121,246.222737,9.124099,18.837435,1,-1,-1,-1,0.686065,0.686065,4.388218,2.723746
38,2269,74.206101,42.949690,7.719032,15.339771,1,-1,-1,-1,0.653055,0.653055,2.951107,2.712104
38,2266,63.210911,213.889617,8.079871,16.961130,1,-1,-1,-1,0.653044,0.653044,2.938756,2.701562
38,2265,77.301988,216.962532,7.927273,16.591294,1,-1,-1,-1,0.653044,0.653044,2.938756,2.701562
38,2264,62.265230,187.240430,8.781057,18.744546,1,-1,-1,-1,0.653044,0.653044,2.938756,2.701562
38,2263,-210.527537,117.958554,15.305396,7.983973,1,-1,-1,-1,0.653044,0.653044,2.938756,2.701562
38,2262,74.225488,71.610709,7.950030,18.973093,1,-1,-1,-1,0.653044,0.653044,2.938756,2.701562
38,2261,122.529364,130.870940,18.460482,7.747968,1,-1,-1,-1,0.653044,0.653044,2.938756,2.701562
38,2260,74.525084,171.849831,10.867333,16.935091,1,-1,-1,-1,0.653044,0.653044,2.938756,2.701562
39,2294,76.781575,246.407008,8.824307,18.668446,1,-1,-1,-1,0.678159,0.678159,4.155461,2.713360
39,2269,74.260323,42.972188,7.652858,15.201886,1,-1,-1,-1,0.653044,0.653044,2.938420,2.707173
39,2266,63.334688,212.879534,7.976810,16.511368,1,-1,-1,-1,0.653031,0.653031,2.931907,2.701562
39,2265,77.373193,216.159495,7.909591,16.305407,1,-1,-1,-1,0.653031,0.653031,2.931907,2.701562
39,2264,62.165525,187.386589,8.738557,18.872314,1,-1,-1,-1,0.653031,0.653031,2.931907,2.701562
39,2263,-207.819548,117.938138,15.301964,7.985979,1,-1,-1,-1,0.653031,0.653031,2.931907,2.701562
39,2262,74.168749,71.615981,7.950014,18.972239,1,-1,-1,-1,0.653031,0.653031,2.931907,2.701562
39,2261,122.523255,130.877278,18.460188,7.748448,1,-1,-1,-1,0.653031,0.653031,2.931907,2.701562
39,2260,74.760421,174.445133,10.071581,16.964723,1,-1,-1,-1,0.653031,0.653031,2.931907,2.701562
40,2294,76.922863,246.634316,8.619967,18.569657,1,-1,-1,-1,0.672446,0.672446,3.969193,2.707841
40,2269,74.086207,43.256830,7.742238,15.292218,1,-1,-1,-1,0.653033,0.653033,2.928911,2.704550
40,2266,63.286505,212.237083,7.879907,16.071822,1,-1,-1,-1,0.653021,0.653021,2.925479,2.701562
40,2265,77.194194,216.479323,8.065115,16.349284,1,-1,-1,-1,0.653021,0.653021,2.925479,2.701562
40,2264,61.889923,187.709818,8.578789,18.999284,1,-1,-1,-1,0.653021,0.653021,2.925479,2.701562
40,2263,-204.967637,117.881850,15.298415,7.973347,1,-1,-1,-1,0.653021,0.653021,2.925479,2.701562
40,2262,74.118472,71.618144,7.950003,18.971617,1,-1,-1,-1,0.653021,0.653021,2.925479,2.701562
40,2261,122.520992,130.873060,18.459977,7.748800,1,-1,-1,-1,0.653021,0.653021,2.925479,2.701562
40,2260,74.980430,176.783530,9.400735,16.958546,1,-1,-1,-1,0.653021,0.653021,2.925479,2.701562
41,2293,104.889359,84.484235,25.046904,11.419097,1,-1,-1,-1,0.667041,0.667041,3.930852,2.837618
41,2269,74.015195,43.276532,7.758367,15.393915,1,-1,-1,-1,0.653023,0.653023,2.921241,2.703153
41,2266,62.858742,213.531779,8.073180,16.330756,1,-1,-1,-1,0.653013,0.653013,2.919436,2.701562
41,2265,77.310918,215.496499,7.974152,15.916240,1,-1,-1,-1,0.653013,0.653013,2.919436,2.701562
41,2264,61.914148,187.348902,8.620830,19.046676,1,-1,-1,-1,0.653013,0.653013,2.919436,2.701562
41,2263,-201.976419,117.876979,15.299454,7.975462,1,-1,-1,-1,0.653013,0.653013,2.919436,2.701562
41,2262,74.073408,71.619075,7.949996,18.971164,1,-1,-1,-1,0.653013,0.653013,2.919436,2.701562
41,2261,122.522047,130.877891,18.462638,7.749105,1,-1,-1,-1,0.653013,0.653013,2.919436,2.701562
41,2260,75.181360,178.860040,8.838200,16.928150,1,-1,-1,-1,0.653013,0.653013,2.919436,2.701562
42,2269,74.077930,43.021051,7.713123,15.299188,1,-1,-1,-1,0.653015,0.653015,2.914692,2.702410
42,2266,62.587609,216.409409,8.492948,17.378201,1,-1,-1,-1,0.653006,0.653006,2.913746,2.701562
42,2265,77.192813,215.757121,7.927326,15.726149,1,-1,-1,-1,0.653006,0.653006,2.913746,2.701562
42,2264,61.857220,187.513591,8.619211,19.158143,1,-1,-1,-1,0.653006,0.653006,2.913746,2.701562
42,2263,-198.826793,117.847247,15.297180,7.974132,1,-1,-1,-1,0.653006,0.653006,2.913746,2.701562
42,2262,74.032790,71.621366,7.950035,18.973642,1,-1,-1,-1,0.653006,0.653006,2.913746,2.701562
42,2261,122.522001,130.879660,18.464579,7.749326,1,-1,-1,-1,0.653006,0.653006,2.913746,2.701562
42,2260,75.277507,180.793960,8.507247,16.937534,1,-1,-1,-1,0.653006,0.653006,2.913746,2.701562
43,2269,73.640389,42.694711,8.032841,16.160272,1,-1,-1,-1,0.653008,0.653008,2.908873,2.702013
43,2266,62.666125,213.791477,8.234482,16.766215,1,-1,-1,-1,0.653000,0.653000,2.908379,2.701562
43,2265,76.927526,217.988194,8.089795,16.467392,1,-1,-1,-1,0.653000,0.653000,2.908379,2.701562
43,2264,61.778668,187.471640,8.580224,19.186240,1,-1,-1,-1,0.653000,0.653000,2.908379,2.701562
43,2263,-195.550572,117.842115,15.307347,7.981793,1,-1,-1,-1,0.653000,0.653000,2.908379,2.701562
43,2262,73.996147,71.619933,7.950019,18.972641,1,-1,-1,-1,0.653000,0.653000,2.908379,2.701562
43,2261,122.521530,130.882134,18.466244,7.752292,1,-1,-1,-1,0.653000,0.653000,2.908379,2.701562
43,2260,75.414898,182.423946,8.274134,16.935570,1,-1,-1,-1,0.653000,0.653000,2.908379,2.701562
44,2309,63.094225,241.962957,8.135283,19.260635,1,-1,-1,-1,0.847083,0.847083,7.132717,3.262201
44,2308,-139.424271,206.487515,8.337027,19.789338,1,-1,-1,-1,0.847083,0.847083,7.132717,3.262201
44,2269,73.814878,42.923445,7.923513,15.940110,1,-1,-1,-1,0.653002,0.653002,2.903566,2.701803
44,2266,62.323145,216.142395,8.589513,17.572813,1,-1,-1,-1,0.652996,0.652996,2.903309,2.701562
44,2265,76.937849,216.755654,8.065574,16.260614,1,-1,-1,-1,0.652996,0.652996,2.903309,2.701562
44,2264,61.749981,187.054131,8.519555,19.110312,1,-1,-1,-1,0.652996,0.652996,2.903309,2.701562
44,2263,-192.078022,117.811363,15.308904,7.984447,1,-1,-1,-1,0.652996,0.652996,2.903309,2.701562
44,2262,73.967720,71.611278,7.947163,18.968871,1,-1,-1,-1,0.652996,0.652996,2.903309,2.701562
44,2261,122.519332,130.874155,18.464403,7.751608,1,-1,-1,-1,0.652996,0.652996,2.903309,2.701562
44,2260,75.547730,183.833573,8.101318,16.934116,1,-1,-1,-1,0.652996,0.652996,2.903309,2.701562
45,2309,63.044486,242.196750,8.229507,19.609305,1,-1,-1,-1,0.780933,0.780933,6.225018,2.988460
45,2308,-139.666466,212.341766,8.254721,19.902783,1,-1,-1,-1,0.780933,0.780933,6.225018,2.988460
45,2293,104.977075,84.579793,25.331287,11.427654,1,-1,-1,-1,0.659891,0.659891,3.600380,2.850791
45,2269,73.916598,42.909057,7.795518,15.713573,1,-1,-1,-1,0.652997,0.652997,2.898647,2.701690
45,2266,62.121046,216.533992,8.749446,18.234558,1,-1,-1,-1,0.652992,0.652992,2.898514,2.701562
45,2265,76.853879,218.282453,8.268078,16.806234,1,-1,-1,-1,0.652992,0.652992,2.898514,2.701562
45,2264,61.716698,186.746191,8.449290,18.975260,1,-1,-1,-1,0.652992,0.652992,2.898514,2.701562
45,2263,-188.436836,117.788491,15.310208,7.989169,1,-1,-1,-1,0.652992,0.652992,2.898514,2.701562
45,2262,73.935347,71.618796,7.947967,18.971968,1,-1,-1,-1,0.652992,0.652992,2.898514,2.701562
45,2261,122.520694,130.871204,18.465865,7.751153,1,-1,-1,-1,0.652992,0.652992,2.898514,2.701562
45,2260,75.655043,185.027473,7.975180,16.927813,1,-1,-1,-1,0.652992,0.652992,2.898514,2.701562
46,2309,63.030790,241.814499,8.254291,19.733450,1,-1,-1,-1,0.739812,0.739812,5.560040,2.851250
46,2308,-139.430681,217.075676,8.183051,19.648498,1,-1,-1,-1,0.739812,0.739812,5.560040,2.851250
46,2293,105.141123,84.797645,25.490936,11.535867,1,-1,-1,-1,0.657179,0.657179,3.434277,2.780196
46,2269,73.953884,42.942682,7.723676,15.700155,1,-1,-1,-1,0.652993,0.652993,2.894041,2.701630
46,2266,62.053434,215.810020,8.964529,18.666821,1,-1,-1,-1,0.652989,0.652989,2.893973,2.701562
46,2265,76.878191,216.371862,8.134575,16.401052,1,-1,-1,-1,0.652989,0.652989,2.893973,2.701562
46,2264,61.714810,186.510061,8.377778,18.805542,1,-1,-1,-1,0.652989,0.652989,2.893973,2.701562
46,2263,-184.634429,117.768258,15.314115,7.995447,1,-1,-1,-1,0.652989,0.652989,2.893973,2.701562
46,2262,73.913776,71.610860,7.948472,18.968626,1,-1,-1,-1,0.652989,0.652989,2.893973,2.701562
46,2261,122.519100,130.876711,18.464136,7.750780,1,-1,-1,-1,0.652989,0.652989,2.893973,2.701562
46,2260,75.758517,186.009959,7.877290,16.903815,1,-1,-1,-1,0.652989,0.652989,2.893973,2.701562
47,2309,63.023412,241.851674,8.303272,19.858716,1,-1,-1,-1,0.714060,0.714060,5.062690,2.780435
47,2308,-139.255676,222.907225,8.200871,20.131090,1,-1,-1,-1,0.714060,0.714060,5.062690,2.780435
47,2293,105.200042,84.779487,25.578104,11.579148,1,-1,-1,-1,0.656238,0.656238,3.332376,2.743209
47,2269,73.941660,42.986870,7.680343,15.450242,1,-1,-1,-1,0.652990,0.652990,2.889701,2.701598
47,2266,62.575523,212.793413,8.524570,17.500681,1,-1,-1,-1,0.652986,0.652986,2.889667,2.701562
47,2265,76.853704,216.638659,8.049802,16.368888,1,-1,-1,-1,0.652986,0.652986,2.889667,2.701562
47,2264,61.804604,185.872701,8.286412,18.423673,1,-1,-1,-1,0.652986,0.652986,2.889667,2.701562
47,2263,-180.730810,117.706745,15.324598,7.988955,1,-1,-1,-1,0.652986,0.652986,2.889667,2.701562
47,2262,73.884735,71.616836,7.948881,18.968988,1,-1,-1,-1,0.652986,0.652986,2.889667,2.701562
47,2261,122.520674,130.878844,18.465674,7.750550,1,-1,-1,-1,0.652986,0.652986,2.889667,2.701562
47,2260,75.834961,186.872109,7.811585,16.894613,1,-1,-1,-1,0.652986,0.652986,2.889667,2.701562
48,2312,63.788295,270.994059,8.114607,18.178567,1,-1,-1,-1,0.847083,0.847083,7.132717,3.262201
48,2309,62.979804,242.325860,8.339169,19.982106,1,-1,-1,-1,0.697349,0.697349,4.683127,2.743335
48,2308,-139.141588,226.861313,8.022247,19.849111,1,-1,-1,-1,0.697349,0.697349,4.683127,2.743335
48,2293,104.802145,84.758110,25.579812,11.615363,1,-1,-1,-1,0.655624,0.655624,3.264286,2.723679
48,2269,73.924483,43.023855,7.746974,15.374628,1,-1,-1,-1,0.652987,0.652987,2.885596,2.701581
48,2266,62.714159,212.018460,8.203204,16.699073,1,-1,-1,-1,0.652984,0.652984,2.885579,2.701562
48,2265,76.782604,217.751027,8.212473,16.819164,1,-1,-1,-1,0.652984,0.652984,2.885579,2.701562
48,2264,61.768381,186.691234,8.309162,18.580705,1,-1,-1,-1,0.652984,0.652984,2.885579,2.701562
48,2263,-176.769359,117.684288,15.318780,7.992365,1,-1,-1,-1,0.652984,0.652984,2.885579,2.701562
48,2262,73.860782,71.619057,7.949179,18.969252,1,-1,-1,-1,0.652984,0.652984,2.885579,2.701562
48,2261,122.522882,130.879661,18.469591,7.750421,1,-1,-1,-1,0.652984,0.652984,2.885579,2.701562
48,2260,75.898637,187.590517,7.766393,16.885260,1,-1,-1,-1,0.652984,0.652984,2.885579,2.701562
49,2312,63.901207,270.710501,7.858045,17.537404,1,-1,-1,-1,0.780933,0.780933,6.225018,2.988460
49,2309,62.942307,242.890791,8.402085,20.256699,1,-1,-1,-1,0.686065,0.686065,4.388218,2.723746
49,2308,-139.289401,230.286287,8.007156,19.620948,1,-1,-1,-1,0.686065,0.686065,4.388218,2.723746
49,2293,104.746585,84.484998,25.542518,11.481972,1,-1,-1,-1,0.655135,0.655135,3.215080,2.713324
49,2269,73.852315,42.912911,7.755115,15.374969,1,-1,-1,-1,0.652985,0.652985,2.881702,2.701572
49,2266,62.240255,214.895944,8.463832,17.546107,1,-1,-1,-1,0.652983,0.652983,2.881694,2.701562
49,2265,76.759530,218.227639,8.261883,17.108708,1,-1,-1,-1,0.652983,0.652983,2.881694,2.701562
49,2264,61.797500,186.247851,8.288120,18.379153,1,-1,-1,-1,0.652983,0.652983,2.881694,2.701562
49,2263,-172.761666,117.664607,15.317483,7.997680,1,-1,-1,-1,0.652983,0.652983,2.881694,2.701562
49,2262,73.840017,71.619855,7.949397,18.969444,1,-1,-1,-1,0.652983,0.652983,2.881694,2.701562
49,2261,122.523036,130.879977,18.472447,7.750326,1,-1,-1,-1,0.652983,0.652983,2.881694,2.701562
49,2260,75.955237,188.171391,7.730538,16.872654,1,-1,-1,-1,0.652983,0.652983,2.881694,2.701562
50,2312,63.637135,271.633272,8.185846,18.409632,1,-1,-1,-1,0.739812,0.739812,5.560040,2.851250
50,2309,63.009376,242.307067,8.378747,20.009315,1,-1,-1,-1,0.678159,0.678159,4.155461,2.713360
50,2308,-139.271368,232.977621,8.170613,19.159603,1,-1,-1,-1,0.678159,0.678159,4.155461,2.713360
50,2293,105.087700,84.460133,25.547740,11.449807,1,-1,-1,-1,0.654737,0.654737,3.177073,2.707822
50,2269,73.698670,43.094577,7.733981,15.496914,1,-1,-1,-1,0.652983,0.652983,2.878000,2.701568
50,2265,76.704116,217.481868,8.214863,16.988382,1,-1,-1,-1,0.652981,0.652981,2.877997,2.701562
50,2264,61.803441,186.510414,8.315816,18.398791,1,-1,-1,-1,0.652981,0.652981,2.877997,2.701562
50,2263,-168.698027,117.630761,15.313713,8.001500,1,-1,-1,-1,0.652981,0.652981,2.877997,2.701562
50,2262,73.828159,71.603321,7.949482,18.964002,1,-1,-1,-1,0.652981,0.652981,2.877997,2.701562
50,2261,122.518848,130.873604,18.468949,7.750181,1,-1,-1,-1,0.652981,0.652981,2.877997,2.701562
50,2260,75.994913,188.680976,7.704478,16.871677,1,-1,-1,-1,0.652981,0.652981,2.877997,2.701562
51,2309,62.956859,242.105786,8.389963,20.009289,1,-1,-1,-1,0.672446,0.672446,3.969193,2.707841
51,2293,105.276960,84.356951,25.505218,11.389842,1,-1,-1,-1,0.654411,0.654411,3.146149,2.704895
51,2269,73.672543,43.152757,7.811914,15.533035,1,-1,-1,-1,0.652982,0.652982,2.874477,2.701565
51,2265,76.727412,217.692732,8.212632,17.019152,1,-1,-1,-1,0.652980,0.652980,2.874476,2.701562
51,2264,61.841726,186.163137,8.281446,18.247561,1,-1,-1,-1,0.652980,0.652980,2.874476,2.701562
51,2263,-164.608010,117.604777,15.319301,8.004417,1,-1,-1,-1,0.652980,0.652980,2.874476,2.701562
51,2262,73.812246,71.606517,7.946795,18.962622,1,-1,-1,-1,0.652980,0.652980,2.874476,2.701562
51,2261,122.519737,130.877714,18.469189,7.750114,1,-1,-1,-1,0.652980,0.652980,2.874476,2.701562
51,2260,76.036559,189.070902,7.682582,16.865209,1,-1,-1,-1,0.652980,0.652980,2.874476,2.701562
52,2309,62.967094,241.843916,8.387612,19.870777,1,-1,-1,-1,0.668212,0.668212,3.818265,2.704905
52,2293,104.859412,84.499440,25.475465,11.410232,1,-1,-1,-1,0.654147,0.654147,3.120018,2.703337
52,2269,73.772978,43.055632,7.727703,15.582573,1,-1,-1,-1,0.652980,0.652980,2.871120,2.701564
52,2265,76.630325,217.391198,8.170783,16.947824,1,-1,-1,-1,0.652979,0.652979,2.871119,2.701562
52,2264,61.752876,186.854500,8.288409,18.416236,1,-1,-1,-1,0.652979,0.652979,2.871119,2.701562
52,2263,-160.470298,117.555892,15.326134,8.006574,1,-1,-1,-1,0.652979,0.652979,2.871119,2.701562
52,2262,73.793390,71.616313,7.947660,18.964612,1,-1,-1,-1,0.652979,0.652979,2.871119,2.701562
52,2261,122.520038,130.872754,18.469365,7.750065,1,-1,-1,-1,0.652979,0.652979,2.871119,2.701562
52,2260,76.058339,189.425323,7.675261,16.883188,1,-1,-1,-1,0.652979,0.652979,2.871119,2.701562
53,2309,62.954298,242.395076,8.379984,19.870533,1,-1,-1,-1,0.665009,0.665009,3.694582,2.703342
53,2293,104.621888,84.401449,25.409790,11.363121,1,-1,-1,-1,0.653931,0.653931,3.097347,2.702507
53,2269,73.604177,43.111236,7.734649,15.540273,1,-1,-1,-1,0.652979,0.652979,2.867916,2.701563
53,2265,76.677039,217.167612,8.167694,16.854839,1,-1,-1,-1,0.652978,0.652978,2.867916,2.701562
53,2264,61.738499,187.026321,8.315405,18.547909,1,-1,-1,-1,0.652978,0.652978,2.867916,2.701562
53,2263,-156.296642,117.522800,15.325361,8.005259,1,-1,-1,-1,0.652978,0.652978,2.867916,2.701562
53,2262,73.784868,71.602905,7.948221,18.960492,1,-1,-1,-1,0.652978,0.652978,2.867916,2.701562
53,2261,122.521998,130.877390,18.472280,7.750065,1,-1,-1,-1,0.652978,0.652978,2.867916,2.701562
53,2260,76.083216,189.691970,7.669880,16.896273,1,-1,-1,-1,0.652978,0.652978,2.867916,2.701562
54,2312,63.428506,271.027931,8.405601,18.954700,1,-1,-1,-1,0.680305,0.680305,4.407867,2.852345
54,2311,76.876691,246.112025,9.067152,17.243744,1,-1,-1,-1,0.670587,0.670587,4.099583,2.881010
54,2309,62.935909,241.994453,8.404224,19.860273,1,-1,-1,-1,0.662548,0.662548,3.592165,2.702510
54,2293,104.738815,84.240525,25.035287,11.292516,1,-1,-1,-1,0.653755,0.653755,3.077318,2.702066
54,2269,73.684778,43.015030,7.714563,15.478012,1,-1,-1,-1,0.652979,0.652979,2.864857,2.701563
54,2265,76.772225,217.039046,8.134499,16.755484,1,-1,-1,-1,0.652978,0.652978,2.864857,2.701562
54,2264,61.730185,186.674155,8.324262,18.492773,1,-1,-1,-1,0.652978,0.652978,2.864857,2.701562
54,2263,-152.106621,117.474860,15.324481,7.998718,1,-1,-1,-1,0.652978,0.652978,2.864857,2.701562
54,2262,73.767934,71.608834,7.948700,18.963057,1,-1,-1,-1,0.652978,0.652978,2.864857,2.701562
54,2261,122.518484,130.872656,18.468838,7.749995,1,-1,-1,-1,0.652978,0.652978,2.864857,2.701562
54,2260,76.108038,189.907140,7.665995,16.911320,1,-1,-1,-1,0.652978,0.652978,2.864857,2.701562
55,2318,62.802325,212.994948,7.531574,15.197250,1,-1,-1,-1,0.847083,0.847083,7.132717,3.262201
55,2312,63.651457,270.487102,8.287323,18.420315,1,-1,-1,-1,0.672667,0.672667,4.079049,2.781005
55,2309,62.996844,241.872934,8.363565,19.745138,1,-1,-1,-1,0.660633,0.660633,3.506534,2.702067
55,2293,105.212100,84.712242,25.251357,11.423826,1,-1,-1,-1,0.653612,0.653612,3.059400,2.701830
55,2269,73.789354,42.911245,7.677076,15.353998,1,-1,-1,-1,0.652978,0.652978,2.861934,2.701562
55,2265,76.592910,217.989874,8.258706,17.010667,1,-1,-1,-1,0.652977,0.652977,2.861934,2.701562
55,2264,61.694415,187.112184,8.347813,18.647958,1,-1,-1,-1,0.652977,0.652977,2.861934,2.701562
55,2263,-147.893205,117.439049,15.323826,7.993943,1,-1,-1,-1,0.652977,0.652977,2.861934,2.701562
55,2262,73.761603,71.608800,7.949016,18.962147,1,-1,-1,-1,0.652977,0.652977,2.861934,2.701562
55,2261,122.519624,130.877382,18.469112,7.749980,1,-1,-1,-1,0.652977,0.652977,2.861934,2.701562
55,2260,76.120687,190.058903,7.665832,16.916877,1,-1,-1,-1,0.652977,0.652977,2.861934,2.701562
56,2318,62.685170,212.833477,7.581517,15.269661,1,-1,-1,-1,0.780933,0.780933,6.225018,2.988460
56,2312,63.826416,270.161137,8.032578,17.743132,1,-1,-1,-1,0.668222,0.668222,3.866204,2.743635
56,2293,104.866359,84.619432,25.337332,11.409967,1,-1,-1,-1,0.653495,0.653495,3.043227,2.701705
56,2269,73.751277,43.103794,7.767390,15.327228,1,-1,-1,-1,0.652978,0.652978,2.859137,2.701562
56,2265,76.478593,218.028445,8.249157,17.123452,1,-1,-1,-1,0.652977,0.652977,2.859137,2.701562
56,2264,61.678016,186.837455,8.370783,18.622908,1,-1,-1,-1,0.652977,0.652977,2.859137,2.701562
56,2263,-143.648979,117.411363,15.320853,7.995976,1,-1,-1,-1,0.652977,0.652977,2.859137,2.701562
56,2262,73.753389,71.608969,7.949247,18.961484,1,-1,-1,-1,0.652977,0.652977,2.859137,2.701562
56,2261,122.518141,130.872666,18.466532,7.749936,1,-1,-1,-1,0.652977,0.652977,2.859137,2.701562
56,2260,76.138455,190.194339,7.665791,16.929196,1,-1,-1,-1,0.652977,0.652977,2.859137,2.701562
57,2318,61.953359,215.217549,8.487965,17.456702,1,-1,-1,-1,0.739812,0.739812,5.560040,2.851250
57,2312,63.711426,270.856807,8.050961,17.829937,1,-1,-1,-1,0.665010,0.665010,3.715104,2.723905
57,2293,105.159462,84.787524,25.473210,11.513167,1,-1,-1,-1,0.653400,0.653400,3.028532,2.701638
57,2269,73.751940,43.235276,7.682022,15.142522,1,-1,-1,-1,0.652977,0.652977,2.856459,2.701562
57,2265,76.535550,217.004101,8.178197,16.946670,1,-1,-1,-1,0.652977,0.652977,2.856459,2.701562
57,2264,61.653362,187.019565,8.386675,18.732163,1,-1,-1,-1,0.652977,0.652977,2.856459,2.701562
57,2263,-139.405696,117.381819,15.318667,7.997452,1,-1,-1,-1,0.652977,0.652977,2.856459,2.701562
57,2262,73.738485,71.609171,7.949417,18.961002,1,-1,-1,-1,0.652977,0.652977,2.856459,2.701562
57,2261,122.519911,130.870866,18.467432,7.749937,1,-1,-1,-1,0.652977,0.652977,2.856459,2.701562
57,2260,76.146375,190.295414,7.668541,16.941073,1,-1,-1,-1,0.652977,0.652977,2.856459,2.701562
58,2318,61.632290,215.890240,8.850335,18.401103,1,-1,-1,-1,0.714060,0.714060,5.062690,2.780435
58,2312,63.636703,269.942243,7.901513,17.244744,1,-1,-1,-1,0.662553,0.662553,3.600571,2.713444
58,2311,76.379309,243.326924,9.924448,15.322079,1,-1,-1,-1,0.661221,0.661221,3.680206,2.855720
58,2293,104.894289,84.410214,25.393745,11.420631,1,-1,-1,-1,0.653322,0.653322,3.015109,2.701603
58,2269,73.713376,43.228490,7.638908,15.192546,1,-1,-1,-1,0.652977,0.652977,2.853894,2.701562
58,2265,76.623695,215.828496,8.263857,16.537265,1,-1,-1,-1,0.652976,0.652976,2.853893,2.701562
58,2264,61.774447,186.017058,8.338177,18.383175,1,-1,-1,-1,0.652976,0.652976,2.853893,2.701562
58,2263,-135.137768,117.351727,15.308723,7.998401,1,-1,-1,-1,0.652976,0.652976,2.853893,2.701562
58,2262,73.728068,71.617757,7.949573,18.963430,1,-1,-1,-1,0.652976,0.652976,2.853893,2.701562
58,2261,122.520433,130.876722,18.468089,7.749939,1,-1,-1,-1,0.652976,0.652976,2.853893,2.701562
58,2260,76.154192,190.369577,7.670475,16.946887,1,-1,-1,-1,0.652976,0.652976,2.853893,2.701562
59,2318,62.140662,212.990351,8.331971,16.942838,1,-1,-1,-1,0.697349,0.697349,4.683127,2.743335
59,2309,62.986072,242.072856,8.392770,19.675748,1,-1,-1,-1,0.658157,0.658157,3.471004,2.835070
59,2293,105.126449,84.515768,25.466746,11.416396,1,-1,-1,-1,0.653259,0.653259,3.002797,2.701584
59,2269,73.670125,43.126574,7.566502,15.057626,1,-1,-1,-1,0.652976,0.652976,2.851434,2.701562
59,2265,76.523133,217.221108,8.268501,16.770473,1,-1,-1,-1,0.652976,0.652976,2.851434,2.701562
59,2264,61.827533,185.916390,8.323148,18.215341,1,-1,-1,-1,0.652976,0.652976,2.851434,2.701562
59,2263,-130.863565,117.314812,15.318117,7.999327,1,-1,-1,-1,0.652976,0.652976,2.851434,2.701562
59,2262,73.719821,71.622476,7.949719,18.967976,1,-1,-1,-1,0.652976,0.652976,2.851434,2.701562
59,2261,122.520519,130.878948,18.468569,7.749940,1,-1,-1,-1,0.652976,0.652976,2.851434,2.701562
59,2260,76.159697,190.421453,7.669113,16.953668,1,-1,-1,-1,0.652976,0.652976,2.851434,2.701562
60,2318,61.830692,215.615402,8.700391,17.993697,1,-1,-1,-1,0.686065,0.686065,4.388218,2.723746
60,2309,62.992625,242.425282,8.410792,19.719927,1,-1,-1,-1,0.655795,0.655795,3.335131,2.771992
60,2293,105.385769,84.676863,25.529319,11.447525,1,-1,-1,-1,0.653207,0.653207,2.991462,2.701574
60,2269,73.673495,43.163877,7.687742,15.096416,1,-1,-1,-1,0.652976,0.652976,2.849075,2.701562
60,2265,76.429688,217.299257,8.248721,16.818351,1,-1,-1,-1,0.652976,0.652976,2.849075,2.701562
60,2264,61.689676,187.009334,8.370634,18.468288,1,-1,-1,-1,0.652976,0.652976,2.849075,2.701562
60,2263,-126.571502,117.281920,15.333278,8.000106,1,-1,-1,-1,0.652976,0.652976,2.849075,2.701562
60,2262,73.712843,71.615045,7.949793,18.968517,1,-1,-1,-1,0.652976,0.652976,2.849075,2.701562
60,2261,122.520469,130.873255,18.468920,7.749941,1,-1,-1,-1,0.652976,0.652976,2.849075,2.701562
60,2260,76.172876,190.452136,7.668088,16.958556,1,-1,-1,-1,0.652976,0.652976,2.849075,2.701562
61,2309,62.988939,242.406267,8.416651,19.736932,1,-1,-1,-1,0.655124,0.655124,3.251754,2.738886
61,2293,105.243036,84.598405,25.568546,11.444226,1,-1,-1,-1,0.653165,0.653165,2.980994,2.701568
61,2269,73.816173,43.093093,7.672704,15.053262,1,-1,-1,-1,0.652976,0.652976,2.846810,2.701562
61,2265,76.568145,217.069127,8.219670,16.800510,1,-1,-1,-1,0.652976,0.652976,2.846809,2.701562
61,2264,61.742590,186.116365,8.386361,18.179525,1,-1,-1,-1,0.652976,0.652976,2.846809,2.701562
61,2263,-122.270319,117.215256,15.329809,7.986578,1,-1,-1,-1,0.652976,0.652976,2.846809,2.701562
61,2262,73.706696,71.620517,7.949877,18.971686,1,-1,-1,-1,0.652976,0.652976,2.846809,2.701562
61,2261,122.520388,130.877618,18.469177,7.749942,1,-1,-1,-1,0.652976,0.652976,2.846809,2.701562
61,2260,76.183319,190.329729,7.677663,16.878699,1,-1,-1,-1,0.652976,0.652976,2.846809,2.701562
62,2312,63.658947,271.522663,7.751985,17.126691,1,-1,-1,-1,0.658931,0.658931,3.521703,2.836409
62,2309,63.030857,242.531892,8.397487,19.761633,1,-1,-1,-1,0.654724,0.654724,3.196203,2.721390
62,2293,105.311785,84.794161,25.621507,11.507140,1,-1,-1,-1,0.653130,0.653130,2.971297,2.701565
62,2269,73.849305,43.190203,7.623949,15.063919,1,-1,-1,-1,0.652976,0.652976,2.844634,2.701562
62,2265,76.568896,217.379953,8.208240,16.878631,1,-1,-1,-1,0.652976,0.652976,2.844634,2.701562
62,2264,61.716569,186.335600,8.386721,18.189094,1,-1,-1,-1,0.652976,0.652976,2.844634,2.701562
62,2263,-117.966286,117.209215,15.330688,7.990630,1,-1,-1,-1,0.652976,0.652976,2.844634,2.701562
62,2262,73.701211,71.622025,7.949938,18.973997,1,-1,-1,-1,0.652976,0.652976,2.844634,2.701562
62,2261,122.520312,130.879274,18.469364,7.749944,1,-1,-1,-1,0.652976,0.652976,2.844634,2.701562
62,2260,76.194280,190.455291,7.674305,16.903664,1,-1,-1,-1,0.652976,0.652976,2.844634,2.701562
63,2312,63.702649,271.617749,7.766899,17.183081,1,-1,-1,-1,0.656412,0.656412,3.376861,2.772691
63,2309,63.028772,242.691681,8.406251,19.850143,1,-1,-1,-1,0.654407,0.654407,3.156175,2.712108
63,2293,104.939958,84.600309,25.520134,11.465487,1,-1,-1,-1,0.653102,0.653102,2.962293,2.701564
63,2269,73.677141,43.131549,7.589584,15.116072,1,-1,-1,-1,0.652976,0.652976,2.842542,2.701562
63,2265,76.507310,217.681655,8.236835,16.991090,1,-1,-1,-1,0.652976,0.652976,2.842542,2.701562
63,2264,61.653654,187.050523,8.389021,18.435407,1,-1,-1,-1,0.652976,0.652976,2.842542,2.701562
63,2263,-113.645205,117.181140,15.331309,7.993580,1,-1,-1,-1,0.652976,0.652976,2.842542,2.701562
63,2262,73.700961,71.611959,7.947150,18.969972,1,-1,-1,-1,0.652976,0.652976,2.842542,2.701562
63,2261,122.520249,130.879893,18.469502,7.749945,1,-1,-1,-1,0.652976,0.652976,2.842542,2.701562
63,2260,76.202213,190.496067,7.671782,16.919098,1,-1,-1,-1,0.652976,0.652976,2.842542,2.701562
64,2323,76.811358,247.996927,9.028924,16.796743,1,-1,-1,-1,0.847083,0.847083,7.132717,3.262201
64,2318,61.512620,215.348602,9.055730,19.177325,1,-1,-1,-1,0.667041,0.667041,3.930852,2.837618
64,2312,63.323834,270.921866,7.816554,17.009789,1,-1,-1,-1,0.655621,0.655621,3.287372,2.739255
64,2309,62.981450,242.552641,8.423756,19.918445,1,-1,-1,-1,0.654146,0.654146,3.125286,2.707176
64,2293,105.256140,84.695892,25.596948,11.528215,1,-1,-1,-1,0.653079,0.653079,2.953911,2.701563
64,2269,73.842564,43.112179,7.540387,14.980299,1,-1,-1,-1,0.652976,0.652976,2.840531,2.701562
64,2265,76.445133,218.026656,8.261268,17.125487,1,-1,-1,-1,0.652975,0.652975,2.840531,2.701562
64,2264,61.642538,186.901177,8.398352,18.489835,1,-1,-1,-1,0.652975,0.652975,2.840531,2.701562
64,2263,-109.303761,117.134534,15.334253,7.990216,1,-1,-1,-1,0.652975,0.652975,2.840531,2.701562
64,2262,73.700677,71.606865,7.947861,18.964430,1,-1,-1,-1,0.652975,0.652975,2.840531,2.701562
64,2261,122.518322,130.873600,18.466832,7.749916,1,-1,-1,-1,0.652975,0.652975,2.840531,2.701562
64,2260,76.206608,190.520132,7.667206,16.935681,1,-1,-1,-1,0.652975,0.652975,2.840531,2.701562
65,2323,76.932805,245.868604,8.887600,16.458371,1,-1,-1,-1,0.780933,0.780933,6.225018,2.988460
65,2312,63.338182,270.896260,7.829099,17.079636,1,-1,-1,-1,0.655125,0.655125,3.227257,2.721585
65,2309,62.981048,242.350855,8.447371,19.963102,1,-1,-1,-1,0.653932,0.653932,3.100116,2.704551
65,2293,104.822605,84.506141,25.576029,11.441846,1,-1,-1,-1,0.653060,0.653060,2.946091,2.701563
65,2269,73.715119,43.037851,7.512149,15.135237,1,-1,-1,-1,0.652976,0.652976,2.838596,2.701562
65,2265,76.436513,217.702300,8.268733,17.109808,1,-1,-1,-1,0.652975,0.652975,2.838596,2.701562
65,2264,61.647320,187.285670,8.418577,18.664758,1,-1,-1,-1,0.652975,0.652975,2.838596,2.701562
65,2263,-104.969354,117.092302,15.339160,7.987792,1,-1,-1,-1,0.652975,0.652975,2.838596,2.701562
65,2262,73.691565,71.607794,7.948409,18.963162,1,-1,-1,-1,0.652975,0.652975,2.838596,2.701562
65,2261,122.518060,130.871211,18.464886,7.749897,1,-1,-1,-1,0.652975,0.652975,2.838596,2.701562
65,2260,76.202379,190.520263,7.669346,16.945306,1,-1,-1,-1,0.652975,0.652975,2.838596,2.701562
66,2323,76.693833,242.672126,9.373701,14.474548,1,-1,-1,-1,0.739812,0.739812,5.560040,2.851250
66,2312,63.372359,270.968461,7.765847,17.064906,1,-1,-1,-1,0.654732,0.654732,3.183609,2.712212
66,2309,62.993278,242.958161,8.437977,20.308704,1,-1,-1,-1,0.653756,0.653756,3.078770,2.703154
66,2293,104.729153,84.468719,25.496511,11.398243,1,-1,-1,-1,0.653044,0.653044,2.938779,2.701562
66,2269,73.787305,42.956354,7.549672,15.262354,1,-1,-1,-1,0.652975,0.652975,2.836733,2.701562
66,2265,76.423435,217.175157,8.195852,16.960540,1,-1,-1,-1,0.652975,0.652975,2.836732,2.701562
66,2264,61.684886,186.916939,8.402885,18.628640,1,-1,-1,-1,0.652975,0.652975,2.836732,2.701562
66,2263,-100.608348,117.066568,15.342857,7.988789,1,-1,-1,-1,0.652975,0.652975,2.836732,2.701562
66,2262,73.692439,71.606515,7.948782,18.959468,1,-1,-1,-1,0.652975,0.652975,2.836732,2.701562
66,2261,122.518311,130.876847,18.463468,7.749884,1,-1,-1,-1,0.652975,0.652975,2.836732,2.701562
66,2260,76.212080,190.505922,7.665280,16.946440,1,-1,-1,-1,0.652975,0.652975,2.836732,2.701562
67,2312,63.384132,270.760608,7.792272,17.003762,1,-1,-1,-1,0.654410,0.654410,3.149740,2.707231
67,2309,63.004989,243.179502,8.459318,20.616787,1,-1,-1,-1,0.653613,0.653613,3.060156,2.702410
67,2293,104.550171,84.433584,25.427566,11.371888,1,-1,-1,-1,0.653032,0.653032,2.931929,2.701562
67,2269,73.732497,43.008127,7.613511,15.381130,1,-1,-1,-1,0.652975,0.652975,2.834938,2.701562
67,2265,76.550865,216.983187,8.128526,16.853471,1,-1,-1,-1,0.652975,0.652975,2.834938,2.701562
67,2264,61.636471,187.135138,8.368234,18.731763,1,-1,-1,-1,0.652975,0.652975,2.834938,2.701562
67,2263,-96.241559,117.002721,15.320045,7.975379,1,-1,-1,-1,0.652975,0.652975,2.834938,2.701562
67,2262,73.684238,71.616994,7.949111,18.962312,1,-1,-1,-1,0.652975,0.652975,2.834938,2.701562
67,2261,122.520547,130.878980,18.465203,7.749903,1,-1,-1,-1,0.652975,0.652975,2.834938,2.701562
67,2260,76.218623,190.497251,7.662263,16.944460,1,-1,-1,-1,0.652975,0.652975,2.834938,2.701562
68,2318,61.721271,215.884080,8.964591,19.348643,1,-1,-1,-1,0.659891,0.659891,3.600380,2.850791
68,2312,63.565881,271.880445,7.842144,17.439448,1,-1,-1,-1,0.654146,0.654146,3.122057,2.704580
68,2309,62.966665,243.042674,8.474290,20.703545,1,-1,-1,-1,0.653496,0.653496,3.043614,2.702014
68,2293,104.647199,84.434016,25.458405,11.348254,1,-1,-1,-1,0.653022,0.653022,2.925501,2.701562
68,2269,73.674554,43.194733,7.629939,15.314894,1,-1,-1,-1,0.652975,0.652975,2.833208,2.701562
68,2265,76.427531,217.624495,8.182012,16.998594,1,-1,-1,-1,0.652975,0.652975,2.833208,2.701562
68,2264,61.620064,187.132966,8.367283,18.782406,1,-1,-1,-1,0.652975,0.652975,2.833208,2.701562
68,2263,-91.883152,116.989323,15.326000,7.976921,1,-1,-1,-1,0.652975,0.652975,2.833208,2.701562
68,2262,73.679324,71.622372,7.949379,18.967154,1,-1,-1,-1,0.652975,0.652975,2.833208,2.701562
68,2261,122.521100,130.879780,18.466470,7.749917,1,-1,-1,-1,0.652975,0.652975,2.833208,2.701562
68,2260,76.218848,190.508464,7.662930,16.954178,1,-1,-1,-1,0.652975,0.652975,2.833208,2.701562
69,2318,62.184551,212.802902,8.455305,17.885976,1,-1,-1,-1,0.657179,0.657179,3.434277,2.780196
69,2312,63.367279,271.473339,7.880611,17.425122,1,-1,-1,-1,0.653931,0.653931,3.098559,2.703169
69,2309,62.974058,242.686597,8.507765,20.650639,1,-1,-1,-1,0.653401,0.653401,3.028723,2.701803
69,2293,104.570644,84.448060,25.365782,11.332075,1,-1,-1,-1,0.653013,0.653013,2.919457,2.701562
69,2269,73.724102,43.020266,7.600911,15.290383,1,-1,-1,-1,0.652975,0.652975,2.831541,2.701562
69,2265,76.426124,217.858786,8.265249,17.124391,1,-1,-1,-1,0.652975,0.652975,2.831540,2.701562
69,2264,61.562864,187.233554,8.361519,18.857406,1,-1,-1,-1,0.652975,0.652975,2.831540,2.701562
69,2263,-87.504816,116.965529,15.327569,7.978007,1,-1,-1,-1,0.652975,0.652975,2.831540,2.701562
69,2262,73.675873,71.621669,7.949546,18.967920,1,-1,-1,-1,0.652975,0.652975,2.831540,2.701562
69,2261,122.521088,130.873540,18.467395,7.749927,1,-1,-1,-1,0.652975,0.652975,2.831540,2.701562
69,2260,76.222456,190.497339,7.666128,16.958601,1,-1,-1,-1,0.652975,0.652975,2.831540,2.701562
70,2318,62.324280,211.060113,8.229066,16.319714,1,-1,-1,-1,0.656238,0.656238,3.332376,2.743209
70,2312,63.406393,271.411600,7.817434,17.499670,1,-1,-1,-1,0.653755,0.653755,3.078085,2.702418
70,2309,62.986584,242.628544,8.468208,20.705606,1,-1,-1,-1,0.653323,0.653323,3.015196,2.701690
70,2293,105.033508,84.709024,25.458584,11.409801,1,-1,-1,-1,0.653006,0.653006,2.913765,2.701562
70,2269,73.687553,42.960409,7.560662,15.274607,1,-1,-1,-1,0.652975,0.652975,2.829932,2.701562
70,2265,76.273722,218.326972,8.408745,17.350947,1,-1,-1,-1,0.652975,0.652975,2.829932,2.701562
70,2264,61.578636,187.033102,8.334193,18.831453,1,-1,-1,-1,0.652975,0.652975,2.829932,2.701562
70,2263,-83.132912,116.931236,15.334235,7.978862,1,-1,-1,-1,0.652975,0.652975,2.829932,2.701562
70,2262,73.679689,71.610948,7.949614,18.962946,1,-1,-1,-1,0.652975,0.652975,2.829932,2.701562
70,2261,122.520919,130.877696,18.468070,7.749935,1,-1,-1,-1,0.652975,0.652975,2.829932,2.701562
70,2260,76.224844,190.488193,7.668439,16.961778,1,-1,-1,-1,0.652975,0.652975,2.829932,2.701562
71,2318,62.035015,214.295898,8.538845,17.244655,1,-1,-1,-1,0.655624,0.655624,3.264286,2.723679
71,2312,63.548719,271.518005,7.801218,17.568012,1,-1,-1,-1,0.653612,0.653612,3.059922,2.702018
71,2309,63.035745,242.853842,8.462173,20.874449,1,-1,-1,-1,0.653259,0.653259,3.002829,2.701630
71,2293,104.756187,84.681298,25.466721,11.412119,1,-1,-1,-1,0.653001,0.653001,2.908397,2.701562
71,2269,73.600662,43.160635,7.558284,15.175889,1,-1,-1,-1,0.652975,0.652975,2.828380,2.701562
71,2265,76.228313,217.738435,8.390445,17.286139,1,-1,-1,-1,0.652975,0.652975,2.828379,2.701562
71,2264,61.693477,186.829627,8.371842,18.747430,1,-1,-1,-1,0.652975,0.652975,2.828379,2.701562
71,2263,-78.743756,116.899613,15.328030,7.979347,1,-1,-1,-1,0.652975,0.652975,2.828379,2.701562
71,2262,73.673295,71.618035,7.949718,18.964850,1,-1,-1,-1,0.652975,0.652975,2.828379,2.701562
71,2261,122.520734,130.879274,18.468563,7.749941,1,-1,-1,-1,0.652975,0.652975,2.828379,2.701562
71,2260,76.231388,190.491373,7.667397,16.969431,1,-1,-1,-1,0.652975,0.652975,2.828379,2.701562
72,2318,61.858661,214.611164,8.743805,17.630423,1,-1,-1,-1,0.655135,0.655135,3.215080,2.713324
72,2309,63.046460,242.879660,8.429766,20.929385,1,-1,-1,-1,0.653208,0.653208,2.991465,2.701598
72,2293,104.736242,84.330525,25.337935,11.302468,1,-1,-1,-1,0.652996,0.652996,2.903327,2.701562
72,2269,73.547554,43.330850,7.608793,15.263777,1,-1,-1,-1,0.652975,0.652975,2.826881,2.701562
72,2265,76.367098,217.698993,8.363718,17.293367,1,-1,-1,-1,0.652975,0.652975,2.826881,2.701562
72,2264,61.615084,187.371271,8.418998,18.926479,1,-1,-1,-1,0.652975,0.652975,2.826881,2.701562
72,2263,-74.344514,116.852220,15.314972,7.974080,1,-1,-1,-1,0.652975,0.652975,2.826881,2.701562
72,2262,73.669679,71.622281,7.949820,18.969003,1,-1,-1,-1,0.652975,0.652975,2.826881,2.701562
72,2261,122.520574,130.873336,18.468923,7.749945,1,-1,-1,-1,0.652975,0.652975,2.826881,2.701562
72,2260,76.230690,190.488886,7.669378,16.975114,1,-1,-1,-1,0.652975,0.652975,2.826881,2.701562
73,2323,76.739265,247.257681,9.042289,17.674890,1,-1,-1,-1,0.667043,0.667043,3.964785,2.867953
73,2318,61.710206,215.398048,8.946059,18.242649,1,-1,-1,-1,0.654737,0.654737,3.177073,2.707822
73,2309,63.024470,242.934588,8.416935,20.959299,1,-1,-1,-1,0.653165,0.653165,2.980982,2.701581
73,2293,104.638401,84.523275,25.398517,11.334160,1,-1,-1,-1,0.652992,0.652992,2.898531,2.701562
73,2269,73.693016,43.138514,7.621849,15.209576,1,-1,-1,-1,0.652975,0.652975,2.825433,2.701562
73,2265,76.246678,217.737237,8.430488,17.350465,1,-1,-1,-1,0.652975,0.652975,2.825433,2.701562
73,2264,61.612250,187.081815,8.367720,18.859863,1,-1,-1,-1,0.652975,0.652975,2.825433,2.701562
73,2263,-69.950447,116.837144,15.322509,7.981478,1,-1,-1,-1,0.652975,0.652975,2.825433,2.701562
73,2262,73.667251,71.623149,7.949894,18.972033,1,-1,-1,-1,0.652975,0.652975,2.825433,2.701562
73,2261,122.520448,130.871079,18.469187,7.749948,1,-1,-1,-1,0.652975,0.652975,2.825433,2.701562
73,2260,76.224706,190.485452,7.670801,16.979213,1,-1,-1,-1,0.652975,0.652975,2.825433,2.701562
74,2323,76.778360,246.211958,9.294708,17.636494,1,-1,-1,-1,0.662752,0.662752,3.719900,2.789131
74,2318,61.691570,215.528102,8.922222,18.499724,1,-1,-1,-1,0.654411,0.654411,3.146149,2.704895
74,2309,62.984856,242.238230,8.480869,20.767170,1,-1,-1,-1,0.653130,0.653130,2.971278,2.701572
74,2293,104.884668,84.566090,25.469652,11.349221,1,-1,-1,-1,0.652989,0.652989,2.893990,2.701562
74,2269,73.626445,42.924577,7.588073,15.352499,1,-1,-1,-1,0.652975,0.652975,2.824035,2.701562
74,2265,76.266187,217.951513,8.441304,17.447008,1,-1,-1,-1,0.652975,0.652975,2.824034,2.701562
74,2264,61.612284,186.676641,8.376875,18.736802,1,-1,-1,-1,0.652975,0.652975,2.824034,2.701562
74,2263,-65.548447,116.803278,15.316812,7.983976,1,-1,-1,-1,0.652975,0.652975,2.824034,2.701562
74,2262,73.665407,71.612624,7.949896,18.968717,1,-1,-1,-1,0.652975,0.652975,2.824034,2.701562
74,2261,122.520351,130.876763,18.469379,7.749951,1,-1,-1,-1,0.652975,0.652975,2.824034,2.701562
74,2260,76.223231,190.478016,7.671847,16.984919,1,-1,-1,-1,0.652975,0.652975,2.824034,2.701562
75,2323,76.878950,246.459616,8.980110,17.719284,1,-1,-1,-1,0.660646,0.660646,3.567465,2.747911
75,2318,61.558978,215.684354,9.086845,18.958093,1,-1,-1,-1,0.654147,0.654147,3.120018,2.703337
75,2309,63.009346,242.442176,8.439019,20.806423,1,-1,-1,-1,0.653102,0.653102,2.962270,2.701568
75,2293,105.000255,84.484971,25.498702,11.314779,1,-1,-1,-1,0.652986,0.652986,2.889683,2.701562
75,2269,73.278335,42.616761,7.931933,16.167209,1,-1,-1,-1,0.652975,0.652975,2.822683,2.701562
75,2265,76.213120,217.654510,8.447570,17.381972,1,-1,-1,-1,0.652975,0.652975,2.822682,2.701562
75,2264,61.619115,186.320229,8.339030,18.566163,1,-1,-1,-1,0.652975,0.652975,2.822682,2.701562
75,2263,-61.123122,116.776997,15.329597,7.994279,1,-1,-1,-1,0.652975,0.652975,2.822682,2.701562
75,2262,73.663862,71.609194,7.949898,18.966298,1,-1,-1,-1,0.652975,0.652975,2.822682,2.701562
75,2261,122.520277,130.872397,18.469520,7.749953,1,-1,-1,-1,0.652975,0.652975,2.822682,2.701562
75,2260,76.229979,190.469448,7.672616,16.991799,1,-1,-1,-1,0.652975,0.652975,2.822682,2.701562
76,2323,77.041637,246.129573,8.670835,17.612406,1,-1,-1,-1,0.659136,0.659136,3.463318,2.726168
76,2318,61.547096,215.934025,9.106410,19.187768,1,-1,-1,-1,0.653931,0.653931,3.097347,2.702507
76,2309,63.058203,242.700843,8.428814,20.876312,1,-1,-1,-1,0.653079,0.653079,2.953887,2.701565
76,2293,104.885554,84.457650,25.395142,11.340708,1,-1,-1,-1,0.652984,0.652984,2.885594,2.701562
76,2269,73.621514,42.588633,7.777044,15.816377,1,-1,-1,-1,0.652975,0.652975,2.821375,2.701562
76,2265,76.201267,217.998685,8.556336,17.505057,1,-1,-1,-1,0.652975,0.652975,2.821375,2.701562
76,2264,61.633174,186.567274,8.319915,18.555399,1,-1,-1,-1,0.652975,0.652975,2.821375,2.701562
76,2263,-56.734328,116.704593,15.341077,7.987987,1,-1,-1,-1,0.652975,0.652975,2.821375,2.701562
76,2262,73.662499,71.616742,7.949925,18.967296,1,-1,-1,-1,0.652975,0.652975,2.821375,2.701562
76,2261,122.520223,130.870742,18.469624,7.749955,1,-1,-1,-1,0.652975,0.652975,2.821375,2.701562
76,2260,76.233327,190.446793,7.673076,16.988489,1,-1,-1,-1,0.652975,0.652975,2.821375,2.701562
77,2323,77.016853,246.915583,8.588128,17.920346,1,-1,-1,-1,0.657949,0.657949,3.386536,2.714645
77,2318,61.567353,215.744673,9.091755,18.892666,1,-1,-1,-1,0.653755,0.653755,3.077318,2.702066
77,2309,63.061243,242.851821,8.416555,20.984707,1,-1,-1,-1,0.653060,0.653060,2.946067,2.701564
77,2293,105.003334,84.501740,25.084715,11.353217,1,-1,-1,-1,0.652983,0.652983,2.881708,2.701562
77,2269,73.466642,43.058548,7.850217,15.969873,1,-1,-1,-1,0.652975,0.652975,2.820111,2.701562
77,2265,76.245264,217.653424,8.473574,17.423768,1,-1,-1,-1,0.652975,0.652975,2.820111,2.701562
77,2264,61.656487,187.039941,8.360341,18.691221,1,-1,-1,-1,0.652975,0.652975,2.820111,2.701562
77,2263,-52.316664,116.690712,15.330829,7.999715,1,-1,-1,-1,0.652975,0.652975,2.820111,2.701562
77,2262,73.661287,71.619441,7.949944,18.968025,1,-1,-1,-1,0.652975,0.652975,2.820111,2.701562
77,2261,122.520182,130.870125,18.469700,7.749956,1,-1,-1,-1,0.652975,0.652975,2.820111,2.701562
77,2260,76.228758,190.448282,7.673420,16.988796,1,-1,-1,-1,0.652975,0.652975,2.820111,2.701562
78,2323,77.043576,246.963664,8.497830,17.980843,1,-1,-1,-1,0.657000,0.657000,3.326500,2.708525
78,2318,61.619579,215.840308,9.004801,18.921625,1,-1,-1,-1,0.653612,0.653612,3.059400,2.701830
78,2312,63.437335,271.535017,8.061797,17.371713,1,-1,-1,-1,0.655027,0.655027,3.168909,2.864219
78,2309,63.041283,242.818598,8.408084,20.948968,1,-1,-1,-1,0.653045,0.653045,2.938756,2.701563
78,2293,104.879519,84.469638,24.983966,11.364674,1,-1,-1,-1,0.652981,0.652981,2.878010,2.701562
78,2269,73.662397,42.732950,7.746294,15.716993,1,-1,-1,-1,0.652975,0.652975,2.818887,2.701562
78,2265,76.326459,217.382174,8.410116,17.311571,1,-1,-1,-1,0.652975,0.652975,2.818887,2.701562
78,2264,61.556552,187.259416,8.356922,18.820043,1,-1,-1,-1,0.652975,0.652975,2.818887,2.701562
78,2263,-47.907068,116.640457,15.336442,7.991884,1,-1,-1,-1,0.652975,0.652975,2.818887,2.701562
78,2262,73.660187,71.622215,7.949983,18.971316,1,-1,-1,-1,0.652975,0.652975,2.818887,2.701562
78,2261,122.520151,130.876434,18.469755,7.749957,1,-1,-1,-1,0.652975,0.652975,2.818887,2.701562
78,2260,76.234195,190.445775,7.673678,16.991738,1,-1,-1,-1,0.652975,0.652975,2.818887,2.701562
79,2318,61.616331,216.424892,8.992772,18.993623,1,-1,-1,-1,0.653495,0.653495,3.043227,2.701705
79,2312,63.446562,271.862810,8.080135,17.687824,1,-1,-1,-1,0.653284,0.653284,3.065297,2.787189
79,2309,63.041921,242.591336,8.440452,20.871412,1,-1,-1,-1,0.653032,0.653032,2.931907,2.701563
79,2269,73.508430,43.013800,7.652891,15.523087,1,-1,-1,-1,0.652975,0.652975,2.817703,2.701562
79,2265,76.274378,217.640395,8.381012,17.336478,1,-1,-1,-1,0.652975,0.652975,2.817702,2.701562
79,2264,61.551525,187.406529,8.354067,18.909181,1,-1,-1,-1,0.652975,0.652975,2.817702,2.701562
79,2263,-43.509152,116.626751,15.338328,7.999944,1,-1,-1,-1,0.652975,0.652975,2.817702,2.701562
79,2262,73.663868,71.612442,7.947203,18.968062,1,-1,-1,-1,0.652975,0.652975,2.817702,2.701562
79,2261,122.520128,130.872304,18.469796,7.749958,1,-1,-1,-1,0.652975,0.652975,2.817702,2.701562
79,2260,76.238775,190.429487,7.676556,16.988446,1,-1,-1,-1,0.652975,0.652975,2.817702,2.701562
80,2318,61.623654,215.878739,8.926240,18.956108,1,-1,-1,-1,0.653400,0.653400,3.028532,2.701638
80,2312,63.578842,271.844953,8.012187,17.782144,1,-1,-1,-1,0.653095,0.653095,3.007995,2.746890
80,2309,63.029727,242.853612,8.418669,20.978405,1,-1,-1,-1,0.653022,0.653022,2.925479,2.701562
80,2269,73.744217,43.033672,7.609067,15.335996,1,-1,-1,-1,0.652975,0.652975,2.816556,2.701562
80,2265,76.280882,217.830724,8.420948,17.396584,1,-1,-1,-1,0.652975,0.652975,2.816556,2.701562
80,2264,61.624119,186.891891,8.333987,18.814016,1,-1,-1,-1,0.652975,0.652975,2.816556,2.701562
80,2263,-39.243755,116.599761,15.339562,8.003067,1,-1,-1,-1,0.652975,0.652975,2.816556,2.701562
80,2262,73.660568,71.619522,7.947983,18.971344,1,-1,-1,-1,0.652975,0.652975,2.816556,2.701562
80,2261,122.521995,130.877254,18.472586,7.749983,1,-1,-1,-1,0.652975,0.652975,2.816556,2.701562
80,2260,76.238700,190.419908,7.675879,16.985883,1,-1,-1,-1,0.652975,0.652975,2.816556,2.701562
81,2312,63.370816,271.800957,8.071327,17.848800,1,-1,-1,-1,0.653077,0.653077,2.974604,2.725627
81,2309,63.062185,242.665398,8.420966,20.991735,1,-1,-1,-1,0.653013,0.653013,2.919437,2.701562
81,2269,73.584589,43.071833,7.685027,15.477883,1,-1,-1,-1,0.652975,0.652975,2.815445,2.701562
81,2265,76.143216,217.581124,8.454480,17.317426,1,-1,-1,-1,0.652975,0.652975,2.815445,2.701562
81,2264,61.680495,186.463426,8.366000,18.615132,1,-1,-1,-1,0.652975,0.652975,2.815445,2.701562
81,2263,-35.189142,116.553627,15.334717,7.999765,1,-1,-1,-1,0.652975,0.652975,2.815445,2.701562
81,2262,73.658710,71.621635,7.948551,18.973738,1,-1,-1,-1,0.652975,0.652975,2.815445,2.701562
81,2261,122.522211,130.879130,18.474621,7.750001,1,-1,-1,-1,0.652975,0.652975,2.815445,2.701562
81,2260,76.239304,190.413095,7.675368,16.983977,1,-1,-1,-1,0.652975,0.652975,2.815445,2.701562
82,2323,76.927965,246.880909,8.841463,17.570225,1,-1,-1,-1,0.656642,0.656642,3.354622,2.835831
82,2312,63.461037,272.023338,8.055486,18.025345,1,-1,-1,-1,0.653068,0.653068,2.953851,2.714358
82,2309,63.042239,242.378307,8.440512,20.857511,1,-1,-1,-1,0.653006,0.653006,2.913746,2.701562
82,2293,105.178031,84.618507,25.263538,11.441195,1,-1,-1,-1,0.654873,0.654873,3.015098,2.835011
82,2269,73.623969,42.996539,7.636817,15.502219,1,-1,-1,-1,0.652975,0.652975,2.814369,2.701562
82,2265,76.205958,217.421380,8.445736,17.259486,1,-1,-1,-1,0.652975,0.652975,2.814369,2.701562
82,2264,61.587232,187.091039,8.338755,18.743026,1,-1,-1,-1,0.652975,0.652975,2.814369,2.701562
82,2263,-31.372654,116.516275,15.331072,7.994592,1,-1,-1,-1,0.652975,0.652975,2.814369,2.701562
82,2262,73.657499,71.620113,7.948942,18.972726,1,-1,-1,-1,0.652975,0.652975,2.814369,2.701562
82,2261,122.520039,130.879840,18.473348,7.749990,1,-1,-1,-1,0.652975,0.652975,2.814369,2.701562
82,2260,76.240079,190.415991,7.675004,16.985306,1,-1,-1,-1,0.652975,0.652975,2.814369,2.701562
83,2323,76.812092,247.141188,8.735658,17.887741,1,-1,-1,-1,0.654581,0.654581,3.237796,2.772389
83,2312,63.427174,273.093325,8.251081,18.683254,1,-1,-1,-1,0.653055,0.653055,2.939917,2.708372
83,2309,63.004672,242.818398,8.429344,20.967983,1,-1,-1,-1,0.653001,0.653001,2.908379,2.701562
83,2269,73.639180,42.838783,7.617305,15.416878,1,-1,-1,-1,0.652975,0.652975,2.813326,2.701562
83,2265,76.253429,217.286364,8.394980,17.177673,1,-1,-1,-1,0.652975,0.652975,2.813325,2.701562
83,2264,61.698652,187.673854,8.275483,19.017777,1,-1,-1,-1,0.652975,0.652975,2.813325,2.701562
83,2263,-27.828720,116.486390,15.328507,7.993574,1,-1,-1,-1,0.652975,0.652975,2.813325,2.701562
83,2262,73.663134,71.611276,7.949204,18.969229,1,-1,-1,-1,0.652975,0.652975,2.813325,2.701562
83,2261,122.519427,130.873569,18.472419,7.749983,1,-1,-1,-1,0.652975,0.652975,2.813325,2.701562
83,2260,76.234295,190.426085,7.674799,16.994506,1,-1,-1,-1,0.652975,0.652975,2.813325,2.701562
84,2323,76.791872,246.566186,8.942944,18.005771,1,-1,-1,-1,0.654143,0.654143,3.167794,2.739096
84,2318,61.691863,215.615206,8.898723,19.131313,1,-1,-1,-1,0.655062,0.655062,3.144023,2.835020
84,2312,63.323633,272.118725,8.166757,18.459787,1,-1,-1,-1,0.653042,0.653042,2.929749,2.705188
84,2309,63.029259,242.863589,8.425712,21.004767,1,-1,-1,-1,0.652996,0.652996,2.903310,2.701562
84,2269,73.767824,42.780733,7.598541,15.440006,1,-1,-1,-1,0.652975,0.652975,2.812314,2.701562
84,2265,76.305408,217.364159,8.385781,17.170726,1,-1,-1,-1,0.652975,0.652975,2.812314,2.701562
84,2264,61.591983,187.391492,8.294085,19.029210,1,-1,-1,-1,0.652975,0.652975,2.812314,2.701562
84,2263,-24.570404,116.454807,15.334797,7.990151,1,-1,-1,-1,0.652975,0.652975,2.812314,2.701562
84,2262,73.658337,71.616947,7.949418,18.969436,1,-1,-1,-1,0.652975,0.652975,2.812314,2.701562
84,2261,122.519355,130.871184,18.471741,7.749977,1,-1,-1,-1,0.652975,0.652975,2.812314,2.701562
84,2260,76.239122,190.403095,7.674508,16.987401,1,-1,-1,-1,0.652975,0.652975,2.812314,2.701562
85,2323,76.463811,245.738956,9.525699,17.541246,1,-1,-1,-1,0.653928,0.653928,3.122433,2.721501
85,2318,61.652991,215.800317,9.016186,19.366217,1,-1,-1,-1,0.653305,0.653305,3.056427,2.771966
85,2312,63.329349,271.983569,8.155556,18.496390,1,-1,-1,-1,0.653030,0.653030,2.921731,2.703493
85,2309,62.987139,242.327062,8.468505,20.817618,1,-1,-1,-1,0.652992,0.652992,2.898515,2.701562
85,2269,73.782353,42.707562,7.548074,15.251862,1,-1,-1,-1,0.652975,0.652975,2.811334,2.701562
85,2265,76.194383,217.401558,8.414731,17.147517,1,-1,-1,-1,0.652975,0.652975,2.811334,2.701562
85,2264,61.777244,187.712935,8.234286,19.125146,1,-1,-1,-1,0.652975,0.652975,2.811334,2.701562
85,2263,-21.584174,116.448296,15.336833,7.993138,1,-1,-1,-1,0.652975,0.652975,2.811334,2.701562
85,2262,73.656157,71.612542,7.949575,18.969587,1,-1,-1,-1,0.652975,0.652975,2.811334,2.701562
85,2261,122.519447,130.876818,18.471247,7.749974,1,-1,-1,-1,0.652975,0.652975,2.811334,2.701562
85,2260,76.241356,190.401562,7.674304,16.984943,1,-1,-1,-1,0.652975,0.652975,2.811334,2.701562
86,2323,76.705727,246.657442,9.217131,17.781143,1,-1,-1,-1,0.653761,0.653761,3.090584,2.712167
86,2318,61.658645,216.177404,8.935380,19.213817,1,-1,-1,-1,0.653106,0.653106,3.007002,2.738872
86,2312,63.534402,270.774887,8.013608,18.031672,1,-1,-1,-1,0.653021,0.653021,2.914997,2.702590
86,2309,63.007834,242.857630,8.444039,20.955418,1,-1,-1,-1,0.652989,0.652989,2.893974,2.701562
86,2293,104.918463,84.492980,25.423527,11.393554,1,-1,-1,-1,0.654879,0.654879,3.020157,2.850493
86,2269,73.799746,42.921976,7.536576,15.259271,1,-1,-1,-1,0.652975,0.652975,2.810383,2.701562
86,2265,76.260309,217.248496,8.352837,17.076137,1,-1,-1,-1,0.652975,0.652975,2.810383,2.701562
86,2264,61.657076,187.449291,8.239341,19.125634,1,-1,-1,-1,0.652975,0.652975,2.810383,2.701562
86,2263,-18.863187,116.389337,15.340503,7.978762,1,-1,-1,-1,0.652975,0.652975,2.810383,2.701562
86,2262,73.655021,71.617376,7.949689,18.969697,1,-1,-1,-1,0.652975,0.652975,2.810383,2.701562
86,2261,122.519568,130.878962,18.470887,7.749971,1,-1,-1,-1,0.652975,0.652975,2.810383,2.701562
86,2260,76.244424,190.402931,7.676945,16.988748,1,-1,-1,-1,0.652975,0.652975,2.810383,2.701562
87,2318,61.784728,215.987005,8.866163,19.194840,1,-1,-1,-1,0.653083,0.653083,2.977456,2.721382
87,2312,63.331491,270.435073,7.946526,17.727845,1,-1,-1,-1,0.653012,0.653012,2.909078,2.702110
87,2309,63.024685,242.660276,8.410287,20.956141,1,-1,-1,-1,0.652987,0.652987,2.889668,2.701562
87,2293,104.832085,84.425817,25.451401,11.339398,1,-1,-1,-1,0.653162,0.653162,2.938625,2.780040
87,2269,73.934311,42.946972,7.549418,15.134778,1,-1,-1,-1,0.652975,0.652975,2.809460,2.701562
87,2265,76.384882,217.100871,8.312954,16.987995,1,-1,-1,-1,0.652975,0.652975,2.809460,2.701562
87,2264,61.645870,186.862592,8.236949,18.958587,1,-1,-1,-1,0.652975,0.652975,2.809460,2.701562
87,2263,-16.411871,116.396665,15.363154,7.987820,1,-1,-1,-1,0.652975,0.652975,2.809460,2.701562
87,2262,73.654329,71.610780,7.949750,18.967022,1,-1,-1,-1,0.652975,0.652975,2.809460,2.701562
87,2261,122.517792,130.873250,18.467869,7.749947,1,-1,-1,-1,0.652975,0.652975,2.809460,2.701562
87,2260,76.241670,190.388717,7.673274,16.982992,1,-1,-1,-1,0.652975,0.652975,2.809460,2.701562
88,2318,62.363475,214.114695,8.601174,18.339278,1,-1,-1,-1,0.653071,0.653071,2.958504,2.712105
88,2312,63.296935,270.966645,7.908078,17.759771,1,-1,-1,-1,0.653006,0.653006,2.903717,2.701854
88,2309,63.012630,242.223651,8.453989,20.790077,1,-1,-1,-1,0.652984,0.652984,2.885580,2.701562
88,2269,73.729602,43.075078,7.548611,15.288513,1,-1,-1,-1,0.652975,0.652975,2.808564,2.701562
88,2265,76.274978,217.736225,8.383161,17.154441,1,-1,-1,-1,0.652975,0.652975,2.808564,2.701562
88,2264,61.672094,186.900729,8.279267,18.933712,1,-1,-1,-1,0.652975,0.652975,2.808564,2.701562
88,2263,-14.233797,116.392408,15.376899,7.994379,1,-1,-1,-1,0.652975,0.652975,2.808564,2.701562
88,2262,73.653818,71.617167,7.949817,18.967825,1,-1,-1,-1,0.652975,0.652975,2.808564,2.701562
88,2261,122.519538,130.877601,18.468423,7.749952,1,-1,-1,-1,0.652975,0.652975,2.808564,2.701562
88,2260,76.243388,190.392780,7.673383,16.984383,1,-1,-1,-1,0.652975,0.652975,2.808564,2.701562
89,2318,62.403443,213.458407,8.362417,17.748670,1,-1,-1,-1,0.653058,0.653058,2.945323,2.707173
89,2312,63.190615,270.797499,8.009091,17.559221,1,-1,-1,-1,0.653000,0.653000,2.898767,2.701718
89,2309,63.014766,242.375140,8.450619,20.817821,1,-1,-1,-1,0.652983,0.652983,2.881694,2.701562
89,2269,73.723957,42.955427,7.553129,15.148266,1,-1,-1,-1,0.652975,0.652975,2.807695,2.701562
89,2265,76.200219,218.302275,8.455687,17.391719,1,-1,-1,-1,0.652975,0.652975,2.807695,2.701562
89,2264,61.662804,186.286041,8.274708,18.636013,1,-1,-1,-1,0.652975,0.652975,2.807695,2.701562
89,2263,-12.317818,116.377604,15.373133,7.999006,1,-1,-1,-1,0.652975,0.652975,2.807695,2.701562
89,2262,73.653420,71.611043,7.949844,18.965657,1,-1,-1,-1,0.652975,0.652975,2.807695,2.701562
89,2261,122.520111,130.879253,18.468827,7.749956,1,-1,-1,-1,0.652975,0.652975,2.807695,2.701562
89,2260,76.244260,190.392469,7.673449,16.985367,1,-1,-1,-1,0.652975,0.652975,2.807695,2.701562
90,2341,187.151421,130.965881,16.178687,7.985774,1,-1,-1,-1,0.847083,0.847083,7.132717,3.262201
90,2318,62.803859,213.136039,8.138835,17.262887,1,-1,-1,-1,0.653044,0.653044,2.935376,2.704550
90,2312,63.439249,271.176096,7.947397,17.567675,1,-1,-1,-1,0.652996,0.652996,2.894144,2.701645
90,2309,63.032118,242.504735,8.461927,20.836067,1,-1,-1,-1,0.652981,0.652981,2.877997,2.701562
90,2269,73.862219,43.075229,7.639272,15.117236,1,-1,-1,-1,0.652975,0.652975,2.806851,2.701562
90,2265,76.164625,217.848443,8.490912,17.353382,1,-1,-1,-1,0.652975,0.652975,2.806851,2.701562
90,2264,61.742325,186.243717,8.341512,18.483261,1,-1,-1,-1,0.652975,0.652975,2.806851,2.701562
90,2263,-10.678194,116.369284,15.373345,8.007906,1,-1,-1,-1,0.652975,0.652975,2.806851,2.701562
90,2262,73.653068,71.617522,7.949886,18.966830,1,-1,-1,-1,0.652975,0.652975,2.806851,2.701562
90,2261,122.520261,130.879870,18.469122,7.749959,1,-1,-1,-1,0.652975,0.652975,2.806851,2.701562
90,2260,76.244827,190.378515,7.673415,16.977787,1,-1,-1,-1,0.652975,0.652975,2.806851,2.701562
91,2341,186.320848,130.652775,15.702714,7.681565,1,-1,-1,-1,0.780933,0.780933,6.225018,2.988460
91,2318,62.844990,212.403740,7.959533,16.679353,1,-1,-1,-1,0.653032,0.653032,2.927313,2.703153
91,2309,63.043516,242.853436,8.423855,20.930262,1,-1,-1,-1,0.652980,0.652980,2.874476,2.701562
91,2293,104.663825,84.224450,25.311301,11.193956,1,-1,-1,-1,0.654890,0.654890,3.000397,2.844174
91,2269,73.798484,43.051432,7.577081,15.192176,1,-1,-1,-1,0.652975,0.652975,2.806031,2.701562
91,2265,76.392528,215.983360,8.413222,16.809169,1,-1,-1,-1,0.652975,0.652975,2.806031,2.701562
91,2264,61.644551,186.522876,8.204234,18.564964,1,-1,-1,-1,0.652975,0.652975,2.806031,2.701562
91,2263,-9.258298,116.363497,15.373365,8.011650,1,-1,-1,-1,0.652975,0.652975,2.806031,2.701562
91,2262,73.652761,71.619785,7.949917,18.967686,1,-1,-1,-1,0.652975,0.652975,2.806031,2.701562
91,2261,122.520266,130.873563,18.469338,7.749961,1,-1,-1,-1,0.652975,0.652975,2.806031,2.701562
91,2260,76.240529,190.404087,7.676272,16.988869,1,-1,-1,-1,0.652975,0.652975,2.806031,2.701562
92,2341,185.571029,130.647370,15.667267,7.604906,1,-1,-1,-1,0.739812,0.739812,5.560040,2.851250
92,2318,63.012423,212.848751,7.832688,16.406610,1,-1,-1,-1,0.653022,0.653022,2.920408,2.702410
92,2309,63.028475,242.954651,8.415346,21.001324,1,-1,-1,-1,0.652979,0.652979,2.871120,2.701562
92,2293,105.153240,84.471211,25.302141,11.243258,1,-1,-1,-1,0.653168,0.653168,2.923384,2.776745
92,2269,73.615678,43.289521,7.680206,15.372815,1,-1,-1,-1,0.652975,0.652975,2.805235,2.701562
92,2265,76.265218,217.218013,8.425686,16.978107,1,-1,-1,-1,0.652975,0.652975,2.805235,2.701562
92,2264,61.730012,186.456642,8.200264,18.624866,1,-1,-1,-1,0.652975,0.652975,2.805235,2.701562
92,2263,-8.026579,116.348387,15.365103,8.014293,1,-1,-1,-1,0.652975,0.652975,2.805235,2.701562
92,2262,73.652488,71.620487,7.949939,18.968310,1,-1,-1,-1,0.652975,0.652975,2.805235,2.701562
92,2261,122.520231,130.871165,18.469496,7.749963,1,-1,-1,-1,0.652975,0.652975,2.805235,2.701562
92,2260,76.236714,190.400400,7.675538,16.991301,1,-1,-1,-1,0.652975,0.652975,2.805235,2.701562
93,2341,184.547258,131.079308,16.168919,7.817602,1,-1,-1,-1,0.714060,0.714060,5.062690,2.780435
93,2318,63.088392,213.253516,7.769674,16.450122,1,-1,-1,-1,0.653013,0.653013,2.914262,2.702014
93,2309,62.989944,242.363217,8.471172,20.835931,1,-1,-1,-1,0.652979,0.652979,2.867917,2.701562
93,2293,104.869280,84.562627,25.323949,11.287308,1,-1,-1,-1,0.652995,0.652995,2.882296,2.741391
93,2269,73.834709,43.073629,7.625328,15.223761,1,-1,-1,-1,0.652975,0.652975,2.804461,2.701562
93,2265,76.238385,217.529267,8.458537,17.076660,1,-1,-1,-1,0.652975,0.652975,2.804461,2.701562
93,2264,61.731230,186.210210,8.202281,18.812467,1,-1,-1,-1,0.652975,0.652975,2.804461,2.701562
93,2263,-6.992669,116.342916,15.356309,8.016191,1,-1,-1,-1,0.652975,0.652975,2.804461,2.701562
93,2262,73.652245,71.620633,7.949955,18.968766,1,-1,-1,-1,0.652975,0.652975,2.804461,2.701562
93,2261,122.520189,130.876795,18.469612,7.749964,1,-1,-1,-1,0.652975,0.652975,2.804461,2.701562
93,2260,76.244873,190.380701,7.669439,16.987326,1,-1,-1,-1,0.652975,0.652975,2.804461,2.701562
94,2341,182.887162,131.279430,16.225697,8.112722,1,-1,-1,-1,0.697349,0.697349,4.683127,2.743335
94,2318,62.914010,212.631600,7.724459,16.340690,1,-1,-1,-1,0.653006,0.653006,2.908656,2.701803
94,2312,63.500847,271.895131,8.020358,17.773938,1,-1,-1,-1,0.654879,0.654879,3.029735,2.835021
94,2309,63.004879,242.165506,8.492048,20.725095,1,-1,-1,-1,0.652978,0.652978,2.864858,2.701562
94,2293,104.714106,84.518787,25.361081,11.311039,1,-1,-1,-1,0.652993,0.652993,2.859829,2.722716
94,2269,73.796896,42.997715,7.604418,15.153935,1,-1,-1,-1,0.652975,0.652975,2.803709,2.701562
94,2265,76.373069,216.046464,8.592418,16.627618,1,-1,-1,-1,0.652975,0.652975,2.803709,2.701562
94,2264,61.760062,185.200009,8.204650,18.852776,1,-1,-1,-1,0.652975,0.652975,2.803709,2.701562
94,2263,-6.122233,116.324334,15.352444,8.012096,1,-1,-1,-1,0.652975,0.652975,2.803709,2.701562
94,2262,73.652026,71.620595,7.949967,18.969099,1,-1,-1,-1,0.652975,0.652975,2.803709,2.701562
94,2261,122.520153,130.872408,18.469696,7.749965,1,-1,-1,-1,0.652975,0.652975,2.803709,2.701562
94,2260,76.249217,190.369130,7.664933,16.978897,1,-1,-1,-1,0.652975,0.652975,2.803709,2.701562
95,2341,181.574828,131.769143,16.215476,8.336498,1,-1,-1,-1,0.686065,0.686065,4.388218,2.723746
95,2323,77.044152,246.138488,8.388226,18.241833,1,-1,-1,-1,0.655061,0.655061,3.205043,2.902464
95,2318,62.806189,211.759834,7.716088,16.218989,1,-1,-1,-1,0.653001,0.653001,2.903460,2.701690
95,2312,63.564722,271.389355,7.948846,17.401070,1,-1,-1,-1,0.653157,0.653157,2.954130,2.771966
95,2309,62.993015,241.931651,8.437103,20.539008,1,-1,-1,-1,0.652977,0.652977,2.861934,2.701562
95,2293,105.049374,84.681657,25.423363,11.359159,1,-1,-1,-1,0.652998,0.652998,2.847150,2.712813
95,2269,73.748634,42.853264,7.545890,15.169524,1,-1,-1,-1,0.652975,0.652975,2.802979,2.701562
95,2265,76.566469,215.674658,8.384132,16.301027,1,-1,-1,-1,0.652975,0.652975,2.802979,2.701562
95,2264,61.742323,183.800387,8.216740,19.032356,1,-1,-1,-1,0.652975,0.652975,2.802979,2.701562
95,2263,-5.395912,116.310232,15.349525,8.006349,1,-1,-1,-1,0.652975,0.652975,2.802979,2.701562
95,2262,73.651830,71.620510,7.949976,18.969342,1,-1,-1,-1,0.652975,0.652975,2.802979,2.701562
95,2261,122.532158,130.870787,18.458749,7.749881,1,-1,-1,-1,0.652975,0.652975,2.802979,2.701562
95,2260,76.253655,190.369077,7.664429,16.978330,1,-1,-1,-1,0.652975,0.652975,2.802979,2.701562
96,2341,181.713996,133.067997,17.045443,8.687391,1,-1,-1,-1,0.678159,0.678159,4.155461,2.713360
96,2323,76.770454,243.892043,9.103101,16.452020,1,-1,-1,-1,0.653267,0.653267,3.080046,2.807030
96,2318,63.003330,210.548588,7.712011,16.056425,1,-1,-1,-1,0.652996,0.652996,2.898600,2.701630
96,2309,63.006910,242.453903,8.405587,20.699421,1,-1,-1,-1,0.652977,0.652977,2.859137,2.701562
96,2293,105.234081,84.923954,25.528182,11.499159,1,-1,-1,-1,0.652998,0.652998,2.839660,2.707550
96,2269,73.642922,42.941852,7.541303,15.131087,1,-1,-1,-1,0.652975,0.652975,2.802268,2.701562
96,2265,76.306979,217.511772,8.499214,16.717179,1,-1,-1,-1,0.652975,0.652975,2.802268,2.701562
96,2264,61.801469,182.397370,8.258845,19.210571,1,-1,-1,-1,0.652975,0.652975,2.802268,2.701562
96,2263,-4.810446,116.310310,15.347571,8.007658,1,-1,-1,-1,0.652975,0.652975,2.802268,2.701562
96,2262,73.656314,71.603644,7.947189,18.963898,1,-1,-1,-1,0.652975,0.652975,2.802268,2.701562
96,2261,122.526589,130.870155,18.461771,7.749906,1,-1,-1,-1,0.652975,0.652975,2.802268,2.701562
96,2260,76.253640,190.376874,7.661321,16.980530,1,-1,-1,-1,0.652975,0.652975,2.802268,2.701562
97,2341,180.254944,131.768354,16.263643,8.518493,1,-1,-1,-1,0.672446,0.672446,3.969193,2.707841
97,2318,62.773971,209.767871,7.605646,15.998622,1,-1,-1,-1,0.652992,0.652992,2.894024,2.701598
97,2309,62.942807,241.375765,8.382352,20.566790,1,-1,-1,-1,0.652977,0.652977,2.856459,2.701562
97,2293,105.024958,84.537806,25.295459,11.422665,1,-1,-1,-1,0.652995,0.652995,2.834944,2.704750
97,2269,73.693035,43.048089,7.535520,15.122552,1,-1,-1,-1,0.652975,0.652975,2.801577,2.701562
97,2265,76.539837,216.328013,8.283855,16.366744,1,-1,-1,-1,0.652975,0.652975,2.801577,2.701562
97,2264,61.666679,180.294792,8.327504,19.335299,1,-1,-1,-1,0.652975,0.652975,2.801577,2.701562
97,2263,-4.319562,116.302272,15.354297,8.005933,1,-1,-1,-1,0.652975,0.652975,2.801577,2.701562
97,2262,73.653747,71.614987,7.947949,18.965548,1,-1,-1,-1,0.652975,0.652975,2.801577,2.701562
97,2261,122.525821,130.876444,18.466728,7.749945,1,-1,-1,-1,0.652975,0.652975,2.801577,2.701562
97,2260,76.252420,190.366602,7.656225,16.973761,1,-1,-1,-1,0.652975,0.652975,2.801577,2.701562
98,2341,180.137794,131.493447,16.043788,8.526300,1,-1,-1,-1,0.668212,0.668212,3.818265,2.704905
98,2318,62.850971,208.663710,7.601573,16.018453,1,-1,-1,-1,0.652989,0.652989,2.889700,2.701581
98,2309,62.925751,239.961096,8.359316,20.343169,1,-1,-1,-1,0.652976,0.652976,2.853894,2.701562
98,2293,104.880059,84.500048,25.251764,11.422415,1,-1,-1,-1,0.652992,0.652992,2.831724,2.703260
98,2269,73.818739,42.892976,7.522748,15.066671,1,-1,-1,-1,0.652975,0.652975,2.800906,2.701562
98,2265,76.393248,217.271327,8.351406,16.611149,1,-1,-1,-1,0.652975,0.652975,2.800906,2.701562
98,2264,61.624928,177.764501,8.379871,19.406248,1,-1,-1,-1,0.652975,0.652975,2.800906,2.701562
98,2263,-3.929931,116.301970,15.362042,8.007450,1,-1,-1,-1,0.652975,0.652975,2.800906,2.701562
98,2262,73.652540,71.620923,7.948525,18.969503,1,-1,-1,-1,0.652975,0.652975,2.800906,2.701562
98,2261,122.522765,130.878840,18.467594,7.749952,1,-1,-1,-1,0.652975,0.652975,2.800906,2.701562
98,2260,76.257553,190.375513,7.649810,16.976929,1,-1,-1,-1,0.652975,0.652975,2.800906,2.701562
99,2341,179.840109,131.290702,16.310276,8.542852,1,-1,-1,-1,0.665009,0.665009,3.694582,2.703342
99,2318,62.739608,207.223548,7.580459,15.922714,1,-1,-1,-1,0.652987,0.652987,2.885602,2.701572
99,2293,105.148294,84.759514,25.398557,11.521145,1,-1,-1,-1,0.652989,0.652989,2.829320,2.702466
99,2269,73.828786,43.098411,7.580053,15.078964,1,-1,-1,-1,0.652975,0.652975,2.800252,2.701562
99,2265,76.358363,217.710613,8.439229,16.839349,1,-1,-1,-1,0.652975,0.652975,2.800252,2.701562
99,2264,61.601824,174.604777,8.440231,19.480981,1,-1,-1,-1,0.652975,0.652975,2.800252,2.701562
99,2263,-3.610065,116.291833,15.364750,8.003017,1,-1,-1,-1,0.652975,0.652975,2.800252,2.701562
99,2262,73.651905,71.622482,7.948945,18.972389,1,-1,-1,-1,0.652975,0.652975,2.800252,2.701562
99,2261,122.521446,130.873211,18.468226,7.749957,1,-1,-1,-1,0.652975,0.652975,2.800252,2.701562
99,2260,76.264385,190.420812,7.650843,17.004154,1,-1,-1,-1,0.652975,0.652975,2.800252,2.701562
100,2341,179.354607,131.053522,16.128322,8.457016,1,-1,-1,-1,0.662548,0.662548,3.592165,2.702510
100,2323,76.758623,247.027454,8.817816,17.806810,1,-1,-1,-1,0.654950,0.654950,3.096753,2.847286
100,2318,62.760414,204.700144,7.537418,15.890542,1,-1,-1,-1,0.652985,0.652985,2.881711,2.701568
100,2293,104.763165,84.627693,25.448525,11.489641,1,-1,-1,-1,0.652987,0.652987,2.827373,2.702044
100,2269,73.691181,43.140246,7.564071,15.071642,1,-1,-1,-1,0.652975,0.652975,2.799616,2.701562
100,2265,76.185561,217.973619,8.569324,17.052095,1,-1,-1,-1,0.652975,0.652975,2.799616,2.701562
100,2264,61.584888,171.074554,8.401017,19.454442,1,-1,-1,-1,0.652975,0.652975,2.799616,2.701562
100,2263,-3.352887,116.282721,15.369467,7.999805,1,-1,-1,-1,0.652975,0.652975,2.799616,2.701562
100,2262,73.651523,71.622548,7.949250,18.974494,1,-1,-1,-1,0.652975,0.652975,2.799616,2.701562
100,2261,122.520835,130.877598,18.468687,7.749962,1,-1,-1,-1,0.652975,0.652975,2.799616,2.701562
100,2260,76.266864,190.434520,7.651597,17.026760,1,-1,-1,-1,0.652975,0.652975,2.799616,2.701562
