1,2365,168.930000,21.010000,8.550000,17.680000,1,-1,-1,-1,10.000000,10.000000,10.000000,10.000000
1,2364,212.260000,178.500000,11.590000,25.150000,1,-1,-1,-1,10.000000,10.000000,10.000000,10.000000
1,2363,182.490000,77.820000,8.250000,18.270000,1,-1,-1,-1,10.000000,10.000000,10.000000,10.000000
1,2362,113.150000,116.810000,17.040000,7.660000,1,-1,-1,-1,10.000000,10.000000,10.000000,10.000000
1,2361,164.080000,243.280000,8.170000,18.170000,1,-1,-1,-1,10.000000,10.000000,10.000000,10.000000
1,2360,-99.000000,242.390000,14.120000,20.370000,1,-1,-1,-1,10.000000,10.000000,10.000000,10.000000
1,2359,167.280000,77.020000,9.290000,20.530000,1,-1,-1,-1,10.000000,10.000000,10.000000,10.000000
1,2358,82.920000,117.530000,19.960000,8.520000,1,-1,-1,-1,10.000000,10.000000,10.000000,10.000000
1,2357,-111.230000,273.610000,13.930000,21.030000,1,-1,-1,-1,10.000000,10.000000,10.000000,10.000000
1,2356,-126.010000,295.850000,14.370000,16.630000,1,-1,-1,-1,10.000000,10.000000,10.000000,10.000000
1,2355,165.640000,214.500000,7.750000,15.120000,1,-1,-1,-1,10.000000,10.000000,10.000000,10.000000
1,2354,183.250000,151.060000,18.320000,19.420000,1,-1,-1,-1,10.000000,10.000000,10.000000,10.000000
1,2353,165.530000,189.020000,8.100000,18.600000,1,-1,-1,-1,10.000000,10.000000,10.000000,10.000000
1,2352,-155.540000,333.120000,16.940000,17.300000,1,-1,-1,-1,10.000000,10.000000,10.000000,10.000000
1,2351,124.280000,130.880000,15.010000,7.770000,1,-1,-1,-1,10.000000,10.000000,10.000000,10.000000
1,2350,-174.570000,350.530000,15.890000,15.000000,1,-1,-1,-1,10.000000,10.000000,10.000000,10.000000
2,2374,-103.790000,274.150000,16.420000,22.120000,1,-1,-1,-1,10.000000,10.000000,10.000000,10.000000
2,2373,42.850000,146.210000,16.010000,8.170000,1,-1,-1,-1,10.000000,10.000000,10.000000,10.000000
2,2372,176.170000,75.370000,9.330000,20.410000,1,-1,-1,-1,10.000000,10.000000,10.000000,10.000000
2,2371,190.780000,77.310000,8.510000,18.280000,1,-1,-1,-1,10.000000,10.000000,10.000000,10.000000
2,2370,-117.510000,296.030000,14.670000,17.370000,1,-1,-1,-1,10.000000,10.000000,10.000000,10.000000
2,2369,174.070000,214.780000,7.560000,15.560000,1,-1,-1,-1,10.000000,10.000000,10.000000,10.000000
2,2368,172.960000,244.000000,8.160000,18.950000,1,-1,-1,-1,10.000000,10.000000,10.000000,10.000000
2,2367,189.530000,157.860000,15.770000,21.190000,1,-1,-1,-1,10.000000,10.000000,10.000000,10.000000
2,2366,174.010000,189.050000,8.110000,18.620000,1,-1,-1,-1,10.000000,10.000000,10.000000,10.000000
2,2362,119.547118,117.002555,18.394351,8.234793,1,-1,-1,-1,0.999900,0.999900,9.990021,5.238095
2,2358,91.619427,117.644045,20.089395,8.761864,1,-1,-1,-1,0.999900,0.999900,9.990021,5.238095
2,2352,-147.169673,332.898830,16.937673,17.292385,1,-1,-1,-1,0.999900,0.999900,9.990021,5.238095
2,2351,124.141003,130.939582,15.227999,7.880814,1,-1,-1,-1,0.999900,0.999900,9.990021,5.238095
2,2350,-166.210769,350.279954,15.879869,14.990143,1,-1,-1,-1,0.999900,0.999900,9.990021,5.238095
3,2382,181.080000,242.470000,9.090000,17.020000,1,-1,-1,-1,10.000000,10.000000,10.000000,10.000000
3,2381,199.770000,77.440000,8.060000,18.340000,1,-1,-1,-1,10.000000,10.000000,10.000000,10.000000
3,2380,-94.470000,272.720000,14.420000,20.920000,1,-1,-1,-1,10.000000,10.000000,10.000000,10.000000
3,2379,198.160000,163.540000,12.740000,20.870000,1,-1,-1,-1,10.000000,10.000000,10.000000,10.000000
3,2378,-81.650000,241.520000,12.960000,19.300000,1,-1,-1,-1,10.000000,10.000000,10.000000,10.000000
3,2377,-109.030000,295.580000,14.960000,16.790000,1,-1,-1,-1,10.000000,10.000000,10.000000,10.000000
3,2376,182.750000,214.060000,7.600000,14.990000,1,-1,-1,-1,10.000000,10.000000,10.000000,10.000000
3,2375,182.780000,189.120000,8.140000,18.620000,1,-1,-1,-1,10.000000,10.000000,10.000000,10.000000
3,2363,183.981443,71.846436,10.176992,17.757439,1,-1,-1,-1,0.999975,0.999975,9.997501,5.454545
3,2362,127.502843,116.999719,19.089641,8.504035,1,-1,-1,-1,0.941153,0.941153,8.384601,3.841642
3,2358,100.462344,117.688544,19.999853,8.935822,1,-1,-1,-1,0.941153,0.941153,8.384601,3.841642
3,2352,-138.524905,332.656784,16.924988,17.269997,1,-1,-1,-1,0.941153,0.941153,8.384601,3.841642
3,2351,124.152986,130.914929,15.238148,7.877778,1,-1,-1,-1,0.941153,0.941153,8.384601,3.841642
3,2350,-157.592205,350.047723,15.899002,15.001063,1,-1,-1,-1,0.941153,0.941153,8.384601,3.841642
4,2362,138.604685,116.894913,17.299660,8.000099,1,-1,-1,-1,0.847083,0.847083,7.132717,3.262201
4,2358,109.608338,117.619692,19.978615,8.947775,1,-1,-1,-1,0.847083,0.847083,7.132717,3.262201
4,2352,-129.469261,332.624848,16.945359,17.288917,1,-1,-1,-1,0.847083,0.847083,7.132717,3.262201
4,2351,124.141104,130.918724,15.252472,7.880746,1,-1,-1,-1,0.847083,0.847083,7.132717,3.262201
4,2350,-148.528702,349.996291,15.900735,15.002045,1,-1,-1,-1,0.847083,0.847083,7.132717,3.262201
5,2362,148.568980,117.142923,16.857076,7.966127,1,-1,-1,-1,0.780933,0.780933,6.225018,2.988460
5,2358,118.904814,117.392856,19.562153,8.773680,1,-1,-1,-1,0.780933,0.780933,6.225018,2.988460
5,2352,-120.100204,332.638452,16.948084,17.290606,1,-1,-1,-1,0.780933,0.780933,6.225018,2.988460
5,2351,124.150020,130.920041,15.239500,7.872954,1,-1,-1,-1,0.780933,0.780933,6.225018,2.988460
5,2350,-139.148360,350.005132,15.888718,14.989965,1,-1,-1,-1,0.780933,0.780933,6.225018,2.988460
6,2362,158.523097,117.155309,16.455813,7.887903,1,-1,-1,-1,0.739812,0.739812,5.560040,2.851250
6,2358,128.778223,117.299684,19.550624,8.641712,1,-1,-1,-1,0.739812,0.739812,5.560040,2.851250
6,2352,-110.411781,332.648823,16.954988,17.296862,1,-1,-1,-1,0.739812,0.739812,5.560040,2.851250
6,2351,124.311587,130.762169,14.932494,7.698636,1,-1,-1,-1,0.739812,0.739812,5.560040,2.851250
6,2350,-129.469746,350.015664,15.888517,14.989441,1,-1,-1,-1,0.739812,0.739812,5.560040,2.851250
7,2362,168.772575,117.257132,16.199098,7.828415,1,-1,-1,-1,0.714060,0.714060,5.062690,2.780435
7,2358,138.722769,117.300242,19.660821,8.607491,1,-1,-1,-1,0.714060,0.714060,5.062690,2.780435
7,2352,-100.386906,332.690852,16.958676,17.300076,1,-1,-1,-1,0.714060,0.714060,5.062690,2.780435
7,2351,124.237799,130.898289,15.056659,7.771737,1,-1,-1,-1,0.714060,0.714060,5.062690,2.780435
7,2350,-119.439170,350.059801,15.893638,14.994196,1,-1,-1,-1,0.714060,0.714060,5.062690,2.780435
8,2362,179.071696,117.236426,16.121050,7.841920,1,-1,-1,-1,0.697349,0.697349,4.683127,2.743335
8,2358,149.065243,117.337747,19.759898,8.600068,1,-1,-1,-1,0.697349,0.697349,4.683127,2.743335
8,2352,-90.134359,332.677966,16.959762,17.298047,1,-1,-1,-1,0.697349,0.697349,4.683127,2.743335
8,2351,124.196749,130.947854,15.130333,7.818996,1,-1,-1,-1,0.697349,0.697349,4.683127,2.743335
8,2350,-109.192085,350.049311,15.896631,14.996965,1,-1,-1,-1,0.697349,0.697349,4.683127,2.743335
9,2362,189.363338,117.206214,16.057505,7.821562,1,-1,-1,-1,0.686065,0.686065,4.388218,2.723746
9,2358,159.420967,117.289539,19.727921,8.549581,1,-1,-1,-1,0.686065,0.686065,4.388218,2.723746
9,2352,-79.775644,332.659398,16.948182,17.286866,1,-1,-1,-1,0.686065,0.686065,4.388218,2.723746
9,2351,124.163731,130.960856,15.186487,7.853203,1,-1,-1,-1,0.686065,0.686065,4.388218,2.723746
9,2350,-98.844978,350.046819,15.898436,14.998629,1,-1,-1,-1,0.686065,0.686065,4.388218,2.723746
10,2362,199.316342,117.098280,16.002095,7.816695,1,-1,-1,-1,0.678159,0.678159,4.155461,2.713360
10,2358,169.184729,117.253075,19.747771,8.506636,1,-1,-1,-1,0.678159,0.678159,4.155461,2.713360
10,2352,-69.639707,332.896056,16.942217,17.286663,1,-1,-1,-1,0.678159,0.678159,4.155461,2.713360
10,2351,124.149743,130.953522,15.231272,7.875940,1,-1,-1,-1,0.678159,0.678159,4.155461,2.713360
10,2350,-88.682378,350.299957,15.896872,15.002396,1,-1,-1,-1,0.678159,0.678159,4.155461,2.713360
11,2362,208.586439,117.015731,15.887730,7.738656,1,-1,-1,-1,0.672446,0.672446,3.969193,2.707841
11,2358,178.510352,117.252995,19.755712,8.496341,1,-1,-1,-1,0.672446,0.672446,3.969193,2.707841
11,2352,-60.510380,332.745222,16.936896,17.280097,1,-1,-1,-1,0.672446,0.672446,3.969193,2.707841
11,2351,124.136995,130.947697,15.256321,7.889984,1,-1,-1,-1,0.672446,0.672446,3.969193,2.707841
11,2350,-79.574243,350.142255,15.901610,15.002862,1,-1,-1,-1,0.672446,0.672446,3.969193,2.707841
12,2362,217.288551,117.207174,15.908684,7.794350,1,-1,-1,-1,0.668212,0.668212,3.818265,2.704905
12,2358,186.936582,117.394894,19.728504,8.480884,1,-1,-1,-1,0.668212,0.668212,3.818265,2.704905
12,2352,-52.003484,332.724804,16.937251,17.279576,1,-1,-1,-1,0.668212,0.668212,3.818265,2.704905
12,2351,124.131266,130.941551,15.274289,7.895966,1,-1,-1,-1,0.668212,0.668212,3.818265,2.704905
12,2350,-71.067918,350.102237,15.897732,14.998687,1,-1,-1,-1,0.668212,0.668212,3.818265,2.704905
13,2362,225.162846,117.154112,15.795551,7.719577,1,-1,-1,-1,0.665009,0.665009,3.694582,2.703342
13,2358,194.822267,117.456970,19.767882,8.487335,1,-1,-1,-1,0.665009,0.665009,3.694582,2.703342
13,2352,-44.214314,332.699222,16.941242,17.282950,1,-1,-1,-1,0.665009,0.665009,3.694582,2.703342
13,2351,124.124487,130.946876,15.283615,7.902477,1,-1,-1,-1,0.665009,0.665009,3.694582,2.703342
13,2350,-63.281190,350.066880,15.891384,14.992169,1,-1,-1,-1,0.665009,0.665009,3.694582,2.703342
14,2362,232.253267,117.169147,15.797921,7.734105,1,-1,-1,-1,0.662548,0.662548,3.592165,2.702510
14,2358,202.007659,117.365358,19.680176,8.416915,1,-1,-1,-1,0.662548,0.662548,3.592165,2.702510
14,2352,-37.160331,332.712495,16.951177,17.292468,1,-1,-1,-1,0.662548,0.662548,3.592165,2.702510
14,2351,124.114246,130.947837,15.289233,7.906616,1,-1,-1,-1,0.662548,0.662548,3.592165,2.702510
14,2350,-56.218368,350.079616,15.897924,14.998411,1,-1,-1,-1,0.662548,0.662548,3.592165,2.702510
15,2362,238.556609,117.192009,15.834989,7.751667,1,-1,-1,-1,0.660633,0.660633,3.506534,2.702067
15,2358,208.321311,117.277931,19.647618,8.372739,1,-1,-1,-1,0.660633,0.660633,3.506534,2.702067
15,2352,-30.834044,332.680346,16.951030,17.291975,1,-1,-1,-1,0.660633,0.660633,3.506534,2.702067
15,2351,124.111601,130.947402,15.295550,7.909385,1,-1,-1,-1,0.660633,0.660633,3.506534,2.702067
15,2350,-49.893196,350.055980,15.898891,14.999223,1,-1,-1,-1,0.660633,0.660633,3.506534,2.702067
16,2479,16.716007,272.990629,15.522135,22.011664,1,-1,-1,-1,0.847083,0.847083,7.132717,3.262201
16,2478,357.212590,131.913396,12.878039,10.152377,1,-1,-1,-1,0.847083,0.847083,7.132717,3.262201
16,2474,3.187782,296.253783,15.240993,17.851429,1,-1,-1,-1,0.847083,0.847083,7.132717,3.262201
16,2472,30.083851,241.519484,12.932011,18.917137,1,-1,-1,-1,0.847083,0.847083,7.132717,3.262201
16,2362,244.063396,117.191592,15.883413,7.769783,1,-1,-1,-1,0.659128,0.659128,3.434287,2.701831
16,2358,213.904516,117.301560,19.681318,8.351009,1,-1,-1,-1,0.659128,0.659128,3.434287,2.701831
16,2352,-25.237231,332.681721,16.953984,17.291982,1,-1,-1,-1,0.659128,0.659128,3.434287,2.701831
16,2351,124.106718,130.945196,15.292569,7.907572,1,-1,-1,-1,0.659128,0.659128,3.434287,2.701831
16,2350,-44.300273,350.052415,15.896092,14.996357,1,-1,-1,-1,0.659128,0.659128,3.434287,2.701831
17,2487,345.889450,178.801910,11.729519,25.134040,1,-1,-1,-1,0.847083,0.847083,7.132717,3.262201
17,2479,21.917868,272.878695,14.981514,21.555278,1,-1,-1,-1,0.780933,0.780933,6.225018,2.988460
17,2478,361.168909,131.188463,13.948426,9.899524,1,-1,-1,-1,0.780933,0.780933,6.225018,2.988460
17,2474,7.725518,295.910676,15.025631,17.640698,1,-1,-1,-1,0.780933,0.780933,6.225018,2.988460
17,2472,34.889387,241.629884,12.862658,18.808719,1,-1,-1,-1,0.780933,0.780933,6.225018,2.988460
17,2362,248.725146,117.118087,16.020711,7.765263,1,-1,-1,-1,0.657936,0.657936,3.372813,2.701705
17,2358,218.845515,117.313343,19.691550,8.320098,1,-1,-1,-1,0.657936,0.657936,3.372813,2.701705
17,2352,-20.384523,332.689279,16.956078,17.291925,1,-1,-1,-1,0.657936,0.657936,3.372813,2.701705
17,2351,124.112206,130.944634,15.289997,7.906044,1,-1,-1,-1,0.657936,0.657936,3.372813,2.701705
17,2350,-39.444861,350.068387,15.900914,15.001047,1,-1,-1,-1,0.657936,0.657936,3.372813,2.701705
18,2493,3.075671,117.072073,18.129706,8.292263,1,-1,-1,-1,0.847083,0.847083,7.132717,3.262201
18,2487,349.887574,179.121991,11.783449,25.414764,1,-1,-1,-1,0.780933,0.780933,6.225018,2.988460
18,2479,25.652497,273.494796,16.234969,22.301697,1,-1,-1,-1,0.739812,0.739812,5.560040,2.851250
18,2478,364.945178,130.946859,14.714118,9.796007,1,-1,-1,-1,0.739812,0.739812,5.560040,2.851250
18,2474,11.897699,295.660005,14.673219,17.280265,1,-1,-1,-1,0.739812,0.739812,5.560040,2.851250
18,2472,40.708738,240.904295,11.183772,18.171440,1,-1,-1,-1,0.739812,0.739812,5.560040,2.851250
18,2362,253.060385,117.179661,15.986863,7.808276,1,-1,-1,-1,0.656986,0.656986,3.320085,2.701638
18,2358,222.970151,117.255835,19.699497,8.316473,1,-1,-1,-1,0.656986,0.656986,3.320085,2.701638
18,2352,-16.222190,332.704208,16.951237,17.288197,1,-1,-1,-1,0.656986,0.656986,3.320085,2.701638
18,2351,124.114946,130.944659,15.287760,7.904743,1,-1,-1,-1,0.656986,0.656986,3.320085,2.701638
18,2350,-35.275146,350.090502,15.897614,14.997731,1,-1,-1,-1,0.656986,0.656986,3.320085,2.701638
19,2493,6.552573,117.331051,18.106706,8.359115,1,-1,-1,-1,0.780933,0.780933,6.225018,2.988460
19,2487,353.300233,179.189320,11.787116,25.529853,1,-1,-1,-1,0.739812,0.739812,5.560040,2.851250
19,2478,369.529341,131.872918,13.195837,9.700384,1,-1,-1,-1,0.714060,0.714060,5.062690,2.780435
19,2474,15.261192,295.654243,14.580364,17.146790,1,-1,-1,-1,0.714060,0.714060,5.062690,2.780435
19,2472,43.558222,241.827285,11.621528,18.755812,1,-1,-1,-1,0.714060,0.714060,5.062690,2.780435
19,2362,256.325365,117.305236,15.961316,7.869462,1,-1,-1,-1,0.656225,0.656225,3.274518,2.701603
19,2358,226.348913,117.415543,19.692231,8.328539,1,-1,-1,-1,0.656225,0.656225,3.274518,2.701603
19,2352,-12.862278,332.692565,16.954045,17.289133,1,-1,-1,-1,0.656225,0.656225,3.274518,2.701603
19,2351,124.116557,130.944875,15.285801,7.903625,1,-1,-1,-1,0.656225,0.656225,3.274518,2.701603
19,2350,-31.921043,350.068544,15.898562,14.998630,1,-1,-1,-1,0.656225,0.656225,3.274518,2.701603
20,2503,57.842362,179.590004,8.443077,16.379745,1,-1,-1,-1,0.847083,0.847083,7.132717,3.262201
20,2502,78.937451,49.157501,8.139966,18.268654,1,-1,-1,-1,0.847083,0.847083,7.132717,3.262201
20,2500,308.802571,189.119313,8.127606,18.621470,1,-1,-1,-1,0.847083,0.847083,7.132717,3.262201
20,2493,9.494594,117.064734,18.043698,8.240042,1,-1,-1,-1,0.739812,0.739812,5.560040,2.851250
20,2487,356.030335,178.884198,11.728640,25.323774,1,-1,-1,-1,0.714060,0.714060,5.062690,2.780435
20,2478,371.540171,131.581348,14.021549,9.875944,1,-1,-1,-1,0.697349,0.697349,4.683127,2.743335
20,2474,18.172467,296.339490,14.785089,17.520743,1,-1,-1,-1,0.697349,0.697349,4.683127,2.743335
20,2472,46.053055,241.608097,11.989694,19.046924,1,-1,-1,-1,0.697349,0.697349,4.683127,2.743335
20,2362,258.887393,117.207455,15.923974,7.835111,1,-1,-1,-1,0.655613,0.655613,3.234861,2.701584
20,2358,228.891258,117.552628,19.311067,8.404575,1,-1,-1,-1,0.655613,0.655613,3.234861,2.701584
20,2352,-10.221361,332.690059,16.956310,17.292738,1,-1,-1,-1,0.655613,0.655613,3.234861,2.701584
20,2351,124.117671,130.945136,15.284075,7.902655,1,-1,-1,-1,0.655613,0.655613,3.234861,2.701584
20,2350,-29.283517,350.058663,15.895975,14.996041,1,-1,-1,-1,0.655613,0.655613,3.234861,2.701584
21,2506,80.116178,73.716933,7.739750,15.270970,1,-1,-1,-1,0.847083,0.847083,7.132717,3.262201
21,2503,59.741120,180.036615,8.630468,16.799035,1,-1,-1,-1,0.780933,0.780933,6.225018,2.988460
21,2502,81.098151,48.723931,7.984965,17.746794,1,-1,-1,-1,0.780933,0.780933,6.225018,2.988460
21,2500,310.722406,188.920170,8.128540,18.621532,1,-1,-1,-1,0.780933,0.780933,6.225018,2.988460
21,2493,11.225900,117.151145,17.991389,8.243496,1,-1,-1,-1,0.714060,0.714060,5.062690,2.780435
21,2478,373.244603,130.683892,14.496840,9.125112,1,-1,-1,-1,0.686065,0.686065,4.388218,2.723746
21,2474,20.101276,295.969206,14.478638,17.198852,1,-1,-1,-1,0.686065,0.686065,4.388218,2.723746
21,2472,48.119898,241.085355,11.826572,19.423530,1,-1,-1,-1,0.686065,0.686065,4.388218,2.723746
21,2362,261.048207,117.420362,15.897482,7.976471,1,-1,-1,-1,0.655120,0.655120,3.200116,2.701574
21,2358,230.695217,117.409799,19.495011,8.456517,1,-1,-1,-1,0.655120,0.655120,3.200116,2.701574
21,2352,-8.266162,332.569578,16.887448,17.219200,1,-1,-1,-1,0.655120,0.655120,3.200116,2.701574
21,2351,124.118303,130.947193,15.283020,7.904757,1,-1,-1,-1,0.655120,0.655120,3.200116,2.701574
21,2350,-27.363997,350.062181,15.894128,14.994189,1,-1,-1,-1,0.655120,0.655120,3.200116,2.701574
22,2509,328.388413,77.500925,8.354957,19.410434,1,-1,-1,-1,0.847083,0.847083,7.132717,3.262201
22,2506,81.056643,73.668870,7.977031,15.577821,1,-1,-1,-1,0.780933,0.780933,6.225018,2.988460
22,2503,61.039623,179.931090,8.783990,17.182189,1,-1,-1,-1,0.739812,0.739812,5.560040,2.851250
22,2502,82.367330,48.765910,7.922053,17.664224,1,-1,-1,-1,0.739812,0.739812,5.560040,2.851250
22,2500,311.963251,188.363839,8.129081,18.621381,1,-1,-1,-1,0.739812,0.739812,5.560040,2.851250
22,2493,11.618683,117.178791,18.657001,8.383255,1,-1,-1,-1,0.697349,0.697349,4.683127,2.743335
22,2478,374.168373,131.190767,14.398790,9.212069,1,-1,-1,-1,0.678159,0.678159,4.155461,2.713360
22,2474,21.340350,295.810526,14.351804,17.031549,1,-1,-1,-1,0.678159,0.678159,4.155461,2.713360
22,2472,49.057048,241.277076,11.770232,19.088106,1,-1,-1,-1,0.678159,0.678159,4.155461,2.713360
22,2362,262.314615,117.209508,15.788753,7.937589,1,-1,-1,-1,0.654721,0.654721,3.169484,2.701568
22,2358,231.934742,117.311350,19.370553,8.355481,1,-1,-1,-1,0.654721,0.654721,3.169484,2.701568
22,2352,-7.087152,332.659273,16.901805,17.235783,1,-1,-1,-1,0.654721,0.654721,3.169484,2.701568
22,2351,124.118885,130.947602,15.281953,7.906138,1,-1,-1,-1,0.654721,0.654721,3.169484,2.701568
22,2350,-26.169701,350.072332,15.895993,14.996021,1,-1,-1,-1,0.654721,0.654721,3.169484,2.701568
23,2509,328.883864,77.590067,8.494972,19.548699,1,-1,-1,-1,0.780933,0.780933,6.225018,2.988460
23,2506,81.754658,73.440918,7.813750,15.353712,1,-1,-1,-1,0.739812,0.739812,5.560040,2.851250
23,2503,61.839314,178.470587,8.562597,16.972094,1,-1,-1,-1,0.714060,0.714060,5.062690,2.780435
23,2502,82.723162,48.338249,7.787124,17.208733,1,-1,-1,-1,0.714060,0.714060,5.062690,2.780435
23,2500,312.501451,187.465153,8.130415,18.629025,1,-1,-1,-1,0.714060,0.714060,5.062690,2.780435
23,2493,12.144662,117.121344,18.807545,8.409361,1,-1,-1,-1,0.686065,0.686065,4.388218,2.723746
23,2474,21.695661,295.933465,14.479250,17.204325,1,-1,-1,-1,0.672446,0.672446,3.969193,2.707841
23,2472,49.332653,241.740086,12.227886,19.861977,1,-1,-1,-1,0.672446,0.672446,3.969193,2.707841
23,2358,232.329015,117.462314,19.581801,8.419280,1,-1,-1,-1,0.654397,0.654397,3.142321,2.701565
23,2352,-6.635262,332.700910,16.918439,17.254059,1,-1,-1,-1,0.654397,0.654397,3.142321,2.701565
23,2351,124.114907,130.945638,15.283413,7.904200,1,-1,-1,-1,0.654397,0.654397,3.142321,2.701565
23,2350,-25.714941,350.074382,15.894169,14.994202,1,-1,-1,-1,0.654397,0.654397,3.142321,2.701565
24,2506,81.765366,73.420690,7.764908,15.304859,1,-1,-1,-1,0.714060,0.714060,5.062690,2.780435
24,2503,62.220319,176.838308,8.286403,16.630408,1,-1,-1,-1,0.697349,0.697349,4.683127,2.743335
24,2502,82.704913,48.384488,7.699600,16.888980,1,-1,-1,-1,0.697349,0.697349,4.683127,2.743335
24,2500,312.611747,186.178151,8.131035,18.633715,1,-1,-1,-1,0.697349,0.697349,4.683127,2.743335
24,2493,11.981418,117.054353,18.931154,8.353218,1,-1,-1,-1,0.678159,0.678159,4.155461,2.713360
24,2474,21.615108,295.752364,14.584808,17.214748,1,-1,-1,-1,0.668212,0.668212,3.818265,2.704905
24,2472,49.619551,241.365949,12.036265,20.148405,1,-1,-1,-1,0.668212,0.668212,3.818265,2.704905
24,2358,232.551172,117.492157,19.501359,8.472991,1,-1,-1,-1,0.654134,0.654134,3.118101,2.701564
24,2352,-6.658103,332.703871,16.924171,17.260971,1,-1,-1,-1,0.654134,0.654134,3.118101,2.701564
24,2351,124.117987,130.945274,15.281353,7.902568,1,-1,-1,-1,0.654134,0.654134,3.118101,2.701564
24,2350,-25.728409,350.077360,15.895991,14.996001,1,-1,-1,-1,0.654134,0.654134,3.118101,2.701564
25,2506,81.783189,73.410419,7.754379,15.274167,1,-1,-1,-1,0.697349,0.697349,4.683127,2.743335
25,2503,62.433125,175.222535,8.045650,16.370739,1,-1,-1,-1,0.686065,0.686065,4.388218,2.723746
25,2502,82.793400,48.589174,7.638267,16.895566,1,-1,-1,-1,0.686065,0.686065,4.388218,2.723746
25,2500,312.576193,184.509889,8.075801,18.586810,1,-1,-1,-1,0.686065,0.686065,4.388218,2.723746
25,2474,21.724255,295.769421,14.578986,17.234871,1,-1,-1,-1,0.665009,0.665009,3.694582,2.703342
25,2472,49.691816,239.762435,12.386168,19.753597,1,-1,-1,-1,0.665009,0.665009,3.694582,2.703342
25,2358,232.301224,117.356549,19.353654,8.427568,1,-1,-1,-1,0.653921,0.653921,3.096395,2.701563
25,2352,-6.836550,332.705645,16.931414,17.269083,1,-1,-1,-1,0.653921,0.653921,3.096395,2.701563
25,2351,124.114712,130.947183,15.282945,7.904284,1,-1,-1,-1,0.653921,0.653921,3.096395,2.701563
25,2350,-25.904324,350.078335,15.897299,14.997293,1,-1,-1,-1,0.653921,0.653921,3.096395,2.701563
26,2513,259.267299,116.950262,16.965031,7.994707,1,-1,-1,-1,0.847083,0.847083,7.132717,3.262201
26,2507,58.225327,207.400103,9.137990,18.817676,1,-1,-1,-1,0.688758,0.688758,4.635157,2.913154
26,2506,81.604300,73.521224,7.725763,15.267293,1,-1,-1,-1,0.686065,0.686065,4.388218,2.723746
26,2503,62.707439,173.466240,8.092874,16.455044,1,-1,-1,-1,0.678159,0.678159,4.155461,2.713360
26,2502,82.753886,48.428304,7.570345,16.530080,1,-1,-1,-1,0.678159,0.678159,4.155461,2.713360
26,2500,312.476589,182.483960,7.968606,18.503926,1,-1,-1,-1,0.678159,0.678159,4.155461,2.713360
26,2474,21.434304,295.653200,14.537127,17.143683,1,-1,-1,-1,0.662548,0.662548,3.592165,2.702510
26,2472,49.626121,239.270661,12.151028,19.772962,1,-1,-1,-1,0.662548,0.662548,3.592165,2.702510
26,2358,232.055715,117.653029,19.460891,8.577684,1,-1,-1,-1,0.653747,0.653747,3.076849,2.701563
26,2352,-7.061161,332.703293,16.933570,17.271865,1,-1,-1,-1,0.653747,0.653747,3.076849,2.701563
26,2351,124.113310,130.947612,15.283888,7.905424,1,-1,-1,-1,0.653747,0.653747,3.076849,2.701563
26,2350,-26.125219,350.078614,15.898235,14.998220,1,-1,-1,-1,0.653747,0.653747,3.076849,2.701563
27,2516,372.074628,130.954576,15.100486,7.593067,1,-1,-1,-1,0.847083,0.847083,7.132717,3.262201
27,2515,34.308044,272.737619,15.041121,21.701044,1,-1,-1,-1,0.808479,0.808479,6.225062,3.298778
27,2513,259.327767,117.157242,16.868025,7.948876,1,-1,-1,-1,0.780933,0.780933,6.225018,2.988460
27,2507,58.294424,205.320013,9.493185,19.047029,1,-1,-1,-1,0.678865,0.678865,4.260805,2.812557
27,2506,81.630066,73.345263,7.685723,15.194104,1,-1,-1,-1,0.678159,0.678159,4.155461,2.713360
27,2503,62.604700,171.424944,8.344720,16.600511,1,-1,-1,-1,0.672446,0.672446,3.969193,2.707841
27,2502,82.574288,48.817695,7.582281,16.754697,1,-1,-1,-1,0.672446,0.672446,3.969193,2.707841
27,2500,312.272122,180.193945,8.010585,18.549597,1,-1,-1,-1,0.672446,0.672446,3.969193,2.707841
27,2474,21.348793,295.714781,14.462702,17.051587,1,-1,-1,-1,0.660633,0.660633,3.506534,2.702067
27,2472,49.732105,238.145124,12.149272,19.678934,1,-1,-1,-1,0.660633,0.660633,3.506534,2.702067
27,2358,231.798767,117.651021,19.519173,8.549647,1,-1,-1,-1,0.653605,0.653605,3.059169,2.701562
27,2352,-7.282058,332.705465,16.941254,17.280021,1,-1,-1,-1,0.653605,0.653605,3.059169,2.701562
27,2351,124.112727,130.947573,15.284381,7.906155,1,-1,-1,-1,0.653605,0.653605,3.059169,2.701562
27,2350,-26.344897,350.068652,15.892768,14.992787,1,-1,-1,-1,0.653605,0.653605,3.059169,2.701562
28,2516,372.377705,130.774214,15.295276,7.688311,1,-1,-1,-1,0.780933,0.780933,6.225018,2.988460
28,2515,34.574847,271.703715,14.662580,21.254545,1,-1,-1,-1,0.761768,0.761768,5.587838,3.006395
28,2513,259.480856,117.461351,16.983386,8.119357,1,-1,-1,-1,0.739812,0.739812,5.560040,2.851250
28,2506,81.591162,73.455196,7.679848,15.224725,1,-1,-1,-1,0.672446,0.672446,3.969193,2.707841
28,2503,62.836209,168.461496,8.490489,16.595293,1,-1,-1,-1,0.668212,0.668212,3.818265,2.704905
28,2502,82.436291,49.081258,7.723157,17.181420,1,-1,-1,-1,0.668212,0.668212,3.818265,2.704905
28,2500,312.014016,177.621797,8.156855,18.664863,1,-1,-1,-1,0.668212,0.668212,3.818265,2.704905
28,2493,11.322678,117.024067,19.321995,8.246342,1,-1,-1,-1,0.664553,0.664553,3.820431,2.836399
28,2474,21.345163,296.288683,14.679505,17.386834,1,-1,-1,-1,0.659128,0.659128,3.434287,2.701831
28,2472,49.734127,238.733927,12.278076,19.749490,1,-1,-1,-1,0.659128,0.659128,3.434287,2.701831
28,2358,231.560538,117.763119,19.651118,8.730094,1,-1,-1,-1,0.653490,0.653490,3.043111,2.701562
28,2352,-7.492288,332.711489,16.946803,17.285912,1,-1,-1,-1,0.653490,0.653490,3.043111,2.701562
28,2351,124.112523,130.947427,15.284564,7.906596,1,-1,-1,-1,0.653490,0.653490,3.043111,2.701562
28,2350,-26.550669,350.067669,15.891876,14.991898,1,-1,-1,-1,0.653490,0.653490,3.043111,2.701562
29,2516,372.341936,131.142022,15.380774,7.838531,1,-1,-1,-1,0.739812,0.739812,5.560040,2.851250
29,2513,259.611442,117.623200,16.848655,8.183583,1,-1,-1,-1,0.714060,0.714060,5.062690,2.780435
29,2506,81.578805,73.427796,7.676747,15.190037,1,-1,-1,-1,0.668212,0.668212,3.818265,2.704905
29,2503,63.011417,164.854111,8.736430,16.454335,1,-1,-1,-1,0.665009,0.665009,3.694582,2.703342
29,2502,82.348734,48.817596,7.702712,17.233990,1,-1,-1,-1,0.665009,0.665009,3.694582,2.703342
29,2500,311.708033,174.758093,8.385965,18.825357,1,-1,-1,-1,0.665009,0.665009,3.694582,2.703342
29,2493,11.474766,117.133306,19.292685,8.255639,1,-1,-1,-1,0.660829,0.660829,3.618339,2.772686
29,2474,21.199309,296.051907,14.810466,17.498071,1,-1,-1,-1,0.657936,0.657936,3.372813,2.701705
29,2472,49.478867,238.077327,12.758466,19.938793,1,-1,-1,-1,0.657936,0.657936,3.372813,2.701705
29,2358,231.726771,117.795057,19.602708,8.798385,1,-1,-1,-1,0.653396,0.653396,3.028469,2.701562
29,2352,-7.681037,332.697982,16.947784,17.287136,1,-1,-1,-1,0.653396,0.653396,3.028469,2.701562
29,2351,124.117364,130.945497,15.281362,7.903887,1,-1,-1,-1,0.653396,0.653396,3.028469,2.701562
29,2350,-26.741394,350.067577,15.891235,14.991258,1,-1,-1,-1,0.653396,0.653396,3.028469,2.701562
30,2516,372.398870,130.752724,15.448835,7.752200,1,-1,-1,-1,0.714060,0.714060,5.062690,2.780435
30,2513,259.577639,117.553317,16.741876,8.256843,1,-1,-1,-1,0.697349,0.697349,4.683127,2.743335
30,2506,81.580770,73.361262,7.660588,15.139755,1,-1,-1,-1,0.665009,0.665009,3.694582,2.703342
30,2503,63.159711,162.158180,9.158562,16.675512,1,-1,-1,-1,0.662548,0.662548,3.592165,2.702510
30,2502,82.456526,48.455055,7.683595,16.924226,1,-1,-1,-1,0.662548,0.662548,3.592165,2.702510
30,2500,311.352969,171.586422,8.686843,19.013963,1,-1,-1,-1,0.662548,0.662548,3.592165,2.702510
30,2493,11.226073,117.161967,19.422930,8.291040,1,-1,-1,-1,0.659135,0.659135,3.489683,2.739252
30,2474,21.262693,295.572714,14.838184,17.455335,1,-1,-1,-1,0.656986,0.656986,3.320085,2.701638
30,2472,50.503712,235.978055,11.952856,19.665573,1,-1,-1,-1,0.656986,0.656986,3.320085,2.701638
30,2358,231.463366,117.475213,19.549417,8.760581,1,-1,-1,-1,0.653319,0.653319,3.015070,2.701562
30,2352,-7.848059,332.686147,16.948491,17.288020,1,-1,-1,-1,0.653319,0.653319,3.015070,2.701562
30,2351,124.121519,130.947029,15.282065,7.904789,1,-1,-1,-1,0.653319,0.653319,3.015070,2.701562
30,2350,-26.920193,350.076067,15.893799,14.993805,1,-1,-1,-1,0.653319,0.653319,3.015070,2.701562
31,2516,372.101290,130.780314,16.329141,8.124009,1,-1,-1,-1,0.697349,0.697349,4.683127,2.743335
31,2513,259.799890,117.307127,16.625112,8.163436,1,-1,-1,-1,0.686065,0.686065,4.388218,2.723746
31,2506,81.544563,73.523511,7.659861,15.200182,1,-1,-1,-1,0.662548,0.662548,3.592165,2.702510
31,2503,63.529887,158.515053,9.479269,16.786422,1,-1,-1,-1,0.660633,0.660633,3.506534,2.702067
31,2502,82.327726,48.492997,7.644353,16.823611,1,-1,-1,-1,0.660633,0.660633,3.506534,2.702067
31,2500,310.836538,168.135652,9.124881,19.259752,1,-1,-1,-1,0.660633,0.660633,3.506534,2.702067
31,2493,11.202439,117.108951,19.509140,8.280414,1,-1,-1,-1,0.657938,0.657938,3.400367,2.721583
31,2474,21.200082,295.115999,14.619507,17.326332,1,-1,-1,-1,0.656225,0.656225,3.274518,2.701603
31,2472,50.953846,234.817763,11.548221,19.592541,1,-1,-1,-1,0.656225,0.656225,3.274518,2.701603
31,2358,230.886725,117.470363,19.696234,8.707565,1,-1,-1,-1,0.653256,0.653256,3.002767,2.701562
31,2352,-7.992113,332.666743,16.946001,17.285654,1,-1,-1,-1,0.653256,0.653256,3.002767,2.701562
31,2351,124.118348,130.947421,15.285288,7.905450,1,-1,-1,-1,0.653256,0.653256,3.002767,2.701562
31,2350,-27.070842,350.070717,15.889790,14.992512,1,-1,-1,-1,0.653256,0.653256,3.002767,2.701562
32,2516,372.773365,130.661094,15.159626,7.839424,1,-1,-1,-1,0.686065,0.686065,4.388218,2.723746
32,2513,259.458471,116.948303,16.716688,7.912648,1,-1,-1,-1,0.678159,0.678159,4.155461,2.713360
32,2506,81.514112,73.517543,7.662876,15.214171,1,-1,-1,-1,0.660633,0.660633,3.506534,2.702067
32,2503,64.025229,154.817368,10.011389,16.966959,1,-1,-1,-1,0.659128,0.659128,3.434287,2.701831
32,2502,82.258073,48.699908,7.624236,16.918190,1,-1,-1,-1,0.659128,0.659128,3.434287,2.701831
32,2500,309.587273,164.613854,9.866200,19.633449,1,-1,-1,-1,0.659128,0.659128,3.434287,2.701831
32,2493,11.433188,117.248136,19.281510,8.332122,1,-1,-1,-1,0.656994,0.656994,3.333769,2.712211
32,2474,21.388035,294.803181,14.705835,17.264941,1,-1,-1,-1,0.655613,0.655613,3.234861,2.701584
32,2472,51.229023,233.987550,11.625212,19.851488,1,-1,-1,-1,0.655613,0.655613,3.234861,2.701584
32,2358,230.844645,117.461055,19.532866,8.695630,1,-1,-1,-1,0.653205,0.653205,2.991436,2.701562
32,2352,-8.114536,332.656973,16.947329,17.289781,1,-1,-1,-1,0.653205,0.653205,2.991436,2.701562
32,2351,124.114801,130.947495,15.284652,7.905785,1,-1,-1,-1,0.653205,0.653205,2.991436,2.701562
32,2350,-27.210138,350.060609,15.886730,14.988739,1,-1,-1,-1,0.653205,0.653205,2.991436,2.701562
33,2513,259.443808,117.197796,16.697682,8.069359,1,-1,-1,-1,0.672446,0.672446,3.969193,2.707841
33,2506,81.446447,73.612452,7.684310,15.243956,1,-1,-1,-1,0.659128,0.659128,3.434287,2.701831
33,2503,64.878795,151.656098,10.785026,17.451319,1,-1,-1,-1,0.657936,0.657936,3.372813,2.701705
33,2502,82.193670,49.084598,7.677589,17.257693,1,-1,-1,-1,0.657936,0.657936,3.372813,2.701705
33,2500,307.944961,160.775092,10.834157,20.024852,1,-1,-1,-1,0.657936,0.657936,3.372813,2.701705
33,2493,11.419332,117.121186,19.183514,8.303489,1,-1,-1,-1,0.656235,0.656235,3.281269,2.707230
33,2474,21.829894,294.462823,14.454337,17.336947,1,-1,-1,-1,0.655120,0.655120,3.200116,2.701574
33,2472,51.767815,231.820970,11.685032,19.990818,1,-1,-1,-1,0.655120,0.655120,3.200116,2.701574
33,2358,231.098498,117.198791,19.396370,8.607604,1,-1,-1,-1,0.653163,0.653163,2.980969,2.701562
33,2352,-8.205293,332.611728,16.945304,17.289793,1,-1,-1,-1,0.653163,0.653163,2.980969,2.701562
33,2351,124.120290,130.945619,15.283805,7.903126,1,-1,-1,-1,0.653163,0.653163,2.980969,2.701562
33,2350,-27.324358,350.052833,15.884667,14.988849,1,-1,-1,-1,0.653163,0.653163,2.980969,2.701562
34,2513,259.517276,117.342103,16.865262,8.199097,1,-1,-1,-1,0.668212,0.668212,3.818265,2.704905
34,2507,60.058365,188.961365,9.501540,19.745688,1,-1,-1,-1,0.659987,0.659987,3.634616,2.866999
34,2506,81.439235,73.533434,7.698881,15.255427,1,-1,-1,-1,0.657936,0.657936,3.372813,2.701705
34,2503,66.147284,147.585849,11.653144,17.596646,1,-1,-1,-1,0.656986,0.656986,3.320085,2.701638
34,2502,82.329101,48.653230,7.577689,16.962152,1,-1,-1,-1,0.656986,0.656986,3.320085,2.701638
34,2500,306.039979,156.473452,11.957279,20.340992,1,-1,-1,-1,0.656986,0.656986,3.320085,2.701638
34,2493,11.478480,116.985424,18.999591,8.264109,1,-1,-1,-1,0.655622,0.655622,3.238150,2.704580
34,2474,22.442580,294.874240,14.632349,17.743779,1,-1,-1,-1,0.654721,0.654721,3.169484,2.701568
34,2472,52.323899,229.626104,11.451145,19.979728,1,-1,-1,-1,0.654721,0.654721,3.169484,2.701568
34,2358,230.850312,117.129206,19.264808,8.534667,1,-1,-1,-1,0.653129,0.653129,2.971273,2.701562
34,2352,-8.256704,332.540721,16.940861,17.286834,1,-1,-1,-1,0.653129,0.653129,2.971273,2.701562
34,2351,124.115911,130.953752,15.283345,7.903973,1,-1,-1,-1,0.653129,0.653129,2.971273,2.701562
34,2350,-27.423715,350.035130,15.880194,14.985977,1,-1,-1,-1,0.653129,0.653129,2.971273,2.701562
35,2524,314.112259,55.265080,9.283315,18.848217,1,-1,-1,-1,0.847083,0.847083,7.132717,3.262201
35,2513,259.499115,117.535235,17.103844,8.319348,1,-1,-1,-1,0.665009,0.665009,3.694582,2.703342
35,2507,60.683971,184.994779,9.274890,19.595357,1,-1,-1,-1,0.657255,0.657255,3.456084,2.788634
35,2506,81.455745,73.447751,7.633015,15.168205,1,-1,-1,-1,0.656986,0.656986,3.320085,2.701638
35,2503,67.387069,142.957954,12.515567,17.554899,1,-1,-1,-1,0.656225,0.656225,3.274518,2.701603
35,2502,82.210713,48.590399,7.609179,16.884826,1,-1,-1,-1,0.656225,0.656225,3.274518,2.701603
35,2500,303.193151,152.186462,13.576015,20.454464,1,-1,-1,-1,0.656225,0.656225,3.274518,2.701603
35,2493,11.432704,116.947152,18.994920,8.295298,1,-1,-1,-1,0.655127,0.655127,3.201687,2.703169
35,2474,22.948244,293.553789,14.227645,17.669448,1,-1,-1,-1,0.654397,0.654397,3.142321,2.701565
35,2472,52.945462,226.298822,11.503444,20.031833,1,-1,-1,-1,0.654397,0.654397,3.142321,2.701565
35,2358,231.086082,117.176858,19.464042,8.595990,1,-1,-1,-1,0.653101,0.653101,2.962268,2.701562
35,2352,-8.266846,332.442854,16.934806,17.284560,1,-1,-1,-1,0.653101,0.653101,2.962268,2.701562
35,2351,124.114382,130.950160,15.282902,7.904535,1,-1,-1,-1,0.653101,0.653101,2.962268,2.701562
35,2350,-27.498592,350.017711,15.882757,14.986983,1,-1,-1,-1,0.653101,0.653101,2.962268,2.701562
36,2524,313.960122,54.597739,9.364234,18.334768,1,-1,-1,-1,0.780933,0.780933,6.225018,2.988460
36,2513,259.394905,117.379422,17.305866,8.339886,1,-1,-1,-1,0.662548,0.662548,3.592165,2.702510
36,2507,60.892734,180.486737,9.244024,19.541316,1,-1,-1,-1,0.656302,0.656302,3.347896,2.747650
36,2506,81.439361,73.569336,7.622730,15.248295,1,-1,-1,-1,0.656225,0.656225,3.274518,2.701603
36,2503,70.259128,137.022553,12.627230,16.458751,1,-1,-1,-1,0.655613,0.655613,3.234861,2.701584
36,2502,82.301344,48.660163,7.542303,16.853615,1,-1,-1,-1,0.655613,0.655613,3.234861,2.701584
36,2500,299.405745,147.726003,15.128642,20.168859,1,-1,-1,-1,0.655613,0.655613,3.234861,2.701584
36,2493,11.495833,116.846483,18.739535,8.153023,1,-1,-1,-1,0.654727,0.654727,3.170212,2.702418
36,2474,23.663950,292.388632,14.098628,17.825493,1,-1,-1,-1,0.654134,0.654134,3.118101,2.701564
36,2472,53.954114,223.642460,11.192324,20.183789,1,-1,-1,-1,0.654134,0.654134,3.118101,2.701564
36,2358,230.993119,117.364757,19.525385,8.791033,1,-1,-1,-1,0.653078,0.653078,2.953887,2.701562
36,2352,-8.220914,332.297491,16.930532,17.285749,1,-1,-1,-1,0.653078,0.653078,2.953887,2.701562
36,2351,124.118735,130.946869,15.279413,7.902003,1,-1,-1,-1,0.653078,0.653078,2.953887,2.701562
36,2350,-27.548426,349.988630,15.887724,14.993491,1,-1,-1,-1,0.653078,0.653078,2.953887,2.701562
37,2524,314.889869,53.561600,8.847590,17.875109,1,-1,-1,-1,0.739812,0.739812,5.560040,2.851250
37,2513,259.437143,117.622452,17.480319,8.493062,1,-1,-1,-1,0.660633,0.660633,3.506534,2.702067
37,2507,61.389548,176.402013,9.170662,19.596235,1,-1,-1,-1,0.655676,0.655676,3.276359,2.726030
37,2506,81.403294,73.493511,7.610633,15.215193,1,-1,-1,-1,0.655613,0.655613,3.234861,2.701584
37,2503,73.214276,133.538960,13.953116,16.338738,1,-1,-1,-1,0.655120,0.655120,3.200116,2.701574
37,2502,82.307396,48.747099,7.617547,16.827237,1,-1,-1,-1,0.655120,0.655120,3.200116,2.701574
37,2500,295.013178,142.831513,16.589203,19.225399,1,-1,-1,-1,0.655120,0.655120,3.200116,2.701574
37,2493,11.765694,116.839388,18.468335,8.116893,1,-1,-1,-1,0.654402,0.654402,3.142643,2.702018
37,2474,24.334241,290.997701,14.065980,17.926122,1,-1,-1,-1,0.653921,0.653921,3.096395,2.701563
37,2472,54.879935,221.004808,10.740618,20.373822,1,-1,-1,-1,0.653921,0.653921,3.096395,2.701563
37,2358,230.747038,117.388414,19.600232,8.771827,1,-1,-1,-1,0.653059,0.653059,2.946067,2.701562
37,2352,-8.116391,332.109534,16.927667,17.292271,1,-1,-1,-1,0.653059,0.653059,2.946067,2.701562
37,2351,124.116250,130.947884,15.279847,7.903002,1,-1,-1,-1,0.653059,0.653059,2.946067,2.701562
37,2350,-27.561338,349.922653,15.888371,14.995279,1,-1,-1,-1,0.653059,0.653059,2.946067,2.701562
38,2527,40.690017,257.590757,14.460809,21.529608,1,-1,-1,-1,0.847083,0.847083,7.132717,3.262201
38,2524,315.046444,53.187579,8.708622,18.338042,1,-1,-1,-1,0.714060,0.714060,5.062690,2.780435
38,2513,258.621724,117.506906,17.953476,8.638001,1,-1,-1,-1,0.659128,0.659128,3.434287,2.701831
38,2507,61.918708,172.352495,9.477970,19.886374,1,-1,-1,-1,0.655178,0.655178,3.225087,2.714572
38,2506,81.307439,73.514301,7.671612,15.241769,1,-1,-1,-1,0.655120,0.655120,3.200116,2.701574
38,2503,76.914529,129.591149,15.068835,15.991457,1,-1,-1,-1,0.654721,0.654721,3.169484,2.701568
38,2502,82.268260,48.834109,7.558706,16.808392,1,-1,-1,-1,0.654721,0.654721,3.169484,2.701568
38,2500,289.710384,138.300951,17.839728,17.627699,1,-1,-1,-1,0.654721,0.654721,3.169484,2.701568
38,2474,25.156158,289.226606,14.198149,17.973574,1,-1,-1,-1,0.653747,0.653747,3.076849,2.701563
38,2472,55.563326,217.494120,10.607177,20.621613,1,-1,-1,-1,0.653747,0.653747,3.076849,2.701563
38,2358,230.310015,117.344590,19.433437,8.687043,1,-1,-1,-1,0.653044,0.653044,2.938756,2.701562
38,2352,-7.941558,331.850849,16.922870,17.299723,1,-1,-1,-1,0.653044,0.653044,2.938756,2.701562
38,2351,124.115281,130.954635,15.280072,7.903684,1,-1,-1,-1,0.653044,0.653044,2.938756,2.701562
38,2350,-27.528794,349.832386,15.886020,14.996469,1,-1,-1,-1,0.653044,0.653044,2.938756,2.701562
39,2532,310.750822,214.100884,8.456578,17.137388,1,-1,-1,-1,0.847083,0.847083,7.132717,3.262201
39,2527,42.274801,254.558258,13.548093,20.806465,1,-1,-1,-1,0.780933,0.780933,6.225018,2.988460
39,2524,315.177378,51.564297,8.812177,18.715599,1,-1,-1,-1,0.697349,0.697349,4.683127,2.743335
39,2513,258.940616,117.663629,17.890515,8.754236,1,-1,-1,-1,0.657936,0.657936,3.372813,2.701705
39,2507,62.192465,167.684194,9.894287,20.114432,1,-1,-1,-1,0.654772,0.654772,3.185714,2.708486
39,2506,81.369860,73.579292,7.701362,15.269306,1,-1,-1,-1,0.654721,0.654721,3.169484,2.701568
39,2503,81.624604,126.019089,15.921167,15.566750,1,-1,-1,-1,0.654397,0.654397,3.142321,2.701565
39,2502,82.253688,48.691647,7.505158,16.602932,1,-1,-1,-1,0.654397,0.654397,3.142321,2.701565
39,2500,283.711856,134.358634,18.754826,15.788196,1,-1,-1,-1,0.654397,0.654397,3.142321,2.701565
39,2474,26.113033,287.254170,14.075460,17.658797,1,-1,-1,-1,0.653605,0.653605,3.059169,2.701562
39,2472,56.538416,213.310229,10.457008,20.651140,1,-1,-1,-1,0.653605,0.653605,3.059169,2.701562
39,2358,230.199539,117.020696,18.942342,8.433446,1,-1,-1,-1,0.653031,0.653031,2.931907,2.701562
39,2352,-7.677186,331.515293,16.916780,17.310666,1,-1,-1,-1,0.653031,0.653031,2.931907,2.701562
39,2351,124.127986,130.957077,15.280152,7.904137,1,-1,-1,-1,0.653031,0.653031,2.931907,2.701562
39,2350,-27.451194,349.717206,15.887372,15.003081,1,-1,-1,-1,0.653031,0.653031,2.931907,2.701562
40,2532,311.039926,211.269317,8.722286,18.106148,1,-1,-1,-1,0.780933,0.780933,6.225018,2.988460
40,2527,43.283761,251.947062,13.873778,21.286440,1,-1,-1,-1,0.739812,0.739812,5.560040,2.851250
40,2513,258.930623,117.138455,17.904757,8.529931,1,-1,-1,-1,0.656986,0.656986,3.320085,2.701638
40,2507,62.482484,162.700443,10.524307,20.388559,1,-1,-1,-1,0.654440,0.654440,3.153797,2.705248
40,2506,81.325798,73.620966,7.706493,15.317985,1,-1,-1,-1,0.654397,0.654397,3.142321,2.701565
40,2503,87.125497,122.625621,16.569388,14.588588,1,-1,-1,-1,0.654134,0.654134,3.118101,2.701564
40,2502,82.199970,49.172309,7.559157,16.947931,1,-1,-1,-1,0.654134,0.654134,3.118101,2.701564
40,2500,277.191142,131.266464,19.334887,13.826063,1,-1,-1,-1,0.654134,0.654134,3.118101,2.701564
40,2472,57.578331,208.064021,10.151983,20.187173,1,-1,-1,-1,0.653490,0.653490,3.043111,2.701562
40,2358,230.469105,117.441514,19.145133,8.537500,1,-1,-1,-1,0.653021,0.653021,2.925479,2.701562
40,2352,-7.322063,331.075260,16.901071,17.318182,1,-1,-1,-1,0.653021,0.653021,2.925479,2.701562
40,2351,124.122687,130.949576,15.274291,7.901501,1,-1,-1,-1,0.653021,0.653021,2.925479,2.701562
40,2350,-27.305555,349.528798,15.873802,14.996123,1,-1,-1,-1,0.653021,0.653021,2.925479,2.701562
41,2532,310.911625,207.173207,8.817474,18.680082,1,-1,-1,-1,0.739812,0.739812,5.560040,2.851250
41,2527,45.339997,248.315213,12.715986,20.575009,1,-1,-1,-1,0.714060,0.714060,5.062690,2.780435
41,2513,259.095762,116.939939,17.650240,8.323391,1,-1,-1,-1,0.656225,0.656225,3.274518,2.701603
41,2507,63.316065,157.462237,11.318000,20.604079,1,-1,-1,-1,0.654170,0.654170,3.126886,2.703525
41,2506,81.297499,73.509977,7.695636,15.275879,1,-1,-1,-1,0.654134,0.654134,3.118101,2.701564
41,2503,93.078550,119.399249,16.857838,13.258787,1,-1,-1,-1,0.653921,0.653921,3.096395,2.701563
41,2502,82.085171,48.772476,7.571567,17.033118,1,-1,-1,-1,0.653921,0.653921,3.096395,2.701563
41,2500,270.246110,129.630182,19.602927,12.219539,1,-1,-1,-1,0.653921,0.653921,3.096395,2.701563
41,2472,58.093404,203.652308,10.319181,20.157538,1,-1,-1,-1,0.653396,0.653396,3.028469,2.701562
41,2358,230.434047,118.209474,19.464458,8.864047,1,-1,-1,-1,0.653013,0.653013,2.919436,2.701562
41,2352,-6.856379,330.527069,16.878487,17.326036,1,-1,-1,-1,0.653013,0.653013,2.919436,2.701562
41,2351,124.123573,130.947151,15.272769,7.899602,1,-1,-1,-1,0.653013,0.653013,2.919436,2.701562
41,2350,-27.084998,349.308429,15.867090,14.999599,1,-1,-1,-1,0.653013,0.653013,2.919436,2.701562
42,2532,310.834213,200.161020,9.481134,18.669957,1,-1,-1,-1,0.714060,0.714060,5.062690,2.780435
42,2527,46.133304,244.910706,12.700165,19.820292,1,-1,-1,-1,0.697349,0.697349,4.683127,2.743335
42,2513,259.397483,116.689483,17.343455,8.124205,1,-1,-1,-1,0.655613,0.655613,3.234861,2.701584
42,2507,64.568405,152.567454,12.589250,21.017380,1,-1,-1,-1,0.653950,0.653950,3.103568,2.702608
42,2506,81.378509,73.302100,7.623645,15.114101,1,-1,-1,-1,0.653921,0.653921,3.096395,2.701563
42,2503,99.567830,117.610712,17.060392,12.431069,1,-1,-1,-1,0.653747,0.653747,3.076849,2.701563
42,2502,82.033957,48.714409,7.599105,17.046770,1,-1,-1,-1,0.653747,0.653747,3.076849,2.701563
42,2500,262.969247,128.576983,19.660512,10.842257,1,-1,-1,-1,0.653747,0.653747,3.076849,2.701563
42,2472,58.474167,199.401620,10.302033,20.217576,1,-1,-1,-1,0.653319,0.653319,3.015070,2.701562
42,2358,229.995543,117.263860,19.115022,8.586499,1,-1,-1,-1,0.653006,0.653006,2.913746,2.701562
42,2352,-6.280086,329.867044,16.850906,17.334158,1,-1,-1,-1,0.653006,0.653006,2.913746,2.701562
42,2351,124.127011,130.946627,15.265983,7.898079,1,-1,-1,-1,0.653006,0.653006,2.913746,2.701562
42,2350,-26.783065,349.016986,15.853777,15.001842,1,-1,-1,-1,0.653006,0.653006,2.913746,2.701562
43,2532,310.963489,195.623981,9.463850,18.928781,1,-1,-1,-1,0.697349,0.697349,4.683127,2.743335
43,2527,47.220016,242.864013,13.016577,20.932136,1,-1,-1,-1,0.686065,0.686065,4.388218,2.723746
43,2513,259.891353,116.677455,17.272572,7.964217,1,-1,-1,-1,0.655120,0.655120,3.200116,2.701574
43,2507,65.938563,147.500707,13.947103,21.494733,1,-1,-1,-1,0.653771,0.653771,3.082983,2.702119
43,2503,106.185647,116.232342,17.003237,11.455448,1,-1,-1,-1,0.653605,0.653605,3.059169,2.701562
43,2502,82.160079,49.251696,7.758938,17.462811,1,-1,-1,-1,0.653605,0.653605,3.059169,2.701562
43,2474,30.865117,278.543427,13.630429,17.010854,1,-1,-1,-1,0.655154,0.655154,3.168253,2.835011
43,2472,59.087575,194.849865,10.179624,20.264926,1,-1,-1,-1,0.653256,0.653256,3.002767,2.701562
43,2358,229.941196,117.488300,18.945672,8.591597,1,-1,-1,-1,0.653000,0.653000,2.908379,2.701562
43,2352,-5.590104,329.069091,16.805365,17.333588,1,-1,-1,-1,0.653000,0.653000,2.908379,2.701562
43,2351,124.132523,130.936506,15.254993,7.891231,1,-1,-1,-1,0.653000,0.653000,2.908379,2.701562
43,2350,-26.397561,348.648884,15.841390,15.006202,1,-1,-1,-1,0.653000,0.653000,2.908379,2.701562
44,2532,311.145627,189.376585,9.197781,18.370370,1,-1,-1,-1,0.686065,0.686065,4.388218,2.723746
44,2527,49.195161,236.764102,12.318685,20.249536,1,-1,-1,-1,0.678159,0.678159,4.155461,2.713360
44,2513,259.581525,116.818740,17.149824,7.910328,1,-1,-1,-1,0.654721,0.654721,3.169484,2.701568
44,2507,68.234088,141.992717,15.104023,21.340002,1,-1,-1,-1,0.653625,0.653625,3.064578,2.701859
44,2503,113.349423,115.445816,16.934487,10.537206,1,-1,-1,-1,0.653490,0.653490,3.043111,2.701562
44,2474,32.924161,275.913443,13.757936,17.394105,1,-1,-1,-1,0.653380,0.653380,3.077741,2.771961
44,2472,59.494778,189.817839,10.341223,20.463377,1,-1,-1,-1,0.653205,0.653205,2.991436,2.701562
44,2358,229.779056,117.267450,18.484188,8.422664,1,-1,-1,-1,0.652996,0.652996,2.903309,2.701562
44,2352,-4.768934,328.150839,16.755594,17.338182,1,-1,-1,-1,0.652996,0.652996,2.903309,2.701562
44,2351,124.127858,130.952388,15.264331,7.894937,1,-1,-1,-1,0.652996,0.652996,2.903309,2.701562
44,2350,-25.899312,348.194368,15.820944,15.003432,1,-1,-1,-1,0.652996,0.652996,2.903309,2.701562
45,2536,11.362837,117.169700,18.365336,8.047629,1,-1,-1,-1,0.739820,0.739820,5.643614,3.065463
45,2527,50.455696,233.631906,12.015946,20.076769,1,-1,-1,-1,0.672446,0.672446,3.969193,2.707841
45,2503,120.680819,114.736591,16.610996,9.677487,1,-1,-1,-1,0.653396,0.653396,3.028469,2.701562
45,2474,34.737885,273.102332,14.247600,18.102851,1,-1,-1,-1,0.653166,0.653166,3.026249,2.738870
45,2472,60.204326,184.787029,9.831900,20.567429,1,-1,-1,-1,0.653163,0.653163,2.980969,2.701562
45,2358,229.745319,117.194375,18.577941,8.389856,1,-1,-1,-1,0.652992,0.652992,2.898514,2.701562
45,2352,-3.827576,327.093541,16.708552,17.352325,1,-1,-1,-1,0.652992,0.652992,2.898514,2.701562
45,2351,124.126354,130.951252,15.273869,7.897652,1,-1,-1,-1,0.652992,0.652992,2.898514,2.701562
45,2350,-25.291536,347.668043,15.803689,15.012515,1,-1,-1,-1,0.652992,0.652992,2.898514,2.701562
46,2537,229.143265,130.924977,18.459586,7.786654,1,-1,-1,-1,0.847083,0.847083,7.132717,3.262201
46,2527,51.767923,228.654741,12.048247,20.147947,1,-1,-1,-1,0.668212,0.668212,3.818265,2.704905
46,2474,36.025496,269.145713,13.821402,17.764303,1,-1,-1,-1,0.653133,0.653133,2.995098,2.721381
46,2472,60.747921,178.628513,9.350699,20.534151,1,-1,-1,-1,0.653129,0.653129,2.971273,2.701562
46,2358,230.131486,117.743029,18.758939,8.630331,1,-1,-1,-1,0.652989,0.652989,2.893973,2.701562
46,2352,-2.768276,325.927696,16.675208,17.387740,1,-1,-1,-1,0.652989,0.652989,2.893973,2.701562
46,2351,124.127123,130.946672,15.274798,7.893896,1,-1,-1,-1,0.652989,0.652989,2.893973,2.701562
46,2350,-24.554039,347.036119,15.782828,15.021681,1,-1,-1,-1,0.652989,0.652989,2.893973,2.701562
47,2537,221.477223,130.878758,18.437165,7.758884,1,-1,-1,-1,0.780933,0.780933,6.225018,2.988460
47,2527,53.916345,223.262243,11.221436,19.890184,1,-1,-1,-1,0.665009,0.665009,3.694582,2.703342
47,2502,82.220884,48.545641,7.569340,17.027593,1,-1,-1,-1,0.655154,0.655154,3.168253,2.835011
47,2474,37.555392,265.250916,13.349335,17.541786,1,-1,-1,-1,0.653112,0.653112,2.974820,2.712104
47,2472,60.976227,172.481293,8.969290,20.329761,1,-1,-1,-1,0.653101,0.653101,2.962268,2.701562
47,2358,230.109058,117.373428,18.929128,8.532425,1,-1,-1,-1,0.652986,0.652986,2.889667,2.701562
47,2352,-1.568364,324.575756,16.631493,17.418507,1,-1,-1,-1,0.652986,0.652986,2.889667,2.701562
47,2351,124.125308,130.947490,15.272810,7.893883,1,-1,-1,-1,0.652986,0.652986,2.889667,2.701562
47,2350,-23.712301,346.292531,15.762457,15.039351,1,-1,-1,-1,0.652986,0.652986,2.889667,2.701562
48,2540,86.838353,123.171135,21.520931,15.814361,1,-1,-1,-1,0.847083,0.847083,7.132717,3.262201
48,2539,81.144692,73.537447,7.671750,15.292669,1,-1,-1,-1,0.847083,0.847083,7.132717,3.262201
48,2537,214.253223,130.889195,18.452218,7.762052,1,-1,-1,-1,0.739812,0.739812,5.560040,2.851250
48,2527,55.018454,217.908142,10.904430,18.999121,1,-1,-1,-1,0.662548,0.662548,3.592165,2.702510
48,2502,82.370577,48.354417,7.503896,16.579013,1,-1,-1,-1,0.653380,0.653380,3.077741,2.771961
48,2474,39.753163,261.186534,12.922758,17.242373,1,-1,-1,-1,0.653091,0.653091,2.960499,2.707173
48,2472,60.679511,166.412601,9.126452,20.393495,1,-1,-1,-1,0.653078,0.653078,2.953887,2.701562
48,2358,229.988823,117.860923,19.060314,8.740570,1,-1,-1,-1,0.652984,0.652984,2.885579,2.701562
48,2352,-0.237356,323.049196,16.577651,17.451317,1,-1,-1,-1,0.652984,0.652984,2.885579,2.701562
48,2351,124.127861,130.945999,15.265553,7.890964,1,-1,-1,-1,0.652984,0.652984,2.885579,2.701562
48,2350,-22.742574,345.440203,15.748347,15.071735,1,-1,-1,-1,0.652984,0.652984,2.885579,2.701562
49,2541,149.284790,116.883064,17.114591,8.177100,1,-1,-1,-1,0.847083,0.847083,7.132717,3.262201
49,2540,92.674421,120.300575,20.874014,13.885883,1,-1,-1,-1,0.780933,0.780933,6.225018,2.988460
49,2539,81.198789,73.542351,7.678386,15.300236,1,-1,-1,-1,0.780933,0.780933,6.225018,2.988460
49,2537,207.505083,130.886895,18.454886,7.748639,1,-1,-1,-1,0.714060,0.714060,5.062690,2.780435
49,2527,55.883763,213.290304,11.365774,18.965698,1,-1,-1,-1,0.660633,0.660633,3.506534,2.702067
49,2502,82.251128,48.693287,7.498227,16.510111,1,-1,-1,-1,0.653166,0.653166,3.026249,2.738870
49,2474,41.616407,257.267515,12.811839,17.024387,1,-1,-1,-1,0.653071,0.653071,2.949548,2.704550
49,2472,59.161998,161.218191,10.164343,21.047592,1,-1,-1,-1,0.653059,0.653059,2.946067,2.701562
49,2358,229.627151,117.650473,18.896044,8.688898,1,-1,-1,-1,0.652983,0.652983,2.881694,2.701562
49,2352,1.228506,321.320762,16.504875,17.474208,1,-1,-1,-1,0.652983,0.652983,2.881694,2.701562
49,2351,124.130030,130.947832,15.260395,7.891606,1,-1,-1,-1,0.652983,0.652983,2.881694,2.701562
49,2350,-21.627334,344.421814,15.718451,15.094758,1,-1,-1,-1,0.652983,0.652983,2.881694,2.701562
50,2541,155.591391,116.907830,16.554006,7.965510,1,-1,-1,-1,0.780933,0.780933,6.225018,2.988460
50,2540,98.688887,118.767620,20.299582,12.534355,1,-1,-1,-1,0.739812,0.739812,5.560040,2.851250
50,2539,81.205841,73.470777,7.762726,15.333206,1,-1,-1,-1,0.739812,0.739812,5.560040,2.851250
50,2537,201.228830,130.886496,18.470075,7.751788,1,-1,-1,-1,0.697349,0.697349,4.683127,2.743335
50,2527,57.170058,207.425671,11.081712,19.281858,1,-1,-1,-1,0.659128,0.659128,3.434287,2.701831
50,2502,82.168483,48.838290,7.544876,16.728852,1,-1,-1,-1,0.653133,0.653133,2.995098,2.721381
50,2474,43.674103,252.631720,12.768000,17.003263,1,-1,-1,-1,0.653054,0.653054,2.940585,2.703153
50,2472,56.153776,155.096770,11.848166,21.463284,1,-1,-1,-1,0.653044,0.653044,2.938756,2.701562
50,2358,229.585070,117.073331,18.793677,8.453510,1,-1,-1,-1,0.652981,0.652981,2.877997,2.701562
50,2352,2.819106,319.467156,16.438844,17.518113,1,-1,-1,-1,0.652981,0.652981,2.877997,2.701562
50,2351,124.128986,130.948390,15.262171,7.892146,1,-1,-1,-1,0.652981,0.652981,2.877997,2.701562
50,2350,-20.373203,343.309998,15.703274,15.139517,1,-1,-1,-1,0.652981,0.652981,2.877997,2.701562
51,2543,310.998044,245.310792,8.820548,18.442577,1,-1,-1,-1,0.847083,0.847083,7.132717,3.262201
51,2541,161.270534,116.665679,16.329947,7.811230,1,-1,-1,-1,0.739812,0.739812,5.560040,2.851250
51,2540,104.101732,117.927500,19.984835,11.500340,1,-1,-1,-1,0.714060,0.714060,5.062690,2.780435
51,2539,81.290211,73.380219,7.670647,15.094147,1,-1,-1,-1,0.714060,0.714060,5.062690,2.780435
51,2537,195.415353,130.908511,18.489407,7.758015,1,-1,-1,-1,0.686065,0.686065,4.388218,2.723746
51,2527,58.163581,202.250180,10.788623,19.824750,1,-1,-1,-1,0.657936,0.657936,3.372813,2.701705
51,2502,82.049724,48.701184,7.562455,16.746901,1,-1,-1,-1,0.653112,0.653112,2.974820,2.712104
51,2474,45.309634,248.346086,12.562325,17.124780,1,-1,-1,-1,0.653040,0.653040,2.932866,2.702410
51,2472,52.276839,148.650184,13.983599,20.633458,1,-1,-1,-1,0.653031,0.653031,2.931907,2.701562
51,2358,229.834065,116.923223,18.921322,8.350764,1,-1,-1,-1,0.652980,0.652980,2.874476,2.701562
51,2352,4.551282,317.346701,16.334345,17.531947,1,-1,-1,-1,0.652980,0.652980,2.874476,2.701562
51,2351,124.129299,130.940188,15.254897,7.889599,1,-1,-1,-1,0.652980,0.652980,2.874476,2.701562
51,2350,-18.975601,342.059374,15.692969,15.194394,1,-1,-1,-1,0.652980,0.652980,2.874476,2.701562
52,2544,10.606730,116.951803,19.487580,8.304608,1,-1,-1,-1,0.847083,0.847083,7.132717,3.262201
52,2540,109.350437,117.154926,20.052069,10.730796,1,-1,-1,-1,0.697349,0.697349,4.683127,2.743335
52,2539,81.346936,72.921349,7.625402,14.948417,1,-1,-1,-1,0.697349,0.697349,4.683127,2.743335
52,2537,190.040523,130.908945,18.512443,7.762900,1,-1,-1,-1,0.678159,0.678159,4.155461,2.713360
52,2527,59.041941,196.495145,10.424455,20.144535,1,-1,-1,-1,0.656986,0.656986,3.320085,2.701638
52,2502,82.031692,48.698894,7.602315,16.694163,1,-1,-1,-1,0.653091,0.653091,2.960499,2.707173
52,2474,46.843902,243.372715,12.304968,17.027938,1,-1,-1,-1,0.653028,0.653028,2.925980,2.702013
52,2472,47.512494,143.682679,15.992189,19.822566,1,-1,-1,-1,0.653021,0.653021,2.925479,2.701562
52,2358,229.742667,116.846305,18.988238,8.204726,1,-1,-1,-1,0.652979,0.652979,2.871119,2.701562
52,2352,6.362959,315.121380,16.245365,17.574629,1,-1,-1,-1,0.652979,0.652979,2.871119,2.701562
52,2351,124.132737,130.927251,15.252039,7.882189,1,-1,-1,-1,0.652979,0.652979,2.871119,2.701562
52,2350,-17.435775,340.617737,15.662979,15.233765,1,-1,-1,-1,0.652979,0.652979,2.871119,2.701562
53,2544,10.464290,116.961120,19.552103,8.261717,1,-1,-1,-1,0.780933,0.780933,6.225018,2.988460
53,2540,115.135762,115.919340,19.221906,9.492169,1,-1,-1,-1,0.686065,0.686065,4.388218,2.723746
53,2539,81.308897,73.370669,7.622018,15.062373,1,-1,-1,-1,0.686065,0.686065,4.388218,2.723746
53,2537,185.117451,130.877309,18.510121,7.754854,1,-1,-1,-1,0.672446,0.672446,3.969193,2.707841
53,2527,59.783353,190.234029,10.243179,20.378454,1,-1,-1,-1,0.656225,0.656225,3.274518,2.701603
53,2502,82.082115,48.227177,7.564804,16.709237,1,-1,-1,-1,0.653071,0.653071,2.949548,2.704550
53,2474,48.946435,238.276038,11.473514,16.885229,1,-1,-1,-1,0.653019,0.653019,2.919697,2.701803
53,2472,42.462242,138.496884,17.641800,18.102121,1,-1,-1,-1,0.653013,0.653013,2.919436,2.701562
53,2358,229.660806,117.340231,19.062443,8.354266,1,-1,-1,-1,0.652978,0.652978,2.867916,2.701562
53,2352,8.277188,312.701132,16.144537,17.613023,1,-1,-1,-1,0.652978,0.652978,2.867916,2.701562
53,2351,124.136360,130.932072,15.252864,7.879603,1,-1,-1,-1,0.652978,0.652978,2.867916,2.701562
53,2350,-15.765922,339.049896,15.633377,15.281628,1,-1,-1,-1,0.652978,0.652978,2.867916,2.701562
54,2544,10.467304,117.195117,19.747648,8.393404,1,-1,-1,-1,0.739812,0.739812,5.560040,2.851250
54,2540,120.105506,115.789313,18.725677,8.727288,1,-1,-1,-1,0.678159,0.678159,4.155461,2.713360
54,2539,81.324055,73.552938,7.615905,15.125671,1,-1,-1,-1,0.678159,0.678159,4.155461,2.713360
54,2537,180.601022,130.884158,18.552403,7.761957,1,-1,-1,-1,0.668212,0.668212,3.818265,2.704905
54,2527,60.459629,183.822054,9.859603,20.516981,1,-1,-1,-1,0.655613,0.655613,3.234861,2.701584
54,2502,82.040212,48.398842,7.584564,16.668921,1,-1,-1,-1,0.653054,0.653054,2.940585,2.703153
54,2474,51.099795,232.299042,11.353800,16.786716,1,-1,-1,-1,0.653011,0.653011,2.913880,2.701690
54,2472,36.303680,134.801420,18.786893,16.684938,1,-1,-1,-1,0.653006,0.653006,2.913746,2.701562
54,2358,229.584477,117.095917,18.602206,8.219551,1,-1,-1,-1,0.652978,0.652978,2.864857,2.701562
54,2352,10.286972,310.145292,16.052751,17.676173,1,-1,-1,-1,0.652978,0.652978,2.864857,2.701562
54,2351,124.135731,130.934451,15.250654,7.877662,1,-1,-1,-1,0.652978,0.652978,2.864857,2.701562
54,2350,-13.967200,337.305053,15.578248,15.315585,1,-1,-1,-1,0.652978,0.652978,2.864857,2.701562
55,2544,10.686956,117.209900,19.743553,8.510070,1,-1,-1,-1,0.714060,0.714060,5.062690,2.780435
55,2540,124.736900,115.551514,18.583585,8.254356,1,-1,-1,-1,0.672446,0.672446,3.969193,2.707841
55,2539,81.311858,73.404849,7.642003,15.125451,1,-1,-1,-1,0.672446,0.672446,3.969193,2.707841
55,2537,176.500280,130.891683,18.561224,7.761997,1,-1,-1,-1,0.665009,0.665009,3.694582,2.703342
55,2527,61.364973,176.862798,9.767076,20.492141,1,-1,-1,-1,0.655120,0.655120,3.200116,2.701574
55,2502,82.102345,48.568807,7.524488,16.538730,1,-1,-1,-1,0.653040,0.653040,2.932866,2.702410
55,2474,52.742222,226.526133,11.131862,16.675690,1,-1,-1,-1,0.653004,0.653004,2.908447,2.701630
55,2358,230.070703,117.419319,18.701254,8.277788,1,-1,-1,-1,0.652977,0.652977,2.861934,2.701562
55,2352,12.375597,307.375253,15.947058,17.729512,1,-1,-1,-1,0.652977,0.652977,2.861934,2.701562
55,2351,124.137604,130.946014,15.252109,7.881834,1,-1,-1,-1,0.652977,0.652977,2.861934,2.701562
55,2350,-12.080744,335.494158,15.562228,15.393542,1,-1,-1,-1,0.652977,0.652977,2.861934,2.701562
56,2544,11.075979,117.099340,19.284535,8.332435,1,-1,-1,-1,0.697349,0.697349,4.683127,2.743335
56,2540,128.828536,116.061469,18.458038,8.023757,1,-1,-1,-1,0.668212,0.668212,3.818265,2.704905
56,2539,81.305094,73.541331,7.642282,15.131107,1,-1,-1,-1,0.668212,0.668212,3.818265,2.704905
56,2537,172.872527,130.847318,18.466787,7.737606,1,-1,-1,-1,0.662548,0.662548,3.592165,2.702510
56,2527,61.915575,170.956647,10.153011,21.080573,1,-1,-1,-1,0.654721,0.654721,3.169484,2.701568
56,2502,82.160931,48.792879,7.507410,16.649134,1,-1,-1,-1,0.653028,0.653028,2.925980,2.702013
56,2474,53.981963,220.638410,10.946606,16.497260,1,-1,-1,-1,0.652999,0.652999,2.903344,2.701598
56,2358,229.500931,117.047699,18.176805,8.095109,1,-1,-1,-1,0.652977,0.652977,2.859137,2.701562
56,2352,14.541378,304.453434,15.854977,17.817254,1,-1,-1,-1,0.652977,0.652977,2.859137,2.701562
56,2351,124.130559,130.951525,15.261631,7.887767,1,-1,-1,-1,0.652977,0.652977,2.859137,2.701562
56,2350,-10.077211,333.506376,15.545768,15.477909,1,-1,-1,-1,0.652977,0.652977,2.859137,2.701562
57,2544,11.011088,117.155183,19.263933,8.335536,1,-1,-1,-1,0.686065,0.686065,4.388218,2.723746
57,2540,132.972694,116.375688,18.059330,7.910529,1,-1,-1,-1,0.665009,0.665009,3.694582,2.703342
57,2539,81.268289,73.498439,7.650674,15.116464,1,-1,-1,-1,0.665009,0.665009,3.694582,2.703342
57,2537,169.508719,130.879545,18.486317,7.750071,1,-1,-1,-1,0.660633,0.660633,3.506534,2.702067
57,2527,62.444582,164.181417,10.626836,21.522086,1,-1,-1,-1,0.654397,0.654397,3.142321,2.701565
57,2502,82.154834,48.817796,7.483135,16.551069,1,-1,-1,-1,0.653019,0.653019,2.919697,2.701803
57,2474,55.833822,214.861029,11.302901,17.149302,1,-1,-1,-1,0.652995,0.652995,2.898532,2.701581
57,2358,229.905730,117.494966,18.427543,8.293443,1,-1,-1,-1,0.652977,0.652977,2.856459,2.701562
57,2352,16.787994,301.226702,15.726006,17.866146,1,-1,-1,-1,0.652977,0.652977,2.856459,2.701562
57,2351,124.131042,130.942326,15.265448,7.886471,1,-1,-1,-1,0.652977,0.652977,2.856459,2.701562
57,2350,-7.927489,331.284793,15.497251,15.538438,1,-1,-1,-1,0.652977,0.652977,2.856459,2.701562
58,2544,11.102035,117.046082,19.015526,8.208990,1,-1,-1,-1,0.678159,0.678159,4.155461,2.713360
58,2539,81.292288,73.493961,7.637635,15.134813,1,-1,-1,-1,0.662548,0.662548,3.592165,2.702510
58,2537,166.517806,130.865512,18.472673,7.748444,1,-1,-1,-1,0.659128,0.659128,3.434287,2.701831
58,2527,63.908013,156.419968,11.618218,21.632641,1,-1,-1,-1,0.654134,0.654134,3.118101,2.701564
58,2502,82.025645,48.874744,7.522723,16.673539,1,-1,-1,-1,0.653011,0.653011,2.913880,2.701690
58,2474,57.405657,207.596808,10.571025,16.759230,1,-1,-1,-1,0.652991,0.652991,2.893982,2.701572
58,2358,230.073199,117.662097,18.753088,8.453702,1,-1,-1,-1,0.652976,0.652976,2.853893,2.701562
58,2352,19.118574,297.799766,15.576633,17.908465,1,-1,-1,-1,0.652976,0.652976,2.853893,2.701562
58,2351,124.126815,130.945630,15.262647,7.885432,1,-1,-1,-1,0.652976,0.652976,2.853893,2.701562
58,2350,-5.642002,328.871866,15.434263,15.592892,1,-1,-1,-1,0.652976,0.652976,2.853893,2.701562
59,2544,11.022282,117.093940,18.992779,8.201257,1,-1,-1,-1,0.672446,0.672446,3.969193,2.707841
59,2539,81.370314,73.555364,7.666439,15.168330,1,-1,-1,-1,0.660633,0.660633,3.506534,2.702067
59,2537,163.864079,130.887178,18.478531,7.760130,1,-1,-1,-1,0.657936,0.657936,3.372813,2.701705
59,2527,65.460996,150.144533,13.064704,21.919472,1,-1,-1,-1,0.653921,0.653921,3.096395,2.701563
59,2502,81.998577,48.551778,7.550631,16.547008,1,-1,-1,-1,0.653004,0.653004,2.908447,2.701630
59,2474,58.299778,202.700152,10.397944,17.039495,1,-1,-1,-1,0.652988,0.652988,2.889671,2.701568
59,2358,230.006264,117.432975,18.799718,8.360546,1,-1,-1,-1,0.652976,0.652976,2.851434,2.701562
59,2352,21.512156,294.177941,15.418234,17.954287,1,-1,-1,-1,0.652976,0.652976,2.851434,2.701562
59,2351,124.124666,130.950775,15.269200,7.890329,1,-1,-1,-1,0.652976,0.652976,2.851434,2.701562
59,2350,-3.255807,326.292215,15.366604,15.651302,1,-1,-1,-1,0.652976,0.652976,2.851434,2.701562
60,2552,191.479603,117.270233,17.517473,8.711695,1,-1,-1,-1,0.847083,0.847083,7.132717,3.262201
60,2544,10.758552,117.191559,19.036273,8.213719,1,-1,-1,-1,0.668212,0.668212,3.818265,2.704905
60,2539,81.307470,73.446698,7.742731,15.214356,1,-1,-1,-1,0.659128,0.659128,3.434287,2.701831
60,2537,161.521895,130.909991,18.496025,7.775076,1,-1,-1,-1,0.656986,0.656986,3.320085,2.701638
60,2527,67.129036,144.651071,14.880610,22.657623,1,-1,-1,-1,0.653747,0.653747,3.076849,2.701563
60,2502,82.127844,48.902090,7.555029,16.755068,1,-1,-1,-1,0.652999,0.652999,2.903344,2.701598
60,2474,59.405398,196.198737,10.024531,16.867681,1,-1,-1,-1,0.652986,0.652986,2.885581,2.701565
60,2352,23.934734,290.376528,15.241920,17.994213,1,-1,-1,-1,0.652976,0.652976,2.849075,2.701562
60,2351,124.125507,130.951912,15.268387,7.893803,1,-1,-1,-1,0.652976,0.652976,2.849075,2.701562
60,2350,-0.768803,323.514465,15.284039,15.701366,1,-1,-1,-1,0.652976,0.652976,2.849075,2.701562
61,2544,11.006114,116.909162,18.699294,8.065166,1,-1,-1,-1,0.665009,0.665009,3.694582,2.703342
61,2539,81.348442,73.390271,7.687478,15.164172,1,-1,-1,-1,0.657936,0.657936,3.372813,2.701705
61,2537,159.469726,130.922485,18.520152,7.786249,1,-1,-1,-1,0.656225,0.656225,3.274518,2.701603
61,2502,82.251226,48.552618,7.465304,16.539153,1,-1,-1,-1,0.652995,0.652995,2.898532,2.701581
61,2474,60.054638,189.620339,9.685465,16.721267,1,-1,-1,-1,0.652984,0.652984,2.881694,2.701564
61,2352,26.352486,286.440268,15.066698,18.038424,1,-1,-1,-1,0.652976,0.652976,2.846809,2.701562
61,2351,124.121338,130.951701,15.270533,7.896361,1,-1,-1,-1,0.652976,0.652976,2.846809,2.701562
61,2350,1.771152,320.590570,15.193517,15.748169,1,-1,-1,-1,0.652976,0.652976,2.846809,2.701562
62,2544,11.164978,116.950480,18.600981,8.053730,1,-1,-1,-1,0.662548,0.662548,3.592165,2.702510
62,2539,81.213648,73.460888,7.730068,15.211864,1,-1,-1,-1,0.656986,0.656986,3.320085,2.701638
62,2537,157.665624,130.935481,18.538524,7.800107,1,-1,-1,-1,0.655613,0.655613,3.234861,2.701584
62,2502,82.182406,48.525420,7.529918,16.546736,1,-1,-1,-1,0.652991,0.652991,2.893982,2.701572
62,2474,60.678068,183.438379,9.460276,16.556090,1,-1,-1,-1,0.652982,0.652982,2.877997,2.701563
62,2352,28.743112,282.346257,14.866790,18.066099,1,-1,-1,-1,0.652976,0.652976,2.844634,2.701562
62,2351,124.121210,130.959544,15.274979,7.901019,1,-1,-1,-1,0.652976,0.652976,2.844634,2.701562
62,2350,4.332323,317.578828,15.111822,15.814744,1,-1,-1,-1,0.652976,0.652976,2.844634,2.701562
63,2555,151.244421,117.236219,18.822145,7.821309,1,-1,-1,-1,0.847083,0.847083,7.132717,3.262201
63,2539,81.207591,73.629664,7.780770,15.346921,1,-1,-1,-1,0.656225,0.656225,3.274518,2.701603
63,2537,156.122565,130.938044,18.548427,7.809894,1,-1,-1,-1,0.655120,0.655120,3.200116,2.701574
63,2502,82.023216,48.561613,7.544298,16.588846,1,-1,-1,-1,0.652988,0.652988,2.889671,2.701568
63,2474,61.541508,176.666158,8.907710,16.237563,1,-1,-1,-1,0.652981,0.652981,2.874476,2.701563
63,2352,31.100702,278.144579,14.660412,18.095368,1,-1,-1,-1,0.652976,0.652976,2.842542,2.701562
63,2351,124.131662,130.959814,15.275273,7.901592,1,-1,-1,-1,0.652976,0.652976,2.842542,2.701562
63,2350,6.945459,314.351598,14.999178,15.856693,1,-1,-1,-1,0.652976,0.652976,2.842542,2.701562
64,2552,192.160558,117.674997,19.010823,8.836835,1,-1,-1,-1,0.699331,0.699331,4.906799,2.897002
64,2539,81.167554,73.600954,7.816630,15.392823,1,-1,-1,-1,0.655613,0.655613,3.234861,2.701584
64,2537,154.809559,130.917314,18.529580,7.804372,1,-1,-1,-1,0.654721,0.654721,3.169484,2.701568
64,2527,82.087697,124.345486,19.995841,18.113726,1,-1,-1,-1,0.655218,0.655218,3.181949,2.835011
64,2502,82.054092,48.806548,7.542121,16.679338,1,-1,-1,-1,0.652986,0.652986,2.885581,2.701565
64,2474,62.081444,170.548718,8.489674,15.922536,1,-1,-1,-1,0.652980,0.652980,2.871119,2.701562
64,2352,33.406221,273.836935,14.449414,18.128458,1,-1,-1,-1,0.652975,0.652975,2.840531,2.701562
64,2351,124.135584,130.959770,15.275456,7.901994,1,-1,-1,-1,0.652975,0.652975,2.840531,2.701562
64,2350,9.562377,311.034407,14.875609,15.894538,1,-1,-1,-1,0.652975,0.652975,2.840531,2.701562
65,2552,192.463727,117.818158,19.371855,9.096853,1,-1,-1,-1,0.686227,0.686227,4.468642,2.804203
65,2539,81.157824,73.576652,7.871907,15.435926,1,-1,-1,-1,0.655120,0.655120,3.200116,2.701574
65,2537,153.678238,130.901946,18.515449,7.797475,1,-1,-1,-1,0.654397,0.654397,3.142321,2.701565
65,2527,85.884949,121.892411,20.994344,16.760881,1,-1,-1,-1,0.653431,0.653431,3.089736,2.771961
65,2502,81.971323,49.062099,7.631545,17.081093,1,-1,-1,-1,0.652984,0.652984,2.881694,2.701564
65,2474,62.513654,164.340343,8.429789,15.762613,1,-1,-1,-1,0.652979,0.652979,2.867916,2.701562
65,2358,229.262342,117.165139,18.272630,8.198217,1,-1,-1,-1,0.654922,0.654922,3.047112,2.890293
65,2352,35.685170,269.363421,14.234860,18.156424,1,-1,-1,-1,0.652975,0.652975,2.838596,2.701562
65,2351,124.123965,130.959641,15.275561,7.902272,1,-1,-1,-1,0.652975,0.652975,2.838596,2.701562
65,2350,12.196898,307.611648,14.769707,15.951806,1,-1,-1,-1,0.652975,0.652975,2.838596,2.701562
66,2539,81.149540,73.416646,7.836745,15.340388,1,-1,-1,-1,0.654721,0.654721,3.169484,2.701568
66,2537,152.742418,130.885339,18.500932,7.783674,1,-1,-1,-1,0.654134,0.654134,3.118101,2.701564
66,2527,89.766704,119.965140,21.698927,15.554323,1,-1,-1,-1,0.653208,0.653208,3.037037,2.738870
66,2502,82.018476,48.896053,7.605581,17.039652,1,-1,-1,-1,0.652982,0.652982,2.877997,2.701563
66,2474,62.960161,157.927277,8.249805,15.604223,1,-1,-1,-1,0.652978,0.652978,2.864857,2.701562
66,2358,229.219101,117.208681,17.245306,8.014457,1,-1,-1,-1,0.653150,0.653150,2.945783,2.800728
66,2352,37.946206,264.713495,14.006606,18.177480,1,-1,-1,-1,0.652975,0.652975,2.836732,2.701562
66,2351,124.126059,130.959504,15.275609,7.902460,1,-1,-1,-1,0.652975,0.652975,2.836732,2.701562
66,2350,14.853550,304.004959,14.667997,16.012287,1,-1,-1,-1,0.652975,0.652975,2.836732,2.701562
67,2539,81.228348,73.504600,7.823280,15.360023,1,-1,-1,-1,0.654397,0.654397,3.142321,2.701565
67,2537,151.948993,130.883192,18.496800,7.776771,1,-1,-1,-1,0.653921,0.653921,3.096395,2.701563
67,2527,94.401238,118.063487,22.114116,14.339061,1,-1,-1,-1,0.653167,0.653167,3.004950,2.721381
67,2502,82.054978,49.190293,7.701568,17.384133,1,-1,-1,-1,0.652981,0.652981,2.874476,2.701563
67,2474,63.167990,151.521732,8.464184,15.629124,1,-1,-1,-1,0.652978,0.652978,2.861934,2.701562
67,2358,229.394789,117.088984,17.183373,7.983953,1,-1,-1,-1,0.652989,0.652989,2.892349,2.754005
67,2352,40.166680,259.874715,13.773822,18.188379,1,-1,-1,-1,0.652975,0.652975,2.834938,2.701562
67,2351,124.128673,130.961248,15.278514,7.905385,1,-1,-1,-1,0.652975,0.652975,2.834938,2.701562
67,2350,17.527146,300.192358,14.546766,16.060851,1,-1,-1,-1,0.652975,0.652975,2.834938,2.701562
68,2557,10.799288,117.272273,19.021650,8.165303,1,-1,-1,-1,0.847083,0.847083,7.132717,3.262201
68,2539,81.213200,73.410874,7.783987,15.275115,1,-1,-1,-1,0.654134,0.654134,3.118101,2.701564
68,2537,151.305507,130.867124,18.478578,7.765616,1,-1,-1,-1,0.653747,0.653747,3.076849,2.701563
68,2527,98.655695,116.933517,22.367800,13.370519,1,-1,-1,-1,0.653140,0.653140,2.983901,2.712104
68,2502,81.846791,49.258669,7.848189,17.748736,1,-1,-1,-1,0.652980,0.652980,2.871119,2.701562
68,2474,63.519903,144.348887,8.447658,15.579566,1,-1,-1,-1,0.652977,0.652977,2.859137,2.701562
68,2358,229.739067,117.175491,16.684638,7.867406,1,-1,-1,-1,0.652995,0.652995,2.863521,2.729391
68,2352,42.351237,254.846610,13.526894,18.199174,1,-1,-1,-1,0.652975,0.652975,2.833208,2.701562
68,2351,124.127282,130.961381,15.277834,7.907469,1,-1,-1,-1,0.652975,0.652975,2.833208,2.701562
68,2350,20.234789,296.197116,14.411365,16.100723,1,-1,-1,-1,0.652975,0.652975,2.833208,2.701562
69,2557,11.820633,117.199629,18.170057,8.074618,1,-1,-1,-1,0.780933,0.780933,6.225018,2.988460
69,2552,201.289667,117.393224,18.335288,8.737139,1,-1,-1,-1,0.667053,0.667053,3.931568,2.846961
69,2539,81.375658,73.212108,7.687586,15.157579,1,-1,-1,-1,0.653921,0.653921,3.096395,2.701563
69,2537,150.776615,130.869556,18.468369,7.757641,1,-1,-1,-1,0.653605,0.653605,3.059169,2.701562
69,2527,102.618875,116.507184,22.509651,12.669678,1,-1,-1,-1,0.653114,0.653114,2.968919,2.707173
69,2502,81.927295,48.609713,7.760344,17.416773,1,-1,-1,-1,0.652979,0.652979,2.867916,2.701562
69,2474,64.130707,137.009678,8.291292,15.501495,1,-1,-1,-1,0.652977,0.652977,2.856459,2.701562
69,2358,229.656278,117.201248,16.844636,7.898479,1,-1,-1,-1,0.653002,0.653002,2.847558,2.716356
69,2352,44.490600,249.611025,13.258497,18.204148,1,-1,-1,-1,0.652975,0.652975,2.831540,2.701562
69,2351,124.126935,130.959147,15.277184,7.906210,1,-1,-1,-1,0.652975,0.652975,2.831540,2.701562
69,2350,22.952216,292.025128,14.260291,16.139389,1,-1,-1,-1,0.652975,0.652975,2.831540,2.701562
70,2552,201.935384,117.426099,18.029861,8.713236,1,-1,-1,-1,0.662761,0.662761,3.705947,2.778199
70,2539,81.295502,74.334220,7.881981,15.667714,1,-1,-1,-1,0.653747,0.653747,3.076849,2.701563
70,2537,150.343762,130.884056,18.459416,7.760431,1,-1,-1,-1,0.653490,0.653490,3.043111,2.701562
70,2527,106.821694,115.474652,22.488467,11.569545,1,-1,-1,-1,0.653090,0.653090,2.957387,2.704550
70,2502,81.965813,48.306720,7.821769,17.466122,1,-1,-1,-1,0.652978,0.652978,2.864857,2.701562
70,2474,64.547674,129.622380,8.440220,15.595279,1,-1,-1,-1,0.652977,0.652977,2.853894,2.701562
70,2358,230.452740,116.949820,16.529826,7.833889,1,-1,-1,-1,0.653002,0.653002,2.838390,2.709434
70,2352,46.580011,244.136609,12.968688,18.191515,1,-1,-1,-1,0.652975,0.652975,2.829932,2.701562
70,2351,124.144956,130.909035,15.253673,7.880116,1,-1,-1,-1,0.652975,0.652975,2.829932,2.701562
70,2350,25.671709,287.638789,14.103267,16.174726,1,-1,-1,-1,0.652975,0.652975,2.829932,2.701562
71,2552,202.148520,117.252753,17.959949,8.639782,1,-1,-1,-1,0.660650,0.660650,3.562231,2.742157
71,2539,81.206889,73.533726,7.855745,15.697653,1,-1,-1,-1,0.653605,0.653605,3.059169,2.701562
71,2537,149.995519,130.872434,18.452158,7.756766,1,-1,-1,-1,0.653396,0.653396,3.028469,2.701562
71,2527,110.300164,115.393468,22.344606,10.881135,1,-1,-1,-1,0.653070,0.653070,2.947906,2.703153
71,2474,65.173392,121.468768,8.161890,15.438573,1,-1,-1,-1,0.652976,0.652976,2.851434,2.701562
71,2358,230.815223,117.061870,16.243018,7.801621,1,-1,-1,-1,0.652999,0.652999,2.832838,2.705753
71,2352,48.613210,238.383662,12.660249,18.147484,1,-1,-1,-1,0.652975,0.652975,2.828379,2.701562
71,2351,124.136042,130.935688,15.256639,7.883434,1,-1,-1,-1,0.652975,0.652975,2.828379,2.701562
71,2350,28.397178,283.025373,13.930600,16.196584,1,-1,-1,-1,0.652975,0.652975,2.828379,2.701562
72,2539,81.221601,73.438647,7.827112,15.575224,1,-1,-1,-1,0.653490,0.653490,3.043111,2.701562
72,2537,149.721889,130.866839,18.452314,7.751404,1,-1,-1,-1,0.653319,0.653319,3.015070,2.701562
72,2527,114.040348,115.311520,22.127903,10.277858,1,-1,-1,-1,0.653053,0.653053,2.939720,2.702410
72,2474,65.670345,113.442167,8.198056,15.459160,1,-1,-1,-1,0.652976,0.652976,2.849075,2.701562
72,2358,230.127874,117.664150,15.742816,7.802425,1,-1,-1,-1,0.652996,0.652996,2.829224,2.703794
72,2352,50.561016,232.482783,12.355580,18.122146,1,-1,-1,-1,0.652975,0.652975,2.826881,2.701562
72,2351,124.126608,130.938748,15.269836,7.885976,1,-1,-1,-1,0.652975,0.652975,2.826881,2.701562
72,2350,31.117783,278.213119,13.743947,16.213757,1,-1,-1,-1,0.652975,0.652975,2.826881,2.701562
73,2539,81.294934,73.213244,7.759111,15.416783,1,-1,-1,-1,0.653396,0.653396,3.028469,2.701562
73,2537,149.492849,130.875709,18.476051,7.753752,1,-1,-1,-1,0.653256,0.653256,3.002767,2.701562
73,2527,117.143951,115.068986,21.962476,9.635184,1,-1,-1,-1,0.653038,0.653038,2.932411,2.702013
73,2474,66.072858,104.310466,8.021968,15.254388,1,-1,-1,-1,0.652976,0.652976,2.846810,2.701562
73,2358,231.611869,117.131187,15.776774,7.739881,1,-1,-1,-1,0.652992,0.652992,2.826660,2.702751
73,2352,52.413629,226.313174,12.028386,18.083774,1,-1,-1,-1,0.652975,0.652975,2.825433,2.701562
73,2351,124.124435,130.937721,15.265504,7.884892,1,-1,-1,-1,0.652975,0.652975,2.825433,2.701562
73,2350,33.810659,273.173043,13.536012,16.224475,1,-1,-1,-1,0.652975,0.652975,2.825433,2.701562
74,2539,81.314670,73.410266,7.703613,15.419515,1,-1,-1,-1,0.653319,0.653319,3.015070,2.701562
74,2537,149.311947,130.870475,18.487287,7.752469,1,-1,-1,-1,0.653205,0.653205,2.991436,2.701562
74,2527,120.074747,114.990724,21.749748,9.181808,1,-1,-1,-1,0.653027,0.653027,2.925741,2.701803
74,2502,82.034746,48.785935,7.645712,17.522938,1,-1,-1,-1,0.654872,0.654872,3.002941,2.835011
74,2474,66.467131,95.643520,8.038515,15.155277,1,-1,-1,-1,0.652976,0.652976,2.844634,2.701562
74,2352,54.190824,219.755622,11.648299,17.990836,1,-1,-1,-1,0.652975,0.652975,2.824034,2.701562
74,2351,124.128098,130.939418,15.267969,7.886918,1,-1,-1,-1,0.652975,0.652975,2.824034,2.701562
74,2350,36.488370,267.849285,13.320662,16.220134,1,-1,-1,-1,0.652975,0.652975,2.824034,2.701562
75,2552,203.346924,117.108338,17.267060,8.334184,1,-1,-1,-1,0.658169,0.658169,3.477250,2.839772
75,2539,81.183428,73.497390,7.724599,15.370945,1,-1,-1,-1,0.653256,0.653256,3.002767,2.701562
75,2537,149.166470,130.897436,18.514284,7.766117,1,-1,-1,-1,0.653163,0.653163,2.980969,2.701562
75,2502,82.026565,48.966315,7.645111,17.638796,1,-1,-1,-1,0.653151,0.653151,2.929717,2.771961
75,2474,66.851520,86.890028,7.974132,15.102121,1,-1,-1,-1,0.652976,0.652976,2.842542,2.701562
75,2352,55.836491,213.004044,11.266245,17.911681,1,-1,-1,-1,0.652975,0.652975,2.822682,2.701562
75,2351,124.127196,130.946296,15.266984,7.888354,1,-1,-1,-1,0.652975,0.652975,2.822682,2.701562
75,2350,39.140080,262.269982,13.108616,16.223382,1,-1,-1,-1,0.652975,0.652975,2.822682,2.701562
76,2557,12.808781,117.842043,16.986986,8.130390,1,-1,-1,-1,0.670280,0.670280,4.089282,2.871266
76,2539,81.228317,73.287967,7.706588,15.223761,1,-1,-1,-1,0.653205,0.653205,2.991436,2.701562
76,2537,149.059393,130.907149,18.539829,7.778966,1,-1,-1,-1,0.653129,0.653129,2.971273,2.701562
76,2502,82.058918,48.489885,7.625693,17.333833,1,-1,-1,-1,0.652980,0.652980,2.890385,2.738870
76,2474,67.335260,78.901503,7.909736,15.200492,1,-1,-1,-1,0.652976,0.652976,2.840531,2.701562
76,2352,57.270466,206.447450,10.882678,17.829842,1,-1,-1,-1,0.652975,0.652975,2.821375,2.701562
76,2351,124.128865,130.950549,15.269127,7.892183,1,-1,-1,-1,0.652975,0.652975,2.821375,2.701562
76,2350,41.644473,256.636375,12.890501,16.221410,1,-1,-1,-1,0.652975,0.652975,2.821375,2.701562
77,2557,11.655661,117.781340,17.700099,8.476211,1,-1,-1,-1,0.665220,0.665220,3.819162,2.790853
77,2539,81.345789,73.338393,7.701784,15.117870,1,-1,-1,-1,0.653163,0.653163,2.980969,2.701562
77,2537,148.975289,130.898415,18.551987,7.782496,1,-1,-1,-1,0.653101,0.653101,2.962268,2.701562
77,2502,82.210105,48.355696,7.588137,17.091043,1,-1,-1,-1,0.652980,0.652980,2.868653,2.721381
77,2474,67.373673,70.930117,7.977204,15.187423,1,-1,-1,-1,0.652975,0.652975,2.838596,2.701562
77,2352,58.458975,200.352646,10.492183,17.715190,1,-1,-1,-1,0.652975,0.652975,2.820111,2.701562
77,2351,124.123557,130.959845,15.281830,7.897857,1,-1,-1,-1,0.652975,0.652975,2.820111,2.701562
77,2350,43.920049,251.196150,12.662418,16.212747,1,-1,-1,-1,0.652975,0.652975,2.820111,2.701562
78,2567,168.820737,117.475599,18.653440,8.768054,1,-1,-1,-1,0.847083,0.847083,7.132717,3.262201
78,2566,129.959282,116.799392,19.400124,8.710371,1,-1,-1,-1,0.847083,0.847083,7.132717,3.262201
78,2557,11.162955,117.759133,18.300585,8.678772,1,-1,-1,-1,0.662563,0.662563,3.649901,2.748817
78,2539,81.307637,73.420884,7.721714,15.083264,1,-1,-1,-1,0.653129,0.653129,2.971273,2.701562
78,2537,148.919660,130.904599,18.569900,7.790864,1,-1,-1,-1,0.653078,0.653078,2.953887,2.701562
78,2502,82.203074,48.485281,7.623497,17.168532,1,-1,-1,-1,0.652987,0.652987,2.856189,2.712104
78,2474,67.984473,63.491369,7.861121,14.986697,1,-1,-1,-1,0.652975,0.652975,2.836733,2.701562
78,2352,59.383156,194.969128,10.118921,17.596504,1,-1,-1,-1,0.652975,0.652975,2.818887,2.701562
78,2351,124.116571,130.962329,15.296588,7.902042,1,-1,-1,-1,0.652975,0.652975,2.818887,2.701562
78,2350,45.935296,246.091282,12.418678,16.190978,1,-1,-1,-1,0.652975,0.652975,2.818887,2.701562
79,2566,131.668517,116.716888,19.617115,8.386136,1,-1,-1,-1,0.780933,0.780933,6.225018,2.988460
79,2557,10.362920,118.148232,18.909466,8.965227,1,-1,-1,-1,0.660641,0.660641,3.533238,2.726647
79,2552,203.709279,116.892611,16.149456,7.959365,1,-1,-1,-1,0.656320,0.656320,3.346365,2.851037
79,2539,81.201148,73.365726,7.710491,15.041956,1,-1,-1,-1,0.653101,0.653101,2.962268,2.701562
79,2537,148.883582,130.903712,18.571258,7.793889,1,-1,-1,-1,0.653059,0.653059,2.946067,2.701562
79,2502,82.165515,48.338683,7.614018,16.984292,1,-1,-1,-1,0.652989,0.652989,2.848652,2.707173
79,2474,68.161671,56.884279,7.751470,15.079476,1,-1,-1,-1,0.652975,0.652975,2.834938,2.701562
79,2352,60.087216,190.356557,9.774921,17.485365,1,-1,-1,-1,0.652975,0.652975,2.817702,2.701562
79,2351,124.106642,130.964365,15.310205,7.907871,1,-1,-1,-1,0.652975,0.652975,2.817702,2.701562
79,2350,47.693085,241.348543,12.174599,16.159783,1,-1,-1,-1,0.652975,0.652975,2.817702,2.701562
80,2566,133.703812,116.665950,19.661443,8.119002,1,-1,-1,-1,0.739812,0.739812,5.560040,2.851250
80,2557,10.283878,117.482145,18.946251,8.806591,1,-1,-1,-1,0.659140,0.659140,3.446572,2.714900
80,2539,81.332588,73.531840,7.695648,15.084414,1,-1,-1,-1,0.653078,0.653078,2.953887,2.701562
80,2537,148.867369,130.892653,18.560359,7.790242,1,-1,-1,-1,0.653044,0.653044,2.938756,2.701562
80,2502,82.101877,48.481484,7.610157,16.963394,1,-1,-1,-1,0.652988,0.652988,2.843756,2.704550
80,2352,60.610557,186.518410,9.466123,17.380504,1,-1,-1,-1,0.652975,0.652975,2.816556,2.701562
80,2351,124.110780,130.953840,15.306087,7.906438,1,-1,-1,-1,0.652975,0.652975,2.816556,2.701562
80,2350,49.208385,236.985313,11.935744,16.116445,1,-1,-1,-1,0.652975,0.652975,2.816556,2.701562
81,2566,134.503771,116.981400,19.669184,8.103116,1,-1,-1,-1,0.714060,0.714060,5.062690,2.780435
81,2557,10.212472,117.402555,19.126263,8.798122,1,-1,-1,-1,0.657949,0.657949,3.378476,2.708660
81,2539,81.360728,73.639199,7.648739,15.136870,1,-1,-1,-1,0.653059,0.653059,2.946067,2.701562
81,2537,148.861757,130.891033,18.538600,7.790156,1,-1,-1,-1,0.653031,0.653031,2.931907,2.701562
81,2502,82.096407,48.660746,7.616354,17.001391,1,-1,-1,-1,0.652986,0.652986,2.840295,2.703153
81,2352,60.999949,183.470261,9.197007,17.294033,1,-1,-1,-1,0.652975,0.652975,2.815445,2.701562
81,2351,124.111250,130.948180,15.300199,7.902595,1,-1,-1,-1,0.652975,0.652975,2.815445,2.701562
81,2350,50.522864,233.006625,11.711797,16.066968,1,-1,-1,-1,0.652975,0.652975,2.815445,2.701562
82,2567,171.080724,117.556734,18.462450,8.589600,1,-1,-1,-1,0.699331,0.699331,4.906799,2.897002
82,2566,135.419899,117.543621,19.666138,8.235686,1,-1,-1,-1,0.697349,0.697349,4.683127,2.743335
82,2557,10.299534,117.188401,19.160496,8.641975,1,-1,-1,-1,0.656998,0.656998,3.322783,2.705341
82,2539,81.293629,73.704435,7.681691,15.159876,1,-1,-1,-1,0.653044,0.653044,2.938756,2.701562
82,2537,148.861916,130.896947,18.522739,7.790101,1,-1,-1,-1,0.653021,0.653021,2.925479,2.701562
82,2502,82.113207,48.838050,7.606688,17.164024,1,-1,-1,-1,0.652984,0.652984,2.837624,2.702410
82,2352,61.264265,181.174933,8.967680,17.201461,1,-1,-1,-1,0.652975,0.652975,2.814369,2.701562
82,2351,124.169305,130.847711,15.214863,7.849613,1,-1,-1,-1,0.652975,0.652975,2.814369,2.701562
82,2350,51.655746,229.412075,11.507052,16.015789,1,-1,-1,-1,0.652975,0.652975,2.814369,2.701562
83,2574,-15.394588,116.529113,15.102188,8.003763,1,-1,-1,-1,0.847083,0.847083,7.132717,3.262201
83,2567,171.134543,117.919817,18.804321,8.799319,1,-1,-1,-1,0.686227,0.686227,4.468642,2.804203
83,2566,137.006333,117.091776,19.986488,8.162733,1,-1,-1,-1,0.686065,0.686065,4.388218,2.723746
83,2557,10.315643,117.339890,19.196933,8.661947,1,-1,-1,-1,0.656235,0.656235,3.275945,2.703574
83,2552,204.341060,117.533404,15.719540,7.958055,1,-1,-1,-1,0.655525,0.655525,3.254331,2.852320
83,2539,81.286713,73.569436,7.722219,15.160815,1,-1,-1,-1,0.653031,0.653031,2.931907,2.701562
83,2537,148.870443,130.909393,18.517327,7.795770,1,-1,-1,-1,0.653013,0.653013,2.919436,2.701562
83,2502,82.008661,48.770769,7.693895,17.318263,1,-1,-1,-1,0.652983,0.652983,2.835404,2.702013
83,2352,61.431847,179.701735,8.787036,17.131779,1,-1,-1,-1,0.652975,0.652975,2.813325,2.701562
83,2351,124.154050,130.917995,15.230905,7.861104,1,-1,-1,-1,0.652975,0.652975,2.813325,2.701562
83,2350,52.593309,226.230624,11.333138,15.982454,1,-1,-1,-1,0.652975,0.652975,2.813325,2.701562
84,2574,-15.612645,116.576811,15.231726,7.870832,1,-1,-1,-1,0.780933,0.780933,6.225018,2.988460
84,2567,171.061283,117.976831,18.969740,8.856325,1,-1,-1,-1,0.678161,0.678161,4.182796,2.755830
84,2566,138.027077,116.998943,20.315265,8.197341,1,-1,-1,-1,0.678159,0.678159,4.155461,2.713360
84,2557,10.314467,117.146095,19.115956,8.627727,1,-1,-1,-1,0.655621,0.655621,3.235780,2.702634
84,2539,81.267874,73.518167,7.717765,15.147517,1,-1,-1,-1,0.653021,0.653021,2.925479,2.701562
84,2537,148.879247,130.902852,18.510029,7.794248,1,-1,-1,-1,0.653006,0.653006,2.913746,2.701562
84,2502,81.963442,48.911013,7.672542,17.318278,1,-1,-1,-1,0.652981,0.652981,2.833450,2.701803
84,2352,61.513834,178.982153,8.644541,17.066631,1,-1,-1,-1,0.652975,0.652975,2.812314,2.701562
84,2351,124.143555,130.942946,15.239816,7.869443,1,-1,-1,-1,0.652975,0.652975,2.812314,2.701562
84,2350,53.393842,223.348722,11.159394,15.940517,1,-1,-1,-1,0.652975,0.652975,2.812314,2.701562
85,2574,-16.025529,116.795808,15.437017,7.800524,1,-1,-1,-1,0.739812,0.739812,5.560040,2.851250
85,2567,170.956967,117.791254,19.106435,8.774106,1,-1,-1,-1,0.672452,0.672452,3.977209,2.730355
85,2566,138.919243,116.861285,20.489461,8.145268,1,-1,-1,-1,0.672446,0.672446,3.969193,2.707841
85,2557,10.509617,117.251138,19.069421,8.618276,1,-1,-1,-1,0.655126,0.655126,3.200857,2.702133
85,2539,81.257563,73.520788,7.709322,15.157089,1,-1,-1,-1,0.653013,0.653013,2.919436,2.701562
85,2537,148.892632,130.890346,18.501429,7.787485,1,-1,-1,-1,0.653000,0.653000,2.908379,2.701562
85,2502,81.957046,48.978548,7.649571,17.386137,1,-1,-1,-1,0.652980,0.652980,2.831665,2.701690
85,2352,61.536609,178.856235,8.543920,17.022048,1,-1,-1,-1,0.652975,0.652975,2.811334,2.701562
85,2351,124.139903,130.951019,15.249048,7.875551,1,-1,-1,-1,0.652975,0.652975,2.811334,2.701562
85,2350,54.083235,220.793666,10.999679,15.900595,1,-1,-1,-1,0.652975,0.652975,2.811334,2.701562
86,2574,-16.000407,116.919176,15.460658,7.743504,1,-1,-1,-1,0.714060,0.714060,5.062690,2.780435
86,2567,170.697926,117.525628,19.037006,8.691421,1,-1,-1,-1,0.668224,0.668224,3.819893,2.716867
86,2566,139.505822,116.832748,20.656606,8.116288,1,-1,-1,-1,0.668212,0.668212,3.818265,2.704905
86,2557,10.501878,117.296181,19.111786,8.611331,1,-1,-1,-1,0.654726,0.654726,3.170176,2.701866
86,2539,81.203713,73.489246,7.753843,15.173741,1,-1,-1,-1,0.653006,0.653006,2.913746,2.701562
86,2537,148.902680,130.888602,18.498207,7.785406,1,-1,-1,-1,0.652996,0.652996,2.903309,2.701562
86,2502,81.923500,49.076332,7.677327,17.461405,1,-1,-1,-1,0.652979,0.652979,2.829995,2.701630
86,2352,61.524285,178.949648,8.471176,16.995613,1,-1,-1,-1,0.652975,0.652975,2.810383,2.701562
86,2351,124.136914,130.953022,15.255763,7.879998,1,-1,-1,-1,0.652975,0.652975,2.810383,2.701562
86,2350,54.667004,218.537788,10.841874,15.856611,1,-1,-1,-1,0.652975,0.652975,2.810383,2.701562
87,2574,-15.940039,116.919079,15.423553,7.692720,1,-1,-1,-1,0.697349,0.697349,4.683127,2.743335
87,2567,170.860365,117.561014,19.143534,8.669495,1,-1,-1,-1,0.665022,0.665022,3.694652,2.709706
87,2566,139.991197,116.866982,20.772859,8.096540,1,-1,-1,-1,0.665009,0.665009,3.694582,2.703342
87,2557,10.548558,117.571301,19.107735,8.747044,1,-1,-1,-1,0.654401,0.654401,3.143006,2.701724
87,2552,204.400984,117.707078,15.492464,8.117188,1,-1,-1,-1,0.655175,0.655175,3.190699,2.852466
87,2539,81.262437,73.570751,7.710580,15.182678,1,-1,-1,-1,0.653000,0.653000,2.908379,2.701562
87,2537,148.918021,130.888336,18.493064,7.783851,1,-1,-1,-1,0.652992,0.652992,2.898514,2.701562
87,2502,81.994094,48.525655,7.632651,17.232963,1,-1,-1,-1,0.652979,0.652979,2.828411,2.701598
87,2352,61.508010,179.089500,8.415799,16.968966,1,-1,-1,-1,0.652975,0.652975,2.809460,2.701562
87,2351,124.132727,130.953002,15.257889,7.883205,1,-1,-1,-1,0.652975,0.652975,2.809460,2.701562
87,2350,55.158779,216.559768,10.690949,15.807104,1,-1,-1,-1,0.652975,0.652975,2.809460,2.701562
88,2574,-15.575737,116.931781,15.226601,7.642444,1,-1,-1,-1,0.686065,0.686065,4.388218,2.723746
88,2567,171.292999,117.648593,19.092721,8.632832,1,-1,-1,-1,0.662560,0.662560,3.592317,2.705897
88,2566,140.581762,116.862326,20.766072,8.050419,1,-1,-1,-1,0.662548,0.662548,3.592165,2.702510
88,2557,10.448399,117.422188,19.074080,8.754834,1,-1,-1,-1,0.654138,0.654138,3.118784,2.701648
88,2552,204.410006,117.814590,15.446072,8.232927,1,-1,-1,-1,0.653402,0.653402,3.089587,2.781069
88,2539,81.253568,73.419258,7.697916,15.146121,1,-1,-1,-1,0.652996,0.652996,2.903309,2.701562
88,2537,148.933813,130.896942,18.486751,7.785475,1,-1,-1,-1,0.652989,0.652989,2.893973,2.701562
88,2502,82.015910,48.363359,7.580287,16.979822,1,-1,-1,-1,0.652978,0.652978,2.826896,2.701581
88,2352,61.487104,179.248612,8.378735,16.950750,1,-1,-1,-1,0.652975,0.652975,2.808564,2.701562
88,2351,124.127967,130.954267,15.265043,7.888350,1,-1,-1,-1,0.652975,0.652975,2.808564,2.701562
88,2350,55.569253,214.871319,10.550777,15.769745,1,-1,-1,-1,0.652975,0.652975,2.808564,2.701562
89,2574,-15.611372,116.875205,15.314655,7.641155,1,-1,-1,-1,0.678159,0.678159,4.155461,2.713360
89,2567,171.219333,117.627557,18.935073,8.648149,1,-1,-1,-1,0.660643,0.660643,3.507183,2.703871
89,2566,141.110147,116.795314,20.937490,8.075160,1,-1,-1,-1,0.660633,0.660633,3.506534,2.702067
89,2557,10.449839,117.379995,19.107196,8.779632,1,-1,-1,-1,0.653924,0.653924,3.097071,2.701608
89,2552,204.111538,117.545038,15.382225,8.202450,1,-1,-1,-1,0.653188,0.653188,3.032710,2.743669
89,2539,81.223087,73.601312,7.669083,15.247529,1,-1,-1,-1,0.652992,0.652992,2.898514,2.701562
89,2537,148.947544,130.899889,18.487738,7.786743,1,-1,-1,-1,0.652986,0.652986,2.889667,2.701562
89,2502,82.080931,48.758805,7.584218,17.048976,1,-1,-1,-1,0.652977,0.652977,2.825440,2.701572
89,2352,61.461797,179.405912,8.352320,16.941308,1,-1,-1,-1,0.652975,0.652975,2.807695,2.701562
89,2351,124.124928,130.953818,15.270243,7.892095,1,-1,-1,-1,0.652975,0.652975,2.807695,2.701562
89,2350,55.923409,213.393285,10.426555,15.728259,1,-1,-1,-1,0.652975,0.652975,2.807695,2.701562
90,2574,-15.918736,117.044332,15.454784,7.711550,1,-1,-1,-1,0.672446,0.672446,3.969193,2.707841
90,2567,171.400689,117.472829,18.889526,8.591661,1,-1,-1,-1,0.659136,0.659136,3.435418,2.702792
90,2566,141.494754,116.760200,21.020727,8.094012,1,-1,-1,-1,0.659128,0.659128,3.434287,2.701831
90,2557,10.381034,117.150359,19.056595,8.679223,1,-1,-1,-1,0.653749,0.653749,3.077508,2.701587
90,2539,81.269161,73.500275,7.654116,15.215074,1,-1,-1,-1,0.652989,0.652989,2.893973,2.701562
90,2537,148.965085,130.902662,18.485883,7.790418,1,-1,-1,-1,0.652984,0.652984,2.885579,2.701562
90,2502,82.017676,48.845481,7.604858,17.177617,1,-1,-1,-1,0.652977,0.652977,2.824038,2.701568
90,2352,61.435270,179.539982,8.333525,16.930078,1,-1,-1,-1,0.652975,0.652975,2.806851,2.701562
90,2351,124.122936,130.951070,15.273915,7.892064,1,-1,-1,-1,0.652975,0.652975,2.806851,2.701562
90,2350,56.205278,212.117347,10.305643,15.678117,1,-1,-1,-1,0.652975,0.652975,2.806851,2.701562
91,2574,-16.016400,116.960414,15.538498,7.721666,1,-1,-1,-1,0.668212,0.668212,3.818265,2.704905
91,2567,171.565340,117.385399,18.856835,8.530379,1,-1,-1,-1,0.657942,0.657942,3.374287,2.702217
91,2566,141.924101,116.679159,21.102528,8.094115,1,-1,-1,-1,0.657936,0.657936,3.372813,2.701705
91,2557,10.574633,117.024532,18.984531,8.568153,1,-1,-1,-1,0.653607,0.653607,3.059804,2.701575
91,2539,81.283729,73.518966,7.634975,15.199322,1,-1,-1,-1,0.652986,0.652986,2.889667,2.701562
91,2537,148.975878,130.909538,18.490101,7.793176,1,-1,-1,-1,0.652983,0.652983,2.881694,2.701562
91,2502,82.019944,49.041744,7.605745,17.265066,1,-1,-1,-1,0.652977,0.652977,2.822684,2.701565
91,2352,61.408863,179.680120,8.320519,16.931245,1,-1,-1,-1,0.652975,0.652975,2.806031,2.701562
91,2351,124.131861,130.949976,15.282088,7.892087,1,-1,-1,-1,0.652975,0.652975,2.806031,2.701562
91,2350,56.435218,211.076551,10.215050,15.649445,1,-1,-1,-1,0.652975,0.652975,2.806031,2.701562
92,2582,45.036213,248.369484,11.855585,17.879236,1,-1,-1,-1,0.847083,0.847083,7.132717,3.262201
92,2574,-15.888843,117.047310,15.507847,7.709893,1,-1,-1,-1,0.665009,0.665009,3.694582,2.703342
92,2567,171.623085,117.457869,18.800611,8.521312,1,-1,-1,-1,0.656991,0.656991,3.321759,2.701911
92,2566,141.996667,116.730060,21.207245,8.129692,1,-1,-1,-1,0.656986,0.656986,3.320085,2.701638
92,2557,10.433613,117.101993,18.988237,8.564515,1,-1,-1,-1,0.653491,0.653491,3.043717,2.701569
92,2539,81.271392,73.421425,7.657033,15.167586,1,-1,-1,-1,0.652984,0.652984,2.885579,2.701562
92,2537,148.995802,130.911646,18.490374,7.795145,1,-1,-1,-1,0.652981,0.652981,2.877997,2.701562
92,2502,82.007232,49.050710,7.626778,17.401803,1,-1,-1,-1,0.652976,0.652976,2.821376,2.701564
92,2352,61.383431,179.799073,8.311533,16.930483,1,-1,-1,-1,0.652975,0.652975,2.805235,2.701562
92,2351,124.123464,130.951451,15.282632,7.894795,1,-1,-1,-1,0.652975,0.652975,2.805235,2.701562
92,2350,56.617022,210.209560,10.146546,15.631376,1,-1,-1,-1,0.652975,0.652975,2.805235,2.701562
93,2582,45.844960,246.296412,11.749318,17.496677,1,-1,-1,-1,0.780933,0.780933,6.225018,2.988460
93,2574,-15.896211,117.083725,15.514136,7.718242,1,-1,-1,-1,0.662548,0.662548,3.592165,2.702510
93,2567,171.761542,117.523419,18.750072,8.476248,1,-1,-1,-1,0.656229,0.656229,3.276277,2.701748
93,2566,142.095037,116.686008,21.307197,8.165502,1,-1,-1,-1,0.656225,0.656225,3.274518,2.701603
93,2557,10.577817,117.479750,19.065151,8.724020,1,-1,-1,-1,0.653397,0.653397,3.029044,2.701566
93,2539,81.261317,73.542315,7.643637,15.212201,1,-1,-1,-1,0.652983,0.652983,2.881694,2.701562
93,2537,149.003013,130.903630,18.493147,7.793827,1,-1,-1,-1,0.652980,0.652980,2.874476,2.701562
93,2502,81.911942,48.815578,7.626398,17.360406,1,-1,-1,-1,0.652976,0.652976,2.820111,2.701563
93,2352,61.359336,179.897249,8.305470,16.928284,1,-1,-1,-1,0.652975,0.652975,2.804461,2.701562
93,2351,124.118284,130.951530,15.280258,7.896737,1,-1,-1,-1,0.652975,0.652975,2.804461,2.701562
93,2350,56.762716,209.475499,10.088575,15.615532,1,-1,-1,-1,0.652975,0.652975,2.804461,2.701562
94,2582,46.625617,244.000270,10.937967,16.790337,1,-1,-1,-1,0.739812,0.739812,5.560040,2.851250
94,2574,-16.196225,117.090925,15.595196,7.746580,1,-1,-1,-1,0.660633,0.660633,3.506534,2.702067
94,2567,171.752634,117.519079,18.822234,8.466287,1,-1,-1,-1,0.655617,0.655617,3.236622,2.701661
94,2566,142.319925,116.718917,21.368103,8.191100,1,-1,-1,-1,0.655613,0.655613,3.234861,2.701584
94,2557,10.484354,117.318002,19.077556,8.695755,1,-1,-1,-1,0.653320,0.653320,3.015612,2.701564
94,2539,81.268028,73.408298,7.643735,15.164795,1,-1,-1,-1,0.652981,0.652981,2.877997,2.701562
94,2537,149.016898,130.900757,18.497953,7.792899,1,-1,-1,-1,0.652979,0.652979,2.871119,2.701562
94,2502,81.935385,48.895620,7.657521,17.428844,1,-1,-1,-1,0.652976,0.652976,2.818887,2.701563
94,2352,61.334837,179.996948,8.298823,16.927565,1,-1,-1,-1,0.652975,0.652975,2.803709,2.701562
94,2351,124.122362,130.959573,15.286871,7.900980,1,-1,-1,-1,0.652975,0.652975,2.803709,2.701562
94,2350,56.878694,208.864237,10.032783,15.601122,1,-1,-1,-1,0.652975,0.652975,2.803709,2.701562
95,2582,47.250775,242.739276,10.850288,16.639022,1,-1,-1,-1,0.714060,0.714060,5.062690,2.780435
95,2574,-16.003575,117.050079,15.509040,7.703975,1,-1,-1,-1,0.659128,0.659128,3.434287,2.701831
95,2567,171.785015,117.522129,18.871917,8.473756,1,-1,-1,-1,0.655122,0.655122,3.201827,2.701615
95,2566,142.644461,116.773503,21.341750,8.181134,1,-1,-1,-1,0.655120,0.655120,3.200116,2.701574
95,2557,10.398575,117.054200,19.019579,8.572761,1,-1,-1,-1,0.653257,0.653257,3.003277,2.701563
95,2539,81.326544,73.480823,7.629944,15.135257,1,-1,-1,-1,0.652980,0.652980,2.874476,2.701562
95,2537,149.029403,130.889604,18.489936,7.786510,1,-1,-1,-1,0.652978,0.652978,2.867916,2.701562
95,2502,82.118645,48.581546,7.654137,17.313490,1,-1,-1,-1,0.652976,0.652976,2.817703,2.701562
95,2352,61.315387,180.095220,8.297343,16.933803,1,-1,-1,-1,0.652975,0.652975,2.802979,2.701562
95,2351,124.123682,130.953469,15.283321,7.901236,1,-1,-1,-1,0.652975,0.652975,2.802979,2.701562
95,2350,56.973493,208.371893,9.989593,15.588194,1,-1,-1,-1,0.652975,0.652975,2.802979,2.701562
96,2582,47.904366,241.349188,10.667066,16.388238,1,-1,-1,-1,0.697349,0.697349,4.683127,2.743335
96,2574,-16.319114,117.215409,15.754087,7.823980,1,-1,-1,-1,0.657936,0.657936,3.372813,2.701705
96,2567,171.692282,117.335513,18.815670,8.414354,1,-1,-1,-1,0.654723,0.654723,3.171114,2.701590
96,2566,142.740953,116.881780,21.378935,8.196782,1,-1,-1,-1,0.654721,0.654721,3.169484,2.701568
96,2557,10.404948,117.237553,19.037895,8.599776,1,-1,-1,-1,0.653205,0.653205,2.991914,2.701563
96,2539,81.372570,73.530482,7.622782,15.119507,1,-1,-1,-1,0.652979,0.652979,2.871119,2.701562
96,2537,149.045430,130.886473,18.486879,7.781888,1,-1,-1,-1,0.652978,0.652978,2.864857,2.701562
96,2502,82.060544,48.726008,7.666451,17.368869,1,-1,-1,-1,0.652976,0.652976,2.816556,2.701562
96,2352,61.296375,180.168252,8.296724,16.936649,1,-1,-1,-1,0.652975,0.652975,2.802268,2.701562
96,2351,124.122918,130.951077,15.277963,7.901390,1,-1,-1,-1,0.652975,0.652975,2.802268,2.701562
96,2350,57.050099,207.958267,9.950091,15.576147,1,-1,-1,-1,0.652975,0.652975,2.802268,2.701562
97,2582,48.729428,240.049516,10.266973,16.031200,1,-1,-1,-1,0.686065,0.686065,4.388218,2.723746
97,2574,-16.220670,117.296198,15.799816,7.888521,1,-1,-1,-1,0.656986,0.656986,3.320085,2.701638
97,2567,171.659569,117.536351,18.865582,8.439017,1,-1,-1,-1,0.654399,0.654399,3.143853,2.701577
97,2566,142.780199,116.882682,21.444491,8.221325,1,-1,-1,-1,0.654397,0.654397,3.142321,2.701565
97,2557,10.454002,117.081232,19.011251,8.527291,1,-1,-1,-1,0.653163,0.653163,2.981416,2.701562
97,2539,81.401487,73.531458,7.623007,15.097237,1,-1,-1,-1,0.652978,0.652978,2.867916,2.701562
97,2537,149.052768,130.886126,18.484657,7.778520,1,-1,-1,-1,0.652977,0.652977,2.861934,2.701562
97,2502,82.016623,48.840201,7.890568,17.585122,1,-1,-1,-1,0.652976,0.652976,2.815445,2.701562
97,2352,61.278538,180.224140,8.296635,16.931487,1,-1,-1,-1,0.652975,0.652975,2.801577,2.701562
97,2351,124.120821,130.950091,15.279544,7.901548,1,-1,-1,-1,0.652975,0.652975,2.801577,2.701562
97,2350,57.105511,207.636205,9.918826,15.567694,1,-1,-1,-1,0.652975,0.652975,2.801577,2.701562
98,2582,49.334975,239.199137,10.263777,16.143217,1,-1,-1,-1,0.678159,0.678159,4.155461,2.713360
98,2574,-15.942818,116.933517,15.645531,7.775774,1,-1,-1,-1,0.656225,0.656225,3.274518,2.701603
98,2567,171.674405,117.469251,18.842021,8.428849,1,-1,-1,-1,0.654136,0.654136,3.119530,2.701570
98,2566,142.833806,116.907518,21.433135,8.217302,1,-1,-1,-1,0.654134,0.654134,3.118101,2.701564
98,2557,10.356183,117.237589,19.064864,8.578620,1,-1,-1,-1,0.653129,0.653129,2.971692,2.701562
98,2539,81.396029,73.532187,7.648953,15.127308,1,-1,-1,-1,0.652978,0.652978,2.864857,2.701562
98,2537,149.069034,130.886625,18.483044,7.776068,1,-1,-1,-1,0.652977,0.652977,2.859137,2.701562
98,2502,81.898030,48.467383,7.852455,17.362694,1,-1,-1,-1,0.652976,0.652976,2.814369,2.701562
98,2352,61.261927,180.295399,8.297198,16.936979,1,-1,-1,-1,0.652975,0.652975,2.800906,2.701562
98,2351,124.119763,130.949671,15.280684,7.901655,1,-1,-1,-1,0.652975,0.652975,2.800906,2.701562
98,2350,57.149745,207.365671,9.887978,15.556191,1,-1,-1,-1,0.652975,0.652975,2.800906,2.701562
99,2587,204.541050,117.310365,15.609961,7.883071,1,-1,-1,-1,0.847083,0.847083,7.132717,3.262201
99,2582,49.321535,238.631760,10.589351,16.482802,1,-1,-1,-1,0.672446,0.672446,3.969193,2.707841
99,2574,-15.690970,116.799953,15.497067,7.688521,1,-1,-1,-1,0.655613,0.655613,3.234861,2.701584
99,2567,171.694740,117.493048,18.849108,8.425327,1,-1,-1,-1,0.653922,0.653922,3.097720,2.701566
99,2566,142.887362,116.922467,21.472837,8.233431,1,-1,-1,-1,0.653921,0.653921,3.096395,2.701563
99,2557,10.432608,117.140403,19.035110,8.526720,1,-1,-1,-1,0.653101,0.653101,2.962661,2.701562
99,2539,81.360519,73.459466,7.614124,15.082348,1,-1,-1,-1,0.652977,0.652977,2.861934,2.701562
99,2537,149.074990,130.885411,18.481697,7.771501,1,-1,-1,-1,0.652977,0.652977,2.856459,2.701562
99,2502,81.951175,48.970260,7.817594,17.471592,1,-1,-1,-1,0.652975,0.652975,2.813326,2.701562
99,2352,61.244787,180.353085,8.295290,16.939028,1,-1,-1,-1,0.652975,0.652975,2.800252,2.701562
99,2351,124.121068,130.949467,15.284253,7.901752,1,-1,-1,-1,0.652975,0.652975,2.800252,2.701562
99,2350,57.186040,207.157833,9.868480,15.545615,1,-1,-1,-1,0.652975,0.652975,2.800252,2.701562
100,2582,49.253963,237.663941,10.773181,16.681863,1,-1,-1,-1,0.668212,0.668212,3.818265,2.704905
100,2574,-15.887113,116.933971,15.649255,7.762015,1,-1,-1,-1,0.655120,0.655120,3.200116,2.701574
100,2567,171.716950,117.445287,18.796900,8.401136,1,-1,-1,-1,0.653748,0.653748,3.078073,2.701564
100,2566,142.923148,116.953452,21.446620,8.223781,1,-1,-1,-1,0.653747,0.653747,3.076849,2.701563
100,2557,10.424954,117.162072,19.019458,8.494908,1,-1,-1,-1,0.653078,0.653078,2.954255,2.701562
100,2539,81.356388,73.492583,7.614465,15.100788,1,-1,-1,-1,0.652977,0.652977,2.859137,2.701562
100,2537,149.082768,130.887667,18.480902,7.770954,1,-1,-1,-1,0.652976,0.652976,2.853893,2.701562
100,2502,82.064420,48.691855,7.709669,17.106482,1,-1,-1,-1,0.652975,0.652975,2.812315,2.701562
100,2352,61.232444,180.406566,8.297167,16.944427,1,-1,-1,-1,0.652975,0.652975,2.799616,2.701562
100,2351,124.125591,130.949373,15.284093,7.901790,1,-1,-1,-1,0.652975,0.652975,2.799616,2.701562
100,2350,57.208734,207.005651,9.851845,15.540989,1,-1,-1,-1,0.652975,0.652975,2.799616,2.701562
