1,3211,78.780000,-5.640000,7.740000,16.710000,1,-1,-1,-1,10.000000,10.000000,10.000000,10.000000
1,3210,78.390000,48.220000,8.560000,17.330000,1,-1,-1,-1,10.000000,10.000000,10.000000,10.000000
1,3209,79.460000,-32.760000,7.510000,15.340000,1,-1,-1,-1,10.000000,10.000000,10.000000,10.000000
1,3208,77.530000,79.930000,8.840000,17.920000,1,-1,-1,-1,10.000000,10.000000,10.000000,10.000000
1,3207,-227.910000,129.820000,19.630000,9.100000,1,-1,-1,-1,10.000000,10.000000,10.000000,10.000000
1,3206,46.400000,131.130000,16.180000,8.000000,1,-1,-1,-1,10.000000,10.000000,10.000000,10.000000
1,3205,157.790000,-123.770000,21.280000,12.460000,1,-1,-1,-1,10.000000,10.000000,10.000000,10.000000
1,3204,-149.280000,229.230000,8.510000,16.500000,1,-1,-1,-1,10.000000,10.000000,10.000000,10.000000
1,3203,-206.350000,115.150000,15.970000,7.950000,1,-1,-1,-1,10.000000,10.000000,10.000000,10.000000
1,3202,127.370000,129.960000,8.830000,5.930000,1,-1,-1,-1,10.000000,10.000000,10.000000,10.000000
1,3201,-148.320000,182.930000,7.710000,16.180000,1,-1,-1,-1,10.000000,10.000000,10.000000,10.000000
1,3200,65.310000,-25.710000,7.300000,14.900000,1,-1,-1,-1,10.000000,10.000000,10.000000,10.000000
2,3218,-133.600000,50.550000,8.570000,17.070000,1,-1,-1,-1,10.000000,10.000000,10.000000,10.000000
2,3217,168.320000,-111.600000,17.450000,8.750000,1,-1,-1,-1,10.000000,10.000000,10.000000,10.000000
2,3216,-103.210000,130.680000,9.060000,6.340000,1,-1,-1,-1,10.000000,10.000000,10.000000,10.000000
2,3215,83.800000,-163.640000,7.900000,18.740000,1,-1,-1,-1,10.000000,10.000000,10.000000,10.000000
2,3214,-243.410000,116.110000,16.660000,9.070000,1,-1,-1,-1,10.000000,10.000000,10.000000,10.000000
2,3213,134.340000,-126.430000,16.710000,8.180000,1,-1,-1,-1,10.000000,10.000000,10.000000,10.000000
2,3212,68.970000,-35.330000,7.330000,14.930000,1,-1,-1,-1,10.000000,10.000000,10.000000,10.000000
2,3210,81.849175,50.187926,8.430972,17.603727,1,-1,-1,-1,0.999900,0.999900,9.990021,5.238095
2,3208,81.844385,79.661126,8.290424,17.027890,1,-1,-1,-1,0.999900,0.999900,9.990021,5.238095
2,3206,43.795041,130.938091,15.860471,7.743882,1,-1,-1,-1,0.999900,0.999900,9.990021,5.238095
2,3205,161.521030,-125.150723,20.327290,11.111857,1,-1,-1,-1,0.999900,0.999900,9.990021,5.238095
2,3204,-145.684280,229.697568,8.677826,16.944726,1,-1,-1,-1,0.999900,0.999900,9.990021,5.238095
2,3203,-202.304548,115.272681,15.658319,7.934614,1,-1,-1,-1,0.999900,0.999900,9.990021,5.238095
2,3202,127.370000,129.950001,8.830000,5.930000,1,-1,-1,-1,0.999900,0.999900,9.990021,5.238095
2,3201,-144.707954,182.976017,7.685190,16.197956,1,-1,-1,-1,0.999900,0.999900,9.990021,5.238095
3,3224,-130.140000,55.620000,7.970000,16.930000,1,-1,-1,-1,10.000000,10.000000,10.000000,10.000000
3,3223,26.120000,117.090000,16.260000,7.930000,1,-1,-1,-1,10.000000,10.000000,10.000000,10.000000
3,3222,72.970000,-166.440000,8.180000,15.230000,1,-1,-1,-1,10.000000,10.000000,10.000000,10.000000
3,3221,-65.730000,130.350000,17.180000,7.760000,1,-1,-1,-1,10.000000,10.000000,10.000000,10.000000
3,3220,-230.100000,114.860000,9.200000,6.470000,1,-1,-1,-1,10.000000,10.000000,10.000000,10.000000
3,3219,72.350000,-44.240000,7.330000,14.900000,1,-1,-1,-1,10.000000,10.000000,10.000000,10.000000
3,3216,-104.452476,130.742669,6.215484,4.774806,1,-1,-1,-1,0.999900,0.999900,9.990021,5.238095
3,3213,137.851700,-126.336367,16.225946,8.002734,1,-1,-1,-1,0.999900,0.999900,9.990021,5.238095
3,3208,84.708555,79.929732,8.392917,17.620580,1,-1,-1,-1,0.941153,0.941153,8.384601,3.841642
3,3205,164.972333,-124.768053,20.725404,11.233940,1,-1,-1,-1,0.941153,0.941153,8.384601,3.841642
3,3204,-142.299457,229.447215,8.298964,16.387879,1,-1,-1,-1,0.941153,0.941153,8.384601,3.841642
3,3203,-199.374192,115.375301,15.714307,7.997026,1,-1,-1,-1,0.941153,0.941153,8.384601,3.841642
3,3202,127.370000,129.949412,8.830000,5.930000,1,-1,-1,-1,0.941153,0.941153,8.384601,3.841642
3,3201,-141.368390,182.954771,7.669773,16.190454,1,-1,-1,-1,0.941153,0.941153,8.384601,3.841642
4,3208,88.067948,80.307548,8.728950,18.844868,1,-1,-1,-1,0.847083,0.847083,7.132717,3.262201
4,3205,168.622076,-124.904282,20.406595,10.857008,1,-1,-1,-1,0.847083,0.847083,7.132717,3.262201
4,3204,-138.760229,229.995603,8.383554,16.815198,1,-1,-1,-1,0.847083,0.847083,7.132717,3.262201
4,3203,-195.665767,115.363463,15.637366,7.977845,1,-1,-1,-1,0.847083,0.847083,7.132717,3.262201
4,3202,127.346224,129.948901,8.835197,5.931299,1,-1,-1,-1,0.847083,0.847083,7.132717,3.262201
4,3201,-137.923151,182.884240,7.664227,16.142101,1,-1,-1,-1,0.847083,0.847083,7.132717,3.262201
5,3213,144.693447,-126.094518,16.479022,8.336612,1,-1,-1,-1,0.847083,0.847083,7.132717,3.262201
5,3208,91.484957,80.272337,8.801495,19.152105,1,-1,-1,-1,0.780933,0.780933,6.225018,2.988460
5,3204,-135.138667,230.214908,8.274359,17.048167,1,-1,-1,-1,0.780933,0.780933,6.225018,2.988460
5,3203,-192.216872,115.242483,15.585059,7.887737,1,-1,-1,-1,0.780933,0.780933,6.225018,2.988460
5,3202,127.339632,129.956673,8.837664,5.931603,1,-1,-1,-1,0.780933,0.780933,6.225018,2.988460
5,3201,-134.370344,182.922752,7.662509,16.158395,1,-1,-1,-1,0.780933,0.780933,6.225018,2.988460
6,3224,-121.196906,72.695607,7.969266,16.897247,1,-1,-1,-1,0.847083,0.847083,7.132717,3.262201
6,3217,148.100937,-112.647657,19.197031,9.290400,1,-1,-1,-1,0.808479,0.808479,6.225062,3.298778
6,3208,94.398777,80.619613,8.605735,18.807146,1,-1,-1,-1,0.739812,0.739812,5.560040,2.851250
6,3202,127.309807,129.951262,8.843190,5.932493,1,-1,-1,-1,0.739812,0.739812,5.560040,2.851250
7,3208,95.529150,82.124006,8.727629,18.621787,1,-1,-1,-1,0.714060,0.714060,5.062690,2.780435
7,3202,127.310718,129.950193,8.838580,5.931167,1,-1,-1,-1,0.714060,0.714060,5.062690,2.780435
8,3208,96.255716,84.373908,9.393922,19.508249,1,-1,-1,-1,0.697349,0.697349,4.683127,2.743335
8,3202,127.313016,129.955272,8.834231,5.926763,1,-1,-1,-1,0.697349,0.697349,4.683127,2.743335
9,3232,94.896820,55.963891,9.822702,19.061750,1,-1,-1,-1,0.847083,0.847083,7.132717,3.262201
9,3208,99.588143,84.857053,9.635811,19.092822,1,-1,-1,-1,0.686065,0.686065,4.388218,2.723746
9,3202,127.333726,129.964830,8.828147,5.923441,1,-1,-1,-1,0.686065,0.686065,4.388218,2.723746
10,3208,103.106405,85.216618,10.126452,19.325199,1,-1,-1,-1,0.678159,0.678159,4.155461,2.713360
10,3202,127.355998,129.975480,8.824296,5.921406,1,-1,-1,-1,0.678159,0.678159,4.155461,2.713360
11,3202,127.346404,129.965921,8.825167,5.920574,1,-1,-1,-1,0.672446,0.672446,3.969193,2.707841
12,3202,127.361035,129.969272,8.822613,5.919643,1,-1,-1,-1,0.668212,0.668212,3.818265,2.704905
13,3202,127.353626,129.963939,8.820920,5.919077,1,-1,-1,-1,0.665009,0.665009,3.694582,2.703342
14,3202,127.351107,129.968588,8.819802,5.918743,1,-1,-1,-1,0.662548,0.662548,3.592165,2.702510
15,3202,127.360366,129.968860,8.812267,5.914916,1,-1,-1,-1,0.660633,0.660633,3.506534,2.702067
16,3286,157.876225,113.995135,15.885966,16.550492,1,-1,-1,-1,0.808479,0.808479,6.225062,3.298778
16,3202,127.386340,129.971151,8.810673,5.915629,1,-1,-1,-1,0.659128,0.659128,3.434287,2.701831
17,3286,156.989691,111.431718,14.219825,16.189056,1,-1,-1,-1,0.761768,0.761768,5.587838,3.006395
17,3202,127.363475,129.971840,8.809581,5.916198,1,-1,-1,-1,0.657936,0.657936,3.372813,2.701705
18,3286,158.863125,111.959137,12.474830,15.385711,1,-1,-1,-1,0.729260,0.729260,5.118443,2.860404
18,3202,127.348390,129.971950,8.808844,5.916654,1,-1,-1,-1,0.656986,0.656986,3.320085,2.701638
19,3202,127.351175,129.971768,8.811347,5.917215,1,-1,-1,-1,0.656225,0.656225,3.274518,2.701603
20,3332,83.899369,115.476564,16.833940,8.927852,1,-1,-1,-1,0.847083,0.847083,7.132717,3.262201
20,3202,127.351843,129.971570,8.813184,5.917632,1,-1,-1,-1,0.655613,0.655613,3.234861,2.701584
21,3202,127.342119,129.966472,8.820818,5.921237,1,-1,-1,-1,0.655120,0.655120,3.200116,2.701574
22,3354,124.762317,116.962629,16.645000,7.407208,1,-1,-1,-1,0.847083,0.847083,7.132717,3.262201
22,3202,127.324400,129.973750,8.838772,5.930337,1,-1,-1,-1,0.654721,0.654721,3.169484,2.701568
23,3202,127.332167,129.958633,8.836369,5.930223,1,-1,-1,-1,0.654397,0.654397,3.142321,2.701565
24,3374,292.821157,343.206254,16.321594,8.106573,1,-1,-1,-1,0.847083,0.847083,7.132717,3.262201
24,3373,133.489723,332.740270,17.224660,8.076663,1,-1,-1,-1,0.847083,0.847083,7.132717,3.262201
24,3372,-103.576223,130.874614,16.077380,8.185350,1,-1,-1,-1,0.847083,0.847083,7.132717,3.262201
24,3369,-129.032731,130.633188,16.015676,8.042325,1,-1,-1,-1,0.847083,0.847083,7.132717,3.262201
24,3368,246.408777,342.867950,16.202217,7.790681,1,-1,-1,-1,0.847083,0.847083,7.132717,3.262201
24,3202,127.316120,129.964161,8.834317,5.927237,1,-1,-1,-1,0.654134,0.654134,3.118101,2.701564
25,3374,300.288692,343.288013,16.218806,8.032478,1,-1,-1,-1,0.780933,0.780933,6.225018,2.988460
25,3373,140.211312,332.725966,18.147748,8.359000,1,-1,-1,-1,0.780933,0.780933,6.225018,2.988460
25,3372,-95.766506,130.647929,15.692706,7.974170,1,-1,-1,-1,0.780933,0.780933,6.225018,2.988460
25,3368,254.068456,342.868914,16.218116,7.795684,1,-1,-1,-1,0.780933,0.780933,6.225018,2.988460
25,3202,127.325197,129.981601,8.836045,5.928113,1,-1,-1,-1,0.653921,0.653921,3.096395,2.701563
26,3374,308.094869,343.302936,16.323839,8.134309,1,-1,-1,-1,0.739812,0.739812,5.560040,2.851250
26,3372,-87.444248,130.581884,15.764661,7.972248,1,-1,-1,-1,0.739812,0.739812,5.560040,2.851250
26,3368,261.980996,342.870372,16.233769,7.802920,1,-1,-1,-1,0.739812,0.739812,5.560040,2.851250
26,3202,127.313525,129.968488,8.834400,5.928615,1,-1,-1,-1,0.653747,0.653747,3.076849,2.701563
27,3393,198.414161,341.730047,16.710835,14.838166,1,-1,-1,-1,0.847083,0.847083,7.132717,3.262201
27,3374,316.338413,343.266558,16.484521,8.227604,1,-1,-1,-1,0.714060,0.714060,5.062690,2.780435
27,3372,-79.353132,130.518137,15.940337,8.077121,1,-1,-1,-1,0.714060,0.714060,5.062690,2.780435
27,3368,270.171904,342.869749,16.224263,7.800716,1,-1,-1,-1,0.714060,0.714060,5.062690,2.780435
27,3202,127.320830,129.974687,8.830058,5.925984,1,-1,-1,-1,0.653605,0.653605,3.059169,2.701562
28,3374,324.920283,343.335738,16.453523,8.278617,1,-1,-1,-1,0.697349,0.697349,4.683127,2.743335
28,3368,278.685063,342.869775,16.218433,7.799597,1,-1,-1,-1,0.697349,0.697349,4.683127,2.743335
28,3202,127.319592,129.972704,8.830050,5.927074,1,-1,-1,-1,0.653490,0.653490,3.043111,2.701562
29,3410,65.518194,348.534761,18.933105,8.570099,1,-1,-1,-1,0.847083,0.847083,7.132717,3.262201
29,3374,333.727720,343.360630,16.524979,8.334336,1,-1,-1,-1,0.686065,0.686065,4.388218,2.723746
29,3368,287.492078,342.867679,16.223680,7.796677,1,-1,-1,-1,0.686065,0.686065,4.388218,2.723746
29,3202,127.319189,129.971736,8.830041,5.927867,1,-1,-1,-1,0.653396,0.653396,3.028469,2.701562
30,3416,177.737891,131.107970,16.109899,7.537299,1,-1,-1,-1,0.847083,0.847083,7.132717,3.262201
30,3410,74.370480,348.880597,18.274394,8.481629,1,-1,-1,-1,0.780933,0.780933,6.225018,2.988460
30,3374,342.919215,343.175789,16.522869,8.271830,1,-1,-1,-1,0.678159,0.678159,4.155461,2.713360
30,3368,296.594442,342.867822,16.220711,7.793918,1,-1,-1,-1,0.678159,0.678159,4.155461,2.713360
30,3202,127.312566,129.971209,8.830032,5.928445,1,-1,-1,-1,0.653319,0.653319,3.015070,2.701562
31,3421,170.388362,117.283251,18.025915,8.404897,1,-1,-1,-1,0.847083,0.847083,7.132717,3.262201
31,3416,178.695533,131.275935,16.955733,7.915711,1,-1,-1,-1,0.780933,0.780933,6.225018,2.988460
31,3410,83.867089,348.843850,18.614091,8.466923,1,-1,-1,-1,0.739812,0.739812,5.560040,2.851250
31,3374,352.213724,343.122485,16.474704,8.272084,1,-1,-1,-1,0.672446,0.672446,3.969193,2.707841
31,3368,305.955635,342.869881,16.223615,7.795751,1,-1,-1,-1,0.672446,0.672446,3.969193,2.707841
31,3202,127.289395,129.966044,8.838809,5.932026,1,-1,-1,-1,0.653256,0.653256,3.002767,2.701562
32,3421,179.332250,117.251993,18.010966,8.378594,1,-1,-1,-1,0.780933,0.780933,6.225018,2.988460
32,3410,93.621124,348.688696,18.577519,8.340092,1,-1,-1,-1,0.714060,0.714060,5.062690,2.780435
32,3374,361.750433,342.915354,16.505655,8.261781,1,-1,-1,-1,0.668212,0.668212,3.818265,2.704905
32,3368,315.443520,342.870283,16.228823,7.797274,1,-1,-1,-1,0.668212,0.668212,3.818265,2.704905
32,3202,127.308265,129.955186,8.839256,5.931563,1,-1,-1,-1,0.653205,0.653205,2.991436,2.701562
33,3421,189.299115,117.216784,17.737739,8.178531,1,-1,-1,-1,0.739812,0.739812,5.560040,2.851250
33,3410,103.208206,348.874005,17.915395,8.156458,1,-1,-1,-1,0.697349,0.697349,4.683127,2.743335
33,3374,371.375631,342.916961,16.294222,8.124122,1,-1,-1,-1,0.665009,0.665009,3.694582,2.703342
33,3368,324.978475,342.870487,16.226015,7.797807,1,-1,-1,-1,0.665009,0.665009,3.694582,2.703342
33,3202,127.311854,129.955935,8.833691,5.928196,1,-1,-1,-1,0.653163,0.653163,2.980969,2.701562
34,3421,198.141814,117.342469,17.675833,8.255931,1,-1,-1,-1,0.714060,0.714060,5.062690,2.780435
34,3410,112.884061,348.618632,17.433863,7.991421,1,-1,-1,-1,0.686065,0.686065,4.388218,2.723746
34,3374,380.959944,343.019573,16.253146,8.053465,1,-1,-1,-1,0.662548,0.662548,3.592165,2.702510
34,3368,334.529251,342.858327,16.230705,7.789404,1,-1,-1,-1,0.662548,0.662548,3.592165,2.702510
34,3202,127.322509,129.965164,8.832689,5.928680,1,-1,-1,-1,0.653129,0.653129,2.971273,2.701562
35,3421,207.668041,117.112688,17.623372,8.195612,1,-1,-1,-1,0.697349,0.697349,4.683127,2.743335
35,3410,122.256923,348.786053,17.417719,8.022998,1,-1,-1,-1,0.678159,0.678159,4.155461,2.713360
35,3374,390.370720,342.971435,16.251643,8.008477,1,-1,-1,-1,0.660633,0.660633,3.506534,2.702067
35,3368,343.999567,342.871535,16.248494,7.790413,1,-1,-1,-1,0.660633,0.660633,3.506534,2.702067
35,3202,127.328609,129.962023,8.834791,5.929122,1,-1,-1,-1,0.653101,0.653101,2.962268,2.701562
36,3421,216.445262,116.969296,16.899109,7.917201,1,-1,-1,-1,0.686065,0.686065,4.388218,2.723746
36,3410,131.247713,348.477615,16.772972,7.904425,1,-1,-1,-1,0.672446,0.672446,3.969193,2.707841
36,3374,399.561483,343.047187,16.210928,8.007693,1,-1,-1,-1,0.659128,0.659128,3.434287,2.701831
36,3368,353.051764,342.874027,16.241205,7.795885,1,-1,-1,-1,0.659128,0.659128,3.434287,2.701831
36,3202,127.317501,129.960757,8.836317,5.929439,1,-1,-1,-1,0.653078,0.653078,2.953887,2.701562
37,3469,180.764440,131.133097,16.741402,7.707736,1,-1,-1,-1,0.847083,0.847083,7.132717,3.262201
37,3421,225.210837,117.244930,17.647948,8.275028,1,-1,-1,-1,0.678159,0.678159,4.155461,2.713360
37,3410,139.742325,348.962114,17.607571,8.240560,1,-1,-1,-1,0.668212,0.668212,3.818265,2.704905
37,3374,407.810490,343.386055,16.269828,8.084030,1,-1,-1,-1,0.657936,0.657936,3.372813,2.701705
37,3368,361.470677,342.870403,16.237454,7.793948,1,-1,-1,-1,0.657936,0.657936,3.372813,2.701705
37,3202,127.326085,129.966762,8.837425,5.929667,1,-1,-1,-1,0.653059,0.653059,2.946067,2.701562
38,3469,181.308464,131.060769,15.894653,7.555437,1,-1,-1,-1,0.780933,0.780933,6.225018,2.988460
38,3463,205.367242,116.888985,17.777510,8.002094,1,-1,-1,-1,0.739820,0.739820,5.643614,3.065463
38,3421,233.098142,117.063590,17.666985,8.263994,1,-1,-1,-1,0.672446,0.672446,3.969193,2.707841
38,3410,147.638990,349.338477,17.928344,8.534783,1,-1,-1,-1,0.665009,0.665009,3.694582,2.703342
38,3374,415.457375,342.943630,16.217181,8.023652,1,-1,-1,-1,0.656986,0.656986,3.320085,2.701638
38,3368,369.195803,342.869579,16.225788,7.792140,1,-1,-1,-1,0.656986,0.656986,3.320085,2.701638
38,3202,127.333923,129.960658,8.835235,5.926930,1,-1,-1,-1,0.653044,0.653044,2.938756,2.701562
39,3493,26.904398,117.031243,16.584862,7.800466,1,-1,-1,-1,0.847083,0.847083,7.132717,3.262201
39,3492,262.439226,332.600831,17.501092,8.185864,1,-1,-1,-1,0.847083,0.847083,7.132717,3.262201
39,3469,181.207619,130.784483,15.167323,7.346314,1,-1,-1,-1,0.739812,0.739812,5.560040,2.851250
39,3463,211.754389,117.210438,18.169064,8.211782,1,-1,-1,-1,0.714526,0.714526,5.071875,2.890387
39,3421,240.415735,117.308277,17.840691,8.310525,1,-1,-1,-1,0.668212,0.668212,3.818265,2.704905
39,3410,154.406789,349.204489,18.386561,8.712292,1,-1,-1,-1,0.662548,0.662548,3.592165,2.702510
39,3374,422.439717,343.216493,16.334057,8.109652,1,-1,-1,-1,0.656225,0.656225,3.274518,2.701603
39,3368,376.175662,342.875640,16.238383,7.791873,1,-1,-1,-1,0.656225,0.656225,3.274518,2.701603
39,3202,127.337261,129.952287,8.833646,5.924940,1,-1,-1,-1,0.653031,0.653031,2.931907,2.701562
40,3502,163.488003,116.801526,17.278627,7.773622,1,-1,-1,-1,0.847083,0.847083,7.132717,3.262201
40,3497,133.547014,349.327827,16.990484,8.499729,1,-1,-1,-1,0.847083,0.847083,7.132717,3.262201
40,3493,33.058569,117.049808,16.386295,7.709716,1,-1,-1,-1,0.780933,0.780933,6.225018,2.988460
40,3492,268.583947,332.612383,17.429584,8.139151,1,-1,-1,-1,0.780933,0.780933,6.225018,2.988460
40,3469,181.332591,130.622722,15.229443,7.419046,1,-1,-1,-1,0.714060,0.714060,5.062690,2.780435
40,3463,218.108730,117.063054,18.503877,8.297272,1,-1,-1,-1,0.698056,0.698056,4.683243,2.800777
40,3421,246.344426,117.487181,17.672148,8.312931,1,-1,-1,-1,0.665009,0.665009,3.694582,2.703342
40,3410,160.325847,349.111589,18.549133,8.762686,1,-1,-1,-1,0.660633,0.660633,3.506534,2.702067
40,3374,428.615516,343.277681,16.396854,8.166901,1,-1,-1,-1,0.655613,0.655613,3.234861,2.701584
40,3368,382.423552,342.871908,16.226693,7.790734,1,-1,-1,-1,0.655613,0.655613,3.234861,2.701584
40,3202,127.349975,129.956047,8.829682,5.923420,1,-1,-1,-1,0.653021,0.653021,2.925479,2.701562
41,3469,180.705104,133.047037,15.839688,7.855547,1,-1,-1,-1,0.697349,0.697349,4.683127,2.743335
41,3202,127.342385,129.957771,8.826800,5.922318,1,-1,-1,-1,0.653013,0.653013,2.919436,2.701562
42,3202,127.328678,129.953936,8.827675,5.924399,1,-1,-1,-1,0.653006,0.653006,2.913746,2.701562
43,3202,127.318645,129.958636,8.831115,5.925986,1,-1,-1,-1,0.653000,0.653000,2.908379,2.701562
44,3202,127.354455,129.971460,8.825061,5.924136,1,-1,-1,-1,0.652996,0.652996,2.903309,2.701562
45,3202,127.357900,129.970080,8.823456,5.922859,1,-1,-1,-1,0.652992,0.652992,2.898514,2.701562
46,3202,127.359420,129.969753,8.822293,5.921933,1,-1,-1,-1,0.652989,0.652989,2.893973,2.701562
47,3202,127.366664,129.969773,8.821451,5.921261,1,-1,-1,-1,0.652986,0.652986,2.889667,2.701562
48,3202,127.362959,129.969882,8.820842,5.920775,1,-1,-1,-1,0.652984,0.652984,2.885579,2.701562
49,3202,127.341999,129.976525,8.820404,5.920424,1,-1,-1,-1,0.652983,0.652983,2.881694,2.701562
50,3202,127.353677,129.972558,8.820089,5.920171,1,-1,-1,-1,0.652981,0.652981,2.877997,2.701562
51,3202,127.345098,129.964543,8.819864,5.919990,1,-1,-1,-1,0.652980,0.652980,2.874476,2.701562
52,3605,-51.164675,201.754795,9.096874,17.930455,1,-1,-1,-1,0.847083,0.847083,7.132717,3.262201
52,3202,127.335335,129.968057,8.819705,5.919861,1,-1,-1,-1,0.652979,0.652979,2.871119,2.701562
53,3611,172.168472,175.672092,8.058259,15.572479,1,-1,-1,-1,0.847083,0.847083,7.132717,3.262201
53,3202,127.331670,129.969418,8.819593,5.919770,1,-1,-1,-1,0.652978,0.652978,2.867916,2.701562
54,3611,178.313238,175.676039,7.829597,15.296391,1,-1,-1,-1,0.780933,0.780933,6.225018,2.988460
54,3202,127.330331,129.969948,8.819515,5.919706,1,-1,-1,-1,0.652978,0.652978,2.864857,2.701562
55,3634,-82.260126,364.575114,15.206036,8.101283,1,-1,-1,-1,0.847083,0.847083,7.132717,3.262201
55,3628,23.368941,130.591695,14.861704,7.189668,1,-1,-1,-1,0.847083,0.847083,7.132717,3.262201
55,3611,185.195921,175.418215,7.674007,15.100458,1,-1,-1,-1,0.739812,0.739812,5.560040,2.851250
55,3202,127.342934,129.970154,8.819463,5.919662,1,-1,-1,-1,0.652977,0.652977,2.861934,2.701562
56,3634,-75.019700,364.354849,14.819044,7.806946,1,-1,-1,-1,0.780933,0.780933,6.225018,2.988460
56,3628,30.102275,130.589199,14.865435,7.190373,1,-1,-1,-1,0.780933,0.780933,6.225018,2.988460
56,3611,192.003614,175.193790,7.599478,14.974873,1,-1,-1,-1,0.714060,0.714060,5.062690,2.780435
56,3202,127.341218,129.970234,8.819428,5.919633,1,-1,-1,-1,0.652977,0.652977,2.859137,2.701562
57,3634,-68.499943,364.747094,15.333007,7.993399,1,-1,-1,-1,0.739812,0.739812,5.560040,2.851250
57,3628,37.070409,130.596662,14.859053,7.189308,1,-1,-1,-1,0.739812,0.739812,5.560040,2.851250
57,3611,199.104146,175.182113,7.603857,15.046997,1,-1,-1,-1,0.697349,0.697349,4.683127,2.743335
57,3202,127.347102,129.970263,8.819407,5.919614,1,-1,-1,-1,0.652977,0.652977,2.856459,2.701562
58,3634,-61.831951,364.604759,15.334977,7.920891,1,-1,-1,-1,0.714060,0.714060,5.062690,2.780435
58,3628,43.786987,130.591891,14.859208,7.189448,1,-1,-1,-1,0.714060,0.714060,5.062690,2.780435
58,3611,205.639782,175.341822,7.851281,15.190706,1,-1,-1,-1,0.686065,0.686065,4.388218,2.723746
58,3202,127.353988,129.970297,8.816617,5.919551,1,-1,-1,-1,0.652976,0.652976,2.853893,2.701562
59,3634,-55.657374,364.551033,15.422227,7.951110,1,-1,-1,-1,0.697349,0.697349,4.683127,2.743335
59,3628,50.106290,130.598847,14.861326,7.193260,1,-1,-1,-1,0.697349,0.697349,4.683127,2.743335
59,3611,211.911427,175.537518,7.970639,15.574403,1,-1,-1,-1,0.678159,0.678159,4.155461,2.713360
59,3202,127.358945,129.976819,8.817363,5.919560,1,-1,-1,-1,0.652976,0.652976,2.851434,2.701562
60,3634,-50.011626,364.477915,15.554388,7.994389,1,-1,-1,-1,0.686065,0.686065,4.388218,2.723746
60,3628,55.971071,130.601240,14.855171,7.194925,1,-1,-1,-1,0.686065,0.686065,4.388218,2.723746
60,3611,217.832441,176.078517,8.268696,16.248139,1,-1,-1,-1,0.672446,0.672446,3.969193,2.707841
60,3202,127.354131,129.972750,8.817910,5.919568,1,-1,-1,-1,0.652976,0.652976,2.849075,2.701562
61,3634,-44.702844,364.545588,15.578944,8.037914,1,-1,-1,-1,0.678159,0.678159,4.155461,2.713360
61,3628,61.368539,130.600437,14.842468,7.192059,1,-1,-1,-1,0.678159,0.678159,4.155461,2.713360
61,3611,223.023830,176.140660,8.375183,16.405918,1,-1,-1,-1,0.668212,0.668212,3.818265,2.704905
61,3202,127.356824,129.971211,8.815539,5.919527,1,-1,-1,-1,0.652976,0.652976,2.846809,2.701562
62,3634,-39.684211,364.363715,15.473357,7.907983,1,-1,-1,-1,0.672446,0.672446,3.969193,2.707841
62,3628,66.322018,130.591718,14.839373,7.187614,1,-1,-1,-1,0.672446,0.672446,3.969193,2.707841
62,3611,228.146303,175.719900,8.246103,16.259659,1,-1,-1,-1,0.665009,0.665009,3.694582,2.703342
62,3202,127.347053,129.970601,8.816586,5.919549,1,-1,-1,-1,0.652976,0.652976,2.844634,2.701562
63,3634,-35.647883,364.238396,15.953405,7.952769,1,-1,-1,-1,0.668212,0.668212,3.818265,2.704905
63,3628,70.861183,130.597009,14.851787,7.188950,1,-1,-1,-1,0.668212,0.668212,3.818265,2.704905
63,3611,232.847642,175.357145,8.187446,16.309423,1,-1,-1,-1,0.662548,0.662548,3.592165,2.702510
63,3202,127.336615,129.970363,8.817353,5.919567,1,-1,-1,-1,0.652976,0.652976,2.842542,2.701562
64,3634,-31.465397,364.798492,16.142761,8.124683,1,-1,-1,-1,0.665009,0.665009,3.694582,2.703342
64,3628,74.981877,130.590977,14.846643,7.185583,1,-1,-1,-1,0.665009,0.665009,3.694582,2.703342
64,3611,237.141946,174.701216,7.971238,15.977447,1,-1,-1,-1,0.660633,0.660633,3.506534,2.702067
64,3202,127.327883,129.970243,8.820687,5.919628,1,-1,-1,-1,0.652975,0.652975,2.840531,2.701562
65,3730,22.674639,231.803535,8.961064,19.308537,1,-1,-1,-1,0.847083,0.847083,7.132717,3.262201
65,3728,30.115792,475.338391,8.866997,19.404292,1,-1,-1,-1,0.847083,0.847083,7.132717,3.262201
65,3634,-27.435853,364.542027,16.015679,8.032486,1,-1,-1,-1,0.662548,0.662548,3.592165,2.702510
65,3628,78.680088,130.599788,14.883771,7.195341,1,-1,-1,-1,0.662548,0.662548,3.592165,2.702510
65,3611,241.068679,176.687873,8.171323,16.778445,1,-1,-1,-1,0.659128,0.659128,3.434287,2.701831
65,3202,127.335204,129.970210,8.820350,5.919627,1,-1,-1,-1,0.652975,0.652975,2.838596,2.701562
66,3730,25.938770,226.529086,8.960958,18.852140,1,-1,-1,-1,0.780933,0.780933,6.225018,2.988460
66,3728,33.287034,475.274865,8.996378,19.710297,1,-1,-1,-1,0.780933,0.780933,6.225018,2.988460
66,3634,-23.971349,364.551383,15.911240,7.997964,1,-1,-1,-1,0.660633,0.660633,3.506534,2.702067
66,3628,82.018130,130.601113,14.871575,7.196418,1,-1,-1,-1,0.660633,0.660633,3.506534,2.702067
66,3611,244.060515,176.080583,8.062252,16.550015,1,-1,-1,-1,0.657936,0.657936,3.372813,2.701705
66,3202,127.338080,129.970196,8.820108,5.919629,1,-1,-1,-1,0.652975,0.652975,2.836732,2.701562
67,3747,245.210232,79.414934,8.236235,15.829420,1,-1,-1,-1,0.847083,0.847083,7.132717,3.262201
67,3744,-42.195866,364.567749,9.822354,7.361375,1,-1,-1,-1,0.847083,0.847083,7.132717,3.262201
67,3743,34.859778,411.489547,7.894351,16.299809,1,-1,-1,-1,0.847083,0.847083,7.132717,3.262201
67,3730,29.150878,222.430777,9.016678,18.723132,1,-1,-1,-1,0.739812,0.739812,5.560040,2.851250
67,3634,-20.886165,364.555583,15.897572,8.005242,1,-1,-1,-1,0.659128,0.659128,3.434287,2.701831
67,3628,85.006031,130.621345,14.875080,7.210045,1,-1,-1,-1,0.659128,0.659128,3.434287,2.701831
67,3611,247.089505,175.730019,8.282647,16.656890,1,-1,-1,-1,0.656986,0.656986,3.320085,2.701638
67,3202,127.326173,129.963660,8.819933,5.919631,1,-1,-1,-1,0.652975,0.652975,2.834938,2.701562
68,3750,48.536294,319.696258,7.928290,16.868438,1,-1,-1,-1,0.847083,0.847083,7.132717,3.262201
68,3747,248.129417,79.477341,7.835460,15.171654,1,-1,-1,-1,0.780933,0.780933,6.225018,2.988460
68,3744,-39.309753,364.544600,9.574402,7.107550,1,-1,-1,-1,0.780933,0.780933,6.225018,2.988460
68,3743,37.419125,408.138708,7.888102,16.292831,1,-1,-1,-1,0.780933,0.780933,6.225018,2.988460
68,3730,31.405576,218.983364,9.544697,19.363089,1,-1,-1,-1,0.714060,0.714060,5.062690,2.780435
68,3634,-18.191186,364.638668,15.925233,8.063754,1,-1,-1,-1,0.657936,0.657936,3.372813,2.701705
68,3628,87.668864,130.608487,14.862821,7.209995,1,-1,-1,-1,0.657936,0.657936,3.372813,2.701705
68,3202,127.339420,129.967737,8.817041,5.919591,1,-1,-1,-1,0.652975,0.652975,2.833208,2.701562
69,3754,30.152177,115.200529,8.632705,19.014704,1,-1,-1,-1,0.847083,0.847083,7.132717,3.262201
69,3750,50.777139,319.509364,8.203940,17.171528,1,-1,-1,-1,0.780933,0.780933,6.225018,2.988460
69,3747,251.039521,79.470797,7.765090,15.296979,1,-1,-1,-1,0.739812,0.739812,5.560040,2.851250
69,3744,-36.682475,364.167893,9.347792,6.855878,1,-1,-1,-1,0.739812,0.739812,5.560040,2.851250
69,3743,39.679003,404.474311,7.889575,16.296800,1,-1,-1,-1,0.739812,0.739812,5.560040,2.851250
69,3730,33.274887,215.820363,9.807735,19.997912,1,-1,-1,-1,0.697349,0.697349,4.683127,2.743335
69,3634,-16.173025,364.789484,16.107089,8.130627,1,-1,-1,-1,0.656986,0.656986,3.320085,2.701638
69,3628,90.012402,130.601662,14.856349,7.207146,1,-1,-1,-1,0.656986,0.656986,3.320085,2.701638
69,3202,127.340336,129.969282,8.817701,5.919608,1,-1,-1,-1,0.652975,0.652975,2.831540,2.701562
70,3754,32.300070,107.421405,8.397991,18.712184,1,-1,-1,-1,0.780933,0.780933,6.225018,2.988460
70,3750,52.872702,319.610512,8.209032,17.348834,1,-1,-1,-1,0.739812,0.739812,5.560040,2.851250
70,3744,-34.353335,364.381052,9.214638,6.694512,1,-1,-1,-1,0.714060,0.714060,5.062690,2.780435
70,3743,41.657807,400.453949,7.890917,16.277740,1,-1,-1,-1,0.714060,0.714060,5.062690,2.780435
70,3730,35.123437,211.088728,9.985718,20.247675,1,-1,-1,-1,0.686065,0.686065,4.388218,2.723746
70,3728,43.403494,469.480594,9.250284,19.698591,1,-1,-1,-1,0.688211,0.688211,4.634376,2.867717
70,3634,-14.003895,364.648216,15.999998,8.106293,1,-1,-1,-1,0.656225,0.656225,3.274518,2.701603
70,3628,92.065014,130.599236,14.863673,7.205665,1,-1,-1,-1,0.656225,0.656225,3.274518,2.701603
70,3202,127.353634,129.963338,8.818185,5.919622,1,-1,-1,-1,0.652975,0.652975,2.829932,2.701562
71,3758,38.386075,245.493792,8.086563,16.590859,1,-1,-1,-1,0.847083,0.847083,7.132717,3.262201
71,3754,33.774505,99.557773,8.605785,19.065995,1,-1,-1,-1,0.739812,0.739812,5.560040,2.851250
71,3744,-32.704486,364.501654,9.355270,6.833569,1,-1,-1,-1,0.697349,0.697349,4.683127,2.743335
71,3743,43.366119,396.162273,7.895678,16.291267,1,-1,-1,-1,0.697349,0.697349,4.683127,2.743335
71,3730,37.091486,204.996931,9.489404,19.624160,1,-1,-1,-1,0.678159,0.678159,4.155461,2.713360
71,3728,45.140255,467.803322,9.226084,19.882800,1,-1,-1,-1,0.678372,0.678372,4.255267,2.789008
71,3634,-12.183761,364.566783,15.939628,8.113350,1,-1,-1,-1,0.655613,0.655613,3.234861,2.701584
71,3628,93.848170,130.598639,14.865973,7.204419,1,-1,-1,-1,0.655613,0.655613,3.234861,2.701584
71,3202,127.352053,129.967616,8.818540,5.919633,1,-1,-1,-1,0.652975,0.652975,2.828379,2.701562
72,3758,40.144963,241.955957,7.980936,16.205209,1,-1,-1,-1,0.780933,0.780933,6.225018,2.988460
72,3754,35.043265,90.758358,8.827082,18.862394,1,-1,-1,-1,0.714060,0.714060,5.062690,2.780435
72,3744,-31.161698,365.564533,9.871071,7.393420,1,-1,-1,-1,0.686065,0.686065,4.388218,2.723746
72,3743,44.833790,391.547478,7.897642,16.292545,1,-1,-1,-1,0.686065,0.686065,4.388218,2.723746
72,3730,38.528754,200.004649,9.283670,19.481975,1,-1,-1,-1,0.672446,0.672446,3.969193,2.707841
72,3728,46.619530,465.920232,9.175295,20.007272,1,-1,-1,-1,0.672455,0.672455,4.009160,2.747847
72,3634,-10.590352,364.860347,16.025355,8.260430,1,-1,-1,-1,0.655120,0.655120,3.200116,2.701574
72,3628,95.401816,130.590337,14.864160,7.200423,1,-1,-1,-1,0.655120,0.655120,3.200116,2.701574
72,3202,127.357888,129.969249,8.818802,5.919643,1,-1,-1,-1,0.652975,0.652975,2.826881,2.701562
73,3758,40.971377,238.145705,8.168672,16.394199,1,-1,-1,-1,0.739812,0.739812,5.560040,2.851250
73,3754,35.863518,82.139737,9.132161,19.206486,1,-1,-1,-1,0.697349,0.697349,4.683127,2.743335
73,3743,46.059810,386.607076,7.895119,16.288215,1,-1,-1,-1,0.678159,0.678159,4.155461,2.713360
73,3730,39.864176,194.931540,9.170549,19.623144,1,-1,-1,-1,0.668212,0.668212,3.818265,2.704905
73,3728,47.749728,463.461738,9.147237,20.023073,1,-1,-1,-1,0.668213,0.668213,3.833491,2.726134
73,3634,-8.915937,364.765108,16.052775,8.211624,1,-1,-1,-1,0.654721,0.654721,3.169484,2.701568
73,3628,96.737449,130.592574,14.865349,7.194704,1,-1,-1,-1,0.654721,0.654721,3.169484,2.701568
73,3202,127.346961,129.969868,8.818995,5.919652,1,-1,-1,-1,0.652975,0.652975,2.825433,2.701562
74,3758,42.048367,233.680795,8.192048,16.304069,1,-1,-1,-1,0.714060,0.714060,5.062690,2.780435
74,3754,36.818575,73.051957,9.088255,19.097647,1,-1,-1,-1,0.686065,0.686065,4.388218,2.723746
74,3743,47.090799,381.350629,7.886457,16.279451,1,-1,-1,-1,0.672446,0.672446,3.969193,2.707841
74,3730,40.783590,188.978195,9.126952,19.725038,1,-1,-1,-1,0.665009,0.665009,3.694582,2.703342
74,3728,48.768691,460.661676,8.983194,19.756456,1,-1,-1,-1,0.665015,0.665015,3.699803,2.714627
74,3634,-7.840459,364.639346,15.945439,8.201069,1,-1,-1,-1,0.654397,0.654397,3.142321,2.701565
74,3628,97.863375,130.589752,14.863799,7.193382,1,-1,-1,-1,0.654397,0.654397,3.142321,2.701565
74,3202,127.342751,129.976628,8.819138,5.919660,1,-1,-1,-1,0.652975,0.652975,2.824034,2.701562
75,3758,43.301724,227.270075,7.877416,15.701770,1,-1,-1,-1,0.697349,0.697349,4.683127,2.743335
75,3754,37.927425,63.584041,9.117662,18.884980,1,-1,-1,-1,0.678159,0.678159,4.155461,2.713360
75,3743,47.937025,375.782077,7.883035,16.265310,1,-1,-1,-1,0.668212,0.668212,3.818265,2.704905
75,3730,41.807895,182.931050,9.075439,19.814077,1,-1,-1,-1,0.662548,0.662548,3.592165,2.702510
75,3634,-6.914082,364.924525,16.072008,8.433716,1,-1,-1,-1,0.654134,0.654134,3.118101,2.701564
75,3628,98.815796,130.588937,14.862688,7.192427,1,-1,-1,-1,0.654134,0.654134,3.118101,2.701564
75,3202,127.334595,129.979181,8.819244,5.919667,1,-1,-1,-1,0.652975,0.652975,2.822682,2.701562
76,3758,43.764583,221.779370,8.052348,15.742027,1,-1,-1,-1,0.686065,0.686065,4.388218,2.723746
76,3754,38.689648,53.965377,8.724385,18.648967,1,-1,-1,-1,0.672446,0.672446,3.969193,2.707841
76,3743,48.607463,369.913691,7.884055,16.256677,1,-1,-1,-1,0.665009,0.665009,3.694582,2.703342
76,3730,42.839486,176.345684,8.874118,19.711112,1,-1,-1,-1,0.660633,0.660633,3.506534,2.702067
76,3634,-6.093288,365.041645,16.041877,8.483476,1,-1,-1,-1,0.653921,0.653921,3.096395,2.701563
76,3628,99.612100,130.595366,14.861890,7.191737,1,-1,-1,-1,0.653921,0.653921,3.096395,2.701563
76,3202,127.331495,129.973593,8.819324,5.919673,1,-1,-1,-1,0.652975,0.652975,2.821375,2.701562
77,3758,44.136506,215.620807,8.119199,15.595896,1,-1,-1,-1,0.678159,0.678159,4.155461,2.713360
77,3754,39.173312,44.306297,8.595268,18.702643,1,-1,-1,-1,0.668212,0.668212,3.818265,2.704905
77,3743,49.131921,363.751250,7.888277,16.254688,1,-1,-1,-1,0.662548,0.662548,3.592165,2.702510
77,3730,44.163236,167.006953,8.628800,18.702822,1,-1,-1,-1,0.659128,0.659128,3.434287,2.701831
77,3634,-5.088908,364.899048,15.709750,8.363874,1,-1,-1,-1,0.653747,0.653747,3.076849,2.701563
77,3628,100.271666,130.597948,14.861316,7.191237,1,-1,-1,-1,0.653747,0.653747,3.076849,2.701563
77,3202,127.330335,129.971450,8.819384,5.919679,1,-1,-1,-1,0.652975,0.652975,2.820111,2.701562
78,3769,60.013968,265.048485,8.926180,19.761824,1,-1,-1,-1,0.847083,0.847083,7.132717,3.262201
78,3758,44.712656,209.769618,8.344810,15.609825,1,-1,-1,-1,0.672446,0.672446,3.969193,2.707841
78,3754,39.359600,33.922500,8.578836,18.756434,1,-1,-1,-1,0.665009,0.665009,3.694582,2.703342
78,3743,49.524730,357.257281,7.887832,16.246133,1,-1,-1,-1,0.660633,0.660633,3.506534,2.702067
78,3730,44.954508,161.385951,8.923137,19.192581,1,-1,-1,-1,0.657936,0.657936,3.372813,2.701705
78,3728,51.423353,448.731377,9.019479,20.092764,1,-1,-1,-1,0.659892,0.659892,3.580031,2.836548
78,3634,-4.402181,364.999363,15.541867,8.334170,1,-1,-1,-1,0.653605,0.653605,3.059169,2.701562
78,3628,100.809904,130.592443,14.863785,7.190962,1,-1,-1,-1,0.653605,0.653605,3.059169,2.701562
78,3202,127.329918,129.970628,8.819430,5.919685,1,-1,-1,-1,0.652975,0.652975,2.818887,2.701562
79,3769,60.381348,264.926024,8.860305,19.708962,1,-1,-1,-1,0.780933,0.780933,6.225018,2.988460
79,3758,44.868061,203.878042,8.299419,15.669491,1,-1,-1,-1,0.668212,0.668212,3.818265,2.704905
79,3743,49.808568,350.453507,7.883847,16.227093,1,-1,-1,-1,0.659128,0.659128,3.434287,2.701831
79,3730,46.164074,155.331972,10.147503,19.968619,1,-1,-1,-1,0.656986,0.656986,3.320085,2.701638
79,3728,52.052683,444.321568,9.183881,20.027698,1,-1,-1,-1,0.657175,0.657175,3.424856,2.772764
79,3634,-4.329182,365.094964,15.625577,8.356499,1,-1,-1,-1,0.653490,0.653490,3.043111,2.701562
79,3628,101.252496,130.596992,14.862705,7.190674,1,-1,-1,-1,0.653490,0.653490,3.043111,2.701562
79,3202,127.329786,129.970314,8.819465,5.919691,1,-1,-1,-1,0.652975,0.652975,2.817702,2.701562
80,3772,46.312825,244.203100,8.207497,17.456729,1,-1,-1,-1,0.847083,0.847083,7.132717,3.262201
80,3758,45.148297,196.986264,8.185969,15.390970,1,-1,-1,-1,0.665009,0.665009,3.694582,2.703342
80,3743,49.993823,343.397421,7.885353,16.235654,1,-1,-1,-1,0.657936,0.657936,3.372813,2.701705
80,3730,48.248811,147.934115,11.420729,20.254687,1,-1,-1,-1,0.656225,0.656225,3.274518,2.701603
80,3728,52.850183,440.248392,9.019472,19.824073,1,-1,-1,-1,0.656233,0.656233,3.328201,2.739293
80,3634,-4.346125,365.322479,15.794280,8.548905,1,-1,-1,-1,0.653396,0.653396,3.028469,2.701562
80,3628,101.604066,130.600576,14.865128,7.193411,1,-1,-1,-1,0.653396,0.653396,3.028469,2.701562
80,3202,127.323230,129.970193,8.819493,5.919696,1,-1,-1,-1,0.652975,0.652975,2.816556,2.701562
81,3772,46.229955,238.616576,8.574842,17.463240,1,-1,-1,-1,0.780933,0.780933,6.225018,2.988460
81,3758,45.382160,190.285283,8.089812,15.323893,1,-1,-1,-1,0.662548,0.662548,3.592165,2.702510
81,3743,50.099295,335.924322,7.884930,16.211684,1,-1,-1,-1,0.656986,0.656986,3.320085,2.701638
81,3730,50.774749,141.700337,13.110833,20.736249,1,-1,-1,-1,0.655613,0.655613,3.234861,2.701584
81,3728,54.006379,435.970811,8.933399,19.786914,1,-1,-1,-1,0.655619,0.655619,3.262675,2.721605
81,3634,-4.223722,365.062178,15.832514,8.430157,1,-1,-1,-1,0.653319,0.653319,3.015070,2.701562
81,3628,101.890640,130.593131,14.863680,7.192459,1,-1,-1,-1,0.653319,0.653319,3.015070,2.701562
81,3202,127.327304,129.976677,8.819515,5.919701,1,-1,-1,-1,0.652975,0.652975,2.815445,2.701562
82,3774,-25.456593,364.694000,10.161660,7.265989,1,-1,-1,-1,0.847083,0.847083,7.132717,3.262201
82,3773,63.129126,320.078425,8.355805,12.810122,1,-1,-1,-1,0.808479,0.808479,6.225062,3.298778
82,3772,46.168575,232.615201,8.669745,17.202128,1,-1,-1,-1,0.739812,0.739812,5.560040,2.851250
82,3758,45.349688,183.892429,8.366444,15.617639,1,-1,-1,-1,0.660633,0.660633,3.506534,2.702067
82,3743,50.134285,328.128060,7.887778,16.195158,1,-1,-1,-1,0.656225,0.656225,3.274518,2.701603
82,3730,54.369080,135.329452,15.007544,20.548319,1,-1,-1,-1,0.655120,0.655120,3.200116,2.701574
82,3728,54.728334,431.388211,8.874809,19.842429,1,-1,-1,-1,0.655131,0.655131,3.214716,2.712223
82,3634,-4.174222,365.177292,15.942020,8.502989,1,-1,-1,-1,0.653256,0.653256,3.002767,2.701562
82,3628,102.121158,130.600687,14.863261,7.197467,1,-1,-1,-1,0.653256,0.653256,3.002767,2.701562
82,3202,127.322356,129.972601,8.819533,5.919706,1,-1,-1,-1,0.652975,0.652975,2.814369,2.701562
83,3774,-25.085607,364.919263,10.063590,7.243008,1,-1,-1,-1,0.780933,0.780933,6.225018,2.988460
83,3773,63.327066,320.327579,8.403098,13.795571,1,-1,-1,-1,0.761768,0.761768,5.587838,3.006395
83,3772,46.340759,227.152356,8.723525,17.122179,1,-1,-1,-1,0.714060,0.714060,5.062690,2.780435
83,3758,45.182166,176.750798,8.332158,15.576312,1,-1,-1,-1,0.659128,0.659128,3.434287,2.701831
83,3743,50.102493,320.058349,7.888293,16.212453,1,-1,-1,-1,0.655613,0.655613,3.234861,2.701584
83,3730,59.048273,128.773970,16.897695,19.538265,1,-1,-1,-1,0.654721,0.654721,3.169484,2.701568
83,3728,55.505373,425.675717,9.118302,19.532701,1,-1,-1,-1,0.654733,0.654733,3.177300,2.707236
83,3634,-3.948441,365.127450,15.995765,8.480463,1,-1,-1,-1,0.653205,0.653205,2.991436,2.701562
83,3628,102.300792,130.601018,14.848380,7.197911,1,-1,-1,-1,0.653205,0.653205,2.991436,2.701562
83,3202,127.327039,129.971040,8.819547,5.919710,1,-1,-1,-1,0.652975,0.652975,2.813325,2.701562
84,3774,-24.385801,364.571162,9.930852,7.188449,1,-1,-1,-1,0.739812,0.739812,5.560040,2.851250
84,3773,63.449310,321.772375,8.615978,15.124743,1,-1,-1,-1,0.729260,0.729260,5.118443,2.860404
84,3772,45.974284,221.413648,9.072148,17.113468,1,-1,-1,-1,0.697349,0.697349,4.683127,2.743335
84,3758,45.011160,170.157824,8.296970,15.507071,1,-1,-1,-1,0.657936,0.657936,3.372813,2.701705
84,3743,50.032976,311.772025,7.900555,16.230063,1,-1,-1,-1,0.655120,0.655120,3.200116,2.701574
84,3730,63.914732,123.694132,18.885795,17.527828,1,-1,-1,-1,0.654397,0.654397,3.142321,2.701565
84,3728,54.996150,419.913490,9.274209,19.228096,1,-1,-1,-1,0.654409,0.654409,3.146638,2.704583
84,3634,-3.888253,364.999949,15.994059,8.451705,1,-1,-1,-1,0.653163,0.653163,2.980969,2.701562
84,3628,102.437844,130.590717,14.845512,7.192772,1,-1,-1,-1,0.653163,0.653163,2.980969,2.701562
84,3202,127.328848,129.970444,8.819560,5.919715,1,-1,-1,-1,0.652975,0.652975,2.812314,2.701562
85,3773,63.573080,320.771623,8.541627,15.477371,1,-1,-1,-1,0.707694,0.707694,4.751699,2.785203
85,3772,46.246167,215.300918,9.010341,17.028769,1,-1,-1,-1,0.686065,0.686065,4.388218,2.723746
85,3758,44.334526,163.567091,8.856546,15.891675,1,-1,-1,-1,0.656986,0.656986,3.320085,2.701638
85,3743,49.900473,303.498538,7.903602,16.244553,1,-1,-1,-1,0.654721,0.654721,3.169484,2.701568
85,3730,70.612798,119.252484,19.860083,15.476203,1,-1,-1,-1,0.654134,0.654134,3.118101,2.701564
85,3728,55.265675,412.857833,11.176001,19.112820,1,-1,-1,-1,0.654144,0.654144,3.120606,2.703171
85,3634,-3.762029,364.797814,16.042822,8.367996,1,-1,-1,-1,0.653129,0.653129,2.971273,2.701562
85,3628,102.546054,130.596012,14.849399,7.192010,1,-1,-1,-1,0.653129,0.653129,2.971273,2.701562
85,3202,127.329554,129.970218,8.819570,5.919719,1,-1,-1,-1,0.652975,0.652975,2.811334,2.701562
86,3773,63.729828,320.910264,8.564763,15.940589,1,-1,-1,-1,0.693227,0.693227,4.458919,2.745845
86,3772,46.256864,209.070852,8.853516,16.880579,1,-1,-1,-1,0.678159,0.678159,4.155461,2.713360
86,3758,42.708830,157.480798,9.464073,16.193318,1,-1,-1,-1,0.656225,0.656225,3.274518,2.701603
86,3743,49.773769,295.134747,7.882857,16.181793,1,-1,-1,-1,0.654397,0.654397,3.142321,2.701565
86,3730,77.970191,116.239578,20.345403,13.735544,1,-1,-1,-1,0.653921,0.653921,3.096395,2.701563
86,3634,-3.657730,364.860316,16.148199,8.384097,1,-1,-1,-1,0.653101,0.653101,2.962268,2.701562
86,3628,102.603690,130.591420,14.872057,7.191892,1,-1,-1,-1,0.653101,0.653101,2.962268,2.701562
86,3202,127.329835,129.970134,8.819580,5.919723,1,-1,-1,-1,0.652975,0.652975,2.810383,2.701562
87,3778,62.775465,264.901576,7.497563,14.865068,1,-1,-1,-1,0.847083,0.847083,7.132717,3.262201
87,3773,63.899887,320.775307,8.525175,16.214460,1,-1,-1,-1,0.683248,0.683248,4.222594,2.725074
87,3772,46.032627,203.149503,8.896560,16.961173,1,-1,-1,-1,0.672446,0.672446,3.969193,2.707841
87,3758,40.218013,151.100756,10.443670,16.653814,1,-1,-1,-1,0.655613,0.655613,3.234861,2.701584
87,3743,49.595653,287.060482,7.881095,16.181976,1,-1,-1,-1,0.654134,0.654134,3.118101,2.701564
87,3634,-3.602933,364.813223,16.097319,8.355940,1,-1,-1,-1,0.653078,0.653078,2.953887,2.701562
87,3628,102.648459,130.606609,14.877761,7.197193,1,-1,-1,-1,0.653078,0.653078,2.953887,2.701562
87,3202,127.343011,129.970104,8.819588,5.919728,1,-1,-1,-1,0.652975,0.652975,2.809460,2.701562
88,3778,62.843770,265.119567,7.595007,15.117664,1,-1,-1,-1,0.780933,0.780933,6.225018,2.988460
88,3773,63.942920,321.166761,8.497809,16.549773,1,-1,-1,-1,0.676155,0.676155,4.030254,2.714065
88,3772,46.102615,197.409418,8.677010,17.006078,1,-1,-1,-1,0.668212,0.668212,3.818265,2.704905
88,3758,36.297231,145.820538,12.113135,17.058900,1,-1,-1,-1,0.655120,0.655120,3.200116,2.701574
88,3743,49.430485,279.047169,7.879289,16.164805,1,-1,-1,-1,0.653921,0.653921,3.096395,2.701563
88,3634,-3.540104,364.993955,16.201973,8.346713,1,-1,-1,-1,0.653059,0.653059,2.946067,2.701562
88,3628,102.673438,130.623486,14.888328,7.209625,1,-1,-1,-1,0.653059,0.653059,2.946067,2.701562
88,3202,127.346118,129.976641,8.816841,5.919696,1,-1,-1,-1,0.652975,0.652975,2.808564,2.701562
89,3778,62.884228,264.926337,7.586483,15.090141,1,-1,-1,-1,0.739812,0.739812,5.560040,2.851250
89,3777,63.555043,293.762927,8.015646,18.131029,1,-1,-1,-1,0.729376,0.729376,5.263327,3.080336
89,3773,64.008115,320.329717,8.420327,16.707746,1,-1,-1,-1,0.670976,0.670976,3.872512,2.708216
89,3772,46.059769,190.637604,8.514131,16.686744,1,-1,-1,-1,0.665009,0.665009,3.694582,2.703342
89,3758,31.853751,140.407445,13.475027,17.098666,1,-1,-1,-1,0.654721,0.654721,3.169484,2.701568
89,3743,49.224990,271.099188,7.874731,16.137627,1,-1,-1,-1,0.653747,0.653747,3.076849,2.701563
89,3634,-3.453903,364.747045,16.090184,8.197150,1,-1,-1,-1,0.653044,0.653044,2.938756,2.701562
89,3628,102.694464,130.615719,14.881062,7.209914,1,-1,-1,-1,0.653044,0.653044,2.938756,2.701562
89,3202,127.341218,129.979122,8.814838,5.919674,1,-1,-1,-1,0.652975,0.652975,2.807695,2.701562
90,3778,62.904949,264.772165,7.613546,14.979816,1,-1,-1,-1,0.714060,0.714060,5.062690,2.780435
90,3777,63.562001,293.752583,8.071374,18.105175,1,-1,-1,-1,0.707945,0.707945,4.782352,2.897897
90,3772,45.779677,184.293979,8.393552,16.625203,1,-1,-1,-1,0.662548,0.662548,3.592165,2.702510
90,3758,25.718913,135.427018,14.928593,16.304000,1,-1,-1,-1,0.654397,0.654397,3.142321,2.701565
90,3743,49.027521,263.260048,7.872663,16.155486,1,-1,-1,-1,0.653605,0.653605,3.059169,2.701562
90,3634,-3.702453,365.025065,15.949624,8.278750,1,-1,-1,-1,0.653031,0.653031,2.931907,2.701562
90,3628,102.716246,130.604247,14.875520,7.207308,1,-1,-1,-1,0.653031,0.653031,2.931907,2.701562
90,3202,127.361163,129.980030,8.816133,5.919695,1,-1,-1,-1,0.652975,0.652975,2.806851,2.701562
91,3778,62.903345,265.623726,7.735155,15.339362,1,-1,-1,-1,0.697349,0.697349,4.683127,2.743335
91,3777,63.832282,292.813226,7.905852,17.615820,1,-1,-1,-1,0.693725,0.693725,4.461877,2.804667
91,3772,45.836244,178.024518,8.471496,16.885632,1,-1,-1,-1,0.660633,0.660633,3.506534,2.702067
91,3743,48.802296,255.376676,7.871875,16.191457,1,-1,-1,-1,0.653490,0.653490,3.043111,2.701562
91,3634,-3.344302,364.630377,15.584608,8.063400,1,-1,-1,-1,0.653021,0.653021,2.925479,2.701562
91,3628,102.725819,130.602185,14.868895,7.208164,1,-1,-1,-1,0.653021,0.653021,2.925479,2.701562
91,3202,127.335781,129.975707,8.817160,5.922464,1,-1,-1,-1,0.652975,0.652975,2.806031,2.701562
92,3778,62.876596,265.430280,7.815836,15.413805,1,-1,-1,-1,0.686065,0.686065,4.388218,2.723746
92,3772,46.176221,169.960641,8.377237,16.477514,1,-1,-1,-1,0.659128,0.659128,3.434287,2.701831
92,3743,48.589916,247.393036,7.874284,16.223777,1,-1,-1,-1,0.653396,0.653396,3.028469,2.701562
92,3634,-3.578559,365.265238,15.512438,7.986729,1,-1,-1,-1,0.653013,0.653013,2.919436,2.701562
92,3628,102.726400,130.599319,14.869454,7.206083,1,-1,-1,-1,0.653013,0.653013,2.919436,2.701562
92,3202,127.324043,129.967050,8.815154,5.924449,1,-1,-1,-1,0.652975,0.652975,2.805235,2.701562
93,3778,62.864050,265.616888,7.931635,15.638317,1,-1,-1,-1,0.678159,0.678159,4.155461,2.713360
93,3772,46.442168,162.983845,8.775284,16.592695,1,-1,-1,-1,0.657936,0.657936,3.372813,2.701705
93,3743,48.354037,239.238007,7.872726,16.232717,1,-1,-1,-1,0.653319,0.653319,3.015070,2.701562
93,3628,102.725846,130.588360,14.866630,7.198890,1,-1,-1,-1,0.653006,0.653006,2.913746,2.701562
93,3202,127.328420,129.968038,8.816367,5.923182,1,-1,-1,-1,0.652975,0.652975,2.804461,2.701562
94,3790,133.641647,117.341312,18.498820,8.278137,1,-1,-1,-1,0.847083,0.847083,7.132717,3.262201
94,3778,62.920869,265.963183,7.959544,15.740549,1,-1,-1,-1,0.672446,0.672446,3.969193,2.707841
94,3772,47.237941,156.743517,9.114369,16.992870,1,-1,-1,-1,0.656986,0.656986,3.320085,2.701638
94,3743,48.110782,231.003915,7.869680,16.273009,1,-1,-1,-1,0.653256,0.653256,3.002767,2.701562
94,3628,102.713297,130.595672,14.870606,7.199367,1,-1,-1,-1,0.653000,0.653000,2.908379,2.701562
94,3202,127.341077,129.975191,8.814501,5.922224,1,-1,-1,-1,0.652975,0.652975,2.803709,2.701562
95,3791,-9.968445,128.071969,16.277567,8.774311,1,-1,-1,-1,0.847083,0.847083,7.132717,3.262201
95,3790,143.109600,117.092223,18.387135,8.135148,1,-1,-1,-1,0.780933,0.780933,6.225018,2.988460
95,3778,62.930747,266.465137,7.953241,16.061830,1,-1,-1,-1,0.668212,0.668212,3.818265,2.704905
95,3777,63.970201,293.450310,7.785465,16.409176,1,-1,-1,-1,0.669410,0.669410,3.987123,2.847015
95,3772,48.659270,149.395823,10.117244,17.293452,1,-1,-1,-1,0.656225,0.656225,3.274518,2.701603
95,3743,47.861252,222.982274,7.875931,16.303406,1,-1,-1,-1,0.653205,0.653205,2.991436,2.701562
95,3628,102.701976,130.598370,14.876298,7.199757,1,-1,-1,-1,0.652996,0.652996,2.903309,2.701562
95,3202,127.339689,129.984603,8.813141,5.921527,1,-1,-1,-1,0.652975,0.652975,2.802979,2.701562
96,3790,149.534024,117.002379,18.644928,8.145734,1,-1,-1,-1,0.739812,0.739812,5.560040,2.851250
96,3772,50.195168,142.758263,11.323176,17.805307,1,-1,-1,-1,0.655613,0.655613,3.234861,2.701584
96,3743,47.647674,215.488627,7.877023,16.302470,1,-1,-1,-1,0.653163,0.653163,2.980969,2.701562
96,3628,102.689001,130.599362,14.877637,7.199986,1,-1,-1,-1,0.652992,0.652992,2.898514,2.701562
96,3202,127.345922,129.981746,8.812151,5.921019,1,-1,-1,-1,0.652975,0.652975,2.802268,2.701562
97,3790,154.317715,116.897497,18.811645,8.107427,1,-1,-1,-1,0.714060,0.714060,5.062690,2.780435
97,3772,53.378181,136.432007,12.864401,17.869384,1,-1,-1,-1,0.655120,0.655120,3.200116,2.701574
97,3743,47.442964,208.700112,7.874983,16.301508,1,-1,-1,-1,0.653129,0.653129,2.971273,2.701562
97,3628,102.676025,130.599750,14.873009,7.200056,1,-1,-1,-1,0.652989,0.652989,2.893973,2.701562
97,3202,127.343810,129.974171,8.814181,5.920683,1,-1,-1,-1,0.652975,0.652975,2.801577,2.701562
98,3792,-6.407501,114.562082,18.369528,9.063765,1,-1,-1,-1,0.847083,0.847083,7.132717,3.262201
98,3790,159.057976,116.900591,18.516773,8.070078,1,-1,-1,-1,0.697349,0.697349,4.683127,2.743335
98,3772,57.259410,130.620806,14.633839,17.787408,1,-1,-1,-1,0.654721,0.654721,3.169484,2.701568
98,3743,47.256279,202.645092,7.870545,16.294893,1,-1,-1,-1,0.653101,0.653101,2.962268,2.701562
98,3628,102.672205,130.599930,14.864039,7.200016,1,-1,-1,-1,0.652986,0.652986,2.889667,2.701562
98,3202,127.340745,129.971357,8.812913,5.920405,1,-1,-1,-1,0.652975,0.652975,2.800906,2.701562
99,3792,-5.803556,113.919535,17.192431,8.322222,1,-1,-1,-1,0.780933,0.780933,6.225018,2.988460
99,3790,162.087331,117.854530,17.968951,8.383954,1,-1,-1,-1,0.686065,0.686065,4.388218,2.723746
99,3772,62.443232,124.906783,15.913570,16.665847,1,-1,-1,-1,0.654397,0.654397,3.142321,2.701565
99,3743,47.096144,197.367252,7.873227,16.301938,1,-1,-1,-1,0.653078,0.653078,2.953887,2.701562
99,3628,102.663974,130.589819,14.845957,7.194236,1,-1,-1,-1,0.652984,0.652984,2.885579,2.701562
99,3202,127.335154,129.970325,8.814740,5.920237,1,-1,-1,-1,0.652975,0.652975,2.800252,2.701562
100,3792,-5.584188,114.385671,17.239097,8.480603,1,-1,-1,-1,0.739812,0.739812,5.560040,2.851250
100,3772,68.556489,120.876311,16.657668,15.360894,1,-1,-1,-1,0.654134,0.654134,3.118101,2.701564
100,3743,46.954996,192.831042,7.875295,16.312702,1,-1,-1,-1,0.653059,0.653059,2.946067,2.701562
100,3628,102.649259,130.588745,14.849716,7.193073,1,-1,-1,-1,0.652983,0.652983,2.881694,2.701562
100,3202,127.337354,129.969989,8.813324,5.920082,1,-1,-1,-1,0.652975,0.652975,2.799616,2.701562
