1,2992,36.670000,415.790000,8.480000,18.920000,1,-1,-1,-1,10.000000,10.000000,10.000000,10.000000
1,2991,134.230000,341.100000,18.950000,8.450000,1,-1,-1,-1,10.000000,10.000000,10.000000,10.000000
1,2990,113.080000,504.200000,15.510000,7.830000,1,-1,-1,-1,10.000000,10.000000,10.000000,10.000000
1,2989,153.330000,117.060000,19.040000,8.030000,1,-1,-1,-1,10.000000,10.000000,10.000000,10.000000
1,2988,164.940000,341.730000,19.530000,10.620000,1,-1,-1,-1,10.000000,10.000000,10.000000,10.000000
1,2987,-83.630000,342.250000,18.510000,8.370000,1,-1,-1,-1,10.000000,10.000000,10.000000,10.000000
1,2986,-86.490000,355.680000,15.720000,7.600000,1,-1,-1,-1,10.000000,10.000000,10.000000,10.000000
1,2985,123.630000,116.870000,18.410000,7.650000,1,-1,-1,-1,10.000000,10.000000,10.000000,10.000000
1,2984,36.800000,204.990000,7.560000,16.770000,1,-1,-1,-1,10.000000,10.000000,10.000000,10.000000
1,2983,182.730000,117.820000,23.880000,9.520000,1,-1,-1,-1,10.000000,10.000000,10.000000,10.000000
1,2982,93.250000,131.310000,19.090000,8.590000,1,-1,-1,-1,10.000000,10.000000,10.000000,10.000000
1,2981,119.550000,354.910000,17.970000,8.240000,1,-1,-1,-1,10.000000,10.000000,10.000000,10.000000
1,2980,36.670000,177.810000,7.840000,15.480000,1,-1,-1,-1,10.000000,10.000000,10.000000,10.000000
1,2979,122.550000,131.480000,18.460000,8.950000,1,-1,-1,-1,10.000000,10.000000,10.000000,10.000000
1,2978,148.390000,354.760000,19.560000,8.240000,1,-1,-1,-1,10.000000,10.000000,10.000000,10.000000
1,2977,36.940000,447.160000,8.170000,21.430000,1,-1,-1,-1,10.000000,10.000000,10.000000,10.000000
2,2992,36.662764,415.784191,8.884462,19.021618,1,-1,-1,-1,0.239198,0.058935,2.401347,0.326253
2,2991,134.318093,341.140874,18.953807,8.568250,1,-1,-1,-1,0.422959,0.070558,2.353808,0.313825
2,2990,113.523191,504.139525,16.683467,8.070946,1,-1,-1,-1,0.733071,0.410103,8.894036,2.179698
2,2988,164.860785,341.619573,19.578431,10.510854,1,-1,-1,-1,0.034374,0.013019,1.385597,0.137714
2,2987,-61.185318,356.302106,15.429021,7.795061,1,-1,-1,-1,0.386556,0.264125,3.511064,1.360675
2,2986,-88.164654,355.672793,16.799404,8.414387,1,-1,-1,-1,0.422959,0.322601,6.083997,1.563216
2,2985,123.917360,116.851077,17.995276,7.597846,1,-1,-1,-1,0.214282,0.067792,3.273772,0.380901
2,2983,183.369051,117.710350,22.651898,9.359302,1,-1,-1,-1,0.094378,0.016717,1.266356,0.047629
2,2982,92.629929,131.350037,19.170148,8.639927,1,-1,-1,-1,0.051281,0.014246,0.783638,0.109701
2,2981,119.519769,354.940108,17.970462,8.269784,1,-1,-1,-1,0.054452,0.018476,0.996178,0.156561
2,2980,37.096876,178.156450,7.606242,15.747093,1,-1,-1,-1,0.085397,0.065788,1.228934,0.359444
2,2979,122.549961,131.490019,18.450078,8.959962,1,-1,-1,-1,0.008648,0.005137,0.417374,0.055851
2,2978,148.470018,354.759992,19.559963,8.230016,1,-1,-1,-1,0.005682,0.004248,0.236040,0.034627
2,2977,37.020000,447.150000,8.170000,21.430000,1,-1,-1,-1,0.012520,0.007512,0.222294,0.003809
3,2995,-8.030000,392.520000,21.610000,18.870000,1,-1,-1,-1,10.000000,10.000000,10.000000,10.000000
3,2994,-81.880000,341.850000,17.950000,8.150000,1,-1,-1,-1,10.000000,10.000000,10.000000,10.000000
3,2993,87.960000,354.050000,19.480000,8.420000,1,-1,-1,-1,10.000000,10.000000,10.000000,10.000000
3,2992,36.988440,415.808142,8.445273,18.904251,1,-1,-1,-1,0.155284,0.040980,1.430056,0.187754
3,2991,134.511010,341.124639,18.960493,8.542446,1,-1,-1,-1,0.465322,0.081434,2.299216,0.278530
3,2990,113.378124,504.219391,16.805546,8.293705,1,-1,-1,-1,0.529125,0.379267,6.887484,1.433942
3,2989,153.753379,117.052841,18.623238,8.014319,1,-1,-1,-1,0.349781,0.089698,3.999502,0.780933
3,2988,165.119287,341.653307,19.529987,10.542966,1,-1,-1,-1,0.030109,0.011769,1.284234,0.122036
3,2987,-60.263514,356.530964,15.248963,7.745923,1,-1,-1,-1,0.206836,0.141956,2.566194,0.668410
3,2986,-86.518297,355.860619,15.980193,7.976237,1,-1,-1,-1,0.328015,0.264111,3.701406,0.960959
3,2985,124.093668,116.776099,17.930671,7.568287,1,-1,-1,-1,0.196742,0.066092,3.080673,0.311679
3,2984,36.164951,204.999561,7.990101,16.930877,1,-1,-1,-1,0.129971,0.098145,2.735191,0.628886
3,2983,182.954532,117.942306,24.498977,9.470485,1,-1,-1,-1,0.274482,0.061641,1.189953,0.014931
3,2982,91.668703,131.274426,19.565679,8.601683,1,-1,-1,-1,0.101390,0.020182,0.917300,0.124995
3,2981,119.866195,354.960958,17.964628,8.298111,1,-1,-1,-1,0.048586,0.016862,0.869596,0.132444
3,2980,37.099001,177.972213,7.704924,15.811123,1,-1,-1,-1,0.069524,0.053628,1.004969,0.254748
3,2979,122.540207,131.490116,18.469578,8.969777,1,-1,-1,-1,0.008386,0.004983,0.401101,0.052798
3,2978,148.709827,354.760179,19.550208,8.239635,1,-1,-1,-1,0.005403,0.004121,0.227305,0.032964
3,2977,37.269816,447.149945,8.170025,21.420103,1,-1,-1,-1,0.012138,0.007285,0.216389,0.003834
4,2992,37.446105,415.673553,8.421070,18.752974,1,-1,-1,-1,0.337079,0.056784,1.665583,0.262046
4,2991,134.952064,341.064676,19.043767,8.484881,1,-1,-1,-1,0.303155,0.065191,1.733708,0.243773
4,2990,113.903576,504.278386,16.374545,8.221503,1,-1,-1,-1,0.343819,0.199862,3.938813,0.982925
4,2988,165.625206,341.521865,19.587210,10.419570,1,-1,-1,-1,0.038417,0.014427,1.235309,0.136709
4,2987,-59.660265,356.409484,14.874866,7.568940,1,-1,-1,-1,0.405795,0.308051,3.505772,0.928958
4,2986,-86.030142,355.680251,15.816530,7.888028,1,-1,-1,-1,0.258857,0.221675,2.886985,0.832867
4,2985,124.535426,116.962281,18.659913,7.697695,1,-1,-1,-1,0.172915,0.056851,2.152602,0.202389
4,2983,183.128178,117.682358,24.090621,9.615798,1,-1,-1,-1,0.135745,0.025904,0.971022,0.020240
4,2982,90.681859,131.260842,19.691076,8.557237,1,-1,-1,-1,0.093359,0.023679,0.863153,0.126304
4,2981,120.267401,354.918674,18.000262,8.284090,1,-1,-1,-1,0.047229,0.016744,0.790241,0.130959
4,2980,37.110227,177.812177,7.810426,15.644626,1,-1,-1,-1,0.079146,0.063233,1.012993,0.273631
4,2979,122.548335,131.489450,18.453326,8.971129,1,-1,-1,-1,0.008111,0.004874,0.367032,0.052791
4,2978,149.178196,354.739365,19.542015,8.221412,1,-1,-1,-1,0.006386,0.004032,0.234835,0.038099
4,2977,37.728685,447.150310,8.169747,21.429299,1,-1,-1,-1,0.012691,0.007558,0.208037,0.003911
5,2992,38.179729,415.687188,8.310179,18.572510,1,-1,-1,-1,0.408195,0.060263,1.687717,0.293773
5,2991,135.577745,341.103570,19.064945,8.533898,1,-1,-1,-1,0.318750,0.061464,1.531141,0.236678
5,2990,114.622157,504.160563,16.260571,8.049336,1,-1,-1,-1,0.248981,0.237645,3.140660,0.959475
5,2988,166.235804,341.683781,19.623367,10.427422,1,-1,-1,-1,0.044211,0.015583,1.114815,0.138133
5,2987,-55.783454,357.064148,8.490194,8.282015,1,-1,-1,-1,0.074220,0.043247,3.168966,0.512372
5,2986,-85.214832,355.716305,16.004159,7.996797,1,-1,-1,-1,0.368491,0.276328,3.305518,0.913750
5,2985,125.487891,116.530576,18.192135,7.535731,1,-1,-1,-1,0.216495,0.062031,2.917864,0.310701
5,2984,37.281719,205.634607,8.086017,17.408442,1,-1,-1,-1,0.241249,0.200850,3.099445,0.681443
5,2983,183.704131,117.871962,24.794336,9.583645,1,-1,-1,-1,0.278675,0.067489,1.034235,0.019273
5,2982,90.201877,131.248188,19.381093,8.532835,1,-1,-1,-1,0.062793,0.017550,0.718942,0.116574
5,2981,121.020316,354.805989,17.802226,8.171523,1,-1,-1,-1,0.045982,0.016213,0.736520,0.138048
5,2980,37.722039,178.236957,7.970371,15.990522,1,-1,-1,-1,0.096383,0.077342,1.227708,0.352170
5,2979,122.547927,131.478689,18.444198,8.952771,1,-1,-1,-1,0.008101,0.004871,0.349137,0.052791
5,2978,149.850996,354.761016,19.565238,8.237750,1,-1,-1,-1,0.006009,0.003872,0.221339,0.037379
5,2977,38.446865,447.150035,8.169972,21.429926,1,-1,-1,-1,0.012666,0.007549,0.203542,0.003834
6,2992,39.101287,416.004768,8.714668,18.802343,1,-1,-1,-1,0.251917,0.062336,1.659169,0.288675
6,2991,136.395206,341.014901,18.937971,8.527087,1,-1,-1,-1,0.317284,0.061160,1.546912,0.262281
6,2990,115.702965,504.156476,16.461029,8.053410,1,-1,-1,-1,0.477334,0.353564,4.013348,1.190630
6,2988,167.145302,341.550876,19.849944,10.412326,1,-1,-1,-1,0.047618,0.019151,1.032328,0.141837
6,2987,-56.748591,356.302978,12.321251,7.746862,1,-1,-1,-1,0.240485,0.178369,2.073840,0.645949
6,2986,-83.897350,355.527777,15.664303,7.862954,1,-1,-1,-1,0.225898,0.219469,2.486479,0.777669
6,2985,126.020352,116.870856,18.824846,7.707550,1,-1,-1,-1,0.149567,0.064775,1.791426,0.193957
6,2984,37.680586,206.058194,8.124407,17.529853,1,-1,-1,-1,0.322810,0.233474,3.514753,0.790495
6,2983,184.485488,118.106307,24.852872,9.636534,1,-1,-1,-1,0.432641,0.116009,1.351719,0.084848
6,2982,89.006432,131.292000,19.612958,8.612759,1,-1,-1,-1,0.057788,0.016680,0.611525,0.100803
6,2981,121.776611,354.842023,17.781652,8.153026,1,-1,-1,-1,0.059998,0.022865,0.813998,0.156067
6,2980,38.821796,177.585519,7.713299,15.709309,1,-1,-1,-1,0.105164,0.079920,1.057428,0.350079
6,2979,122.549982,131.479959,18.440011,8.950045,1,-1,-1,-1,0.009585,0.005487,0.362355,0.056950
6,2978,150.757769,354.759955,19.560584,8.240100,1,-1,-1,-1,0.005772,0.004277,0.211516,0.033937
6,2977,39.425438,447.149993,8.170004,21.430012,1,-1,-1,-1,0.012042,0.007323,0.194930,0.003759
7,2992,40.231013,415.887411,8.581852,18.961047,1,-1,-1,-1,0.242443,0.053849,1.346667,0.234398
7,2991,137.615244,341.107416,19.095109,8.513411,1,-1,-1,-1,0.226328,0.063968,1.308496,0.222306
7,2990,117.046368,504.221310,16.893758,8.214023,1,-1,-1,-1,0.406587,0.274617,4.062637,1.191366
7,2989,157.098121,116.922496,18.092962,7.688391,1,-1,-1,-1,0.242367,0.069811,2.075458,0.328603
7,2988,168.428952,341.562314,19.772157,10.522256,1,-1,-1,-1,0.049868,0.019905,1.049545,0.152138
7,2987,-56.264967,356.202449,13.749592,7.541412,1,-1,-1,-1,0.274965,0.201886,1.938127,0.725382
7,2986,-83.424713,355.718820,15.861149,7.790086,1,-1,-1,-1,0.208773,0.180994,2.170327,0.715418
7,2985,127.177381,116.751381,18.624354,7.690183,1,-1,-1,-1,0.312697,0.097744,2.258766,0.338467
7,2984,39.769040,205.403870,8.395752,17.374747,1,-1,-1,-1,0.242110,0.182133,2.841924,0.756507
7,2983,185.516423,117.852760,24.602158,9.384550,1,-1,-1,-1,0.634854,0.186496,1.547439,0.017836
7,2982,87.646583,131.372190,19.809068,8.954123,1,-1,-1,-1,0.210363,0.050236,1.010889,0.198199
7,2981,122.636683,354.803550,17.738666,8.143101,1,-1,-1,-1,0.079600,0.021964,0.844978,0.170425
7,2980,40.404803,178.091623,7.500760,15.669669,1,-1,-1,-1,0.115927,0.100628,1.108783,0.404219
7,2979,122.550792,131.469531,18.468126,8.931097,1,-1,-1,-1,0.011341,0.006120,0.377578,0.061430
7,2978,151.878280,354.770384,19.568415,8.249139,1,-1,-1,-1,0.005713,0.004276,0.209092,0.033607
7,2977,40.663559,447.149697,8.170239,21.420663,1,-1,-1,-1,0.012522,0.007468,0.194580,0.003721
8,2994,-78.879876,342.176483,19.211274,8.568950,1,-1,-1,-1,0.289245,0.194537,3.076379,0.639092
8,2992,41.758076,415.722489,8.574054,18.845625,1,-1,-1,-1,0.193750,0.053229,1.301731,0.250002
8,2990,118.558074,504.003829,16.797576,8.148018,1,-1,-1,-1,0.239336,0.241423,3.016377,1.016658
8,2989,158.603240,117.047713,18.162519,7.873715,1,-1,-1,-1,0.281241,0.090695,2.174301,0.531876
8,2988,169.652699,341.609655,19.912645,10.410615,1,-1,-1,-1,0.035844,0.011670,0.738865,0.109697
8,2987,-55.321664,356.153631,14.702507,7.491588,1,-1,-1,-1,0.231486,0.171856,1.870344,0.723547
8,2986,-82.652079,356.139570,16.325700,8.066441,1,-1,-1,-1,0.287267,0.199019,2.533295,0.759661
8,2985,128.719059,116.926411,18.186091,7.730999,1,-1,-1,-1,0.360188,0.110187,2.574040,0.665386
8,2984,41.708231,204.668135,7.985268,16.957548,1,-1,-1,-1,0.176386,0.123082,2.139544,0.625102
8,2983,187.532713,117.879501,24.677494,9.593413,1,-1,-1,-1,0.189600,0.050015,0.857575,0.012496
8,2982,86.548723,131.029211,20.094576,8.806484,1,-1,-1,-1,0.069462,0.020703,0.680909,0.105202
8,2981,123.729217,354.800369,17.786442,8.098605,1,-1,-1,-1,0.112133,0.030029,0.950334,0.203687
8,2980,42.029195,177.969927,7.439031,15.326177,1,-1,-1,-1,0.073203,0.059272,0.717234,0.256279
8,2979,122.539111,131.459019,18.471949,8.912075,1,-1,-1,-1,0.008847,0.005218,0.342745,0.054856
8,2978,153.215993,354.759735,19.552149,8.250626,1,-1,-1,-1,0.005544,0.004191,0.205824,0.033607
8,2977,42.182308,447.160240,8.169757,21.429327,1,-1,-1,-1,0.012151,0.007319,0.190001,0.003540
9,2994,-76.654826,342.230589,19.003443,8.399457,1,-1,-1,-1,0.195986,0.131591,2.379657,0.535142
9,2992,43.604143,415.894608,8.648647,18.999452,1,-1,-1,-1,0.165260,0.047383,1.190365,0.227451
9,2990,120.140276,504.290159,16.873746,8.265590,1,-1,-1,-1,0.342169,0.235111,3.082189,1.032818
9,2988,171.762939,341.572935,19.825870,10.355735,1,-1,-1,-1,0.052161,0.018197,0.846794,0.136524
9,2987,-53.569695,356.317809,15.059004,7.399297,1,-1,-1,-1,0.213913,0.154809,1.746976,0.665207
9,2986,-79.631221,355.607251,15.634685,7.747137,1,-1,-1,-1,0.244936,0.243630,2.053190,0.794276
9,2985,130.539955,116.977451,18.448006,7.769712,1,-1,-1,-1,0.247095,0.077996,2.079800,0.353864
9,2984,43.320083,203.950027,7.695035,16.123889,1,-1,-1,-1,0.090357,0.060460,1.072155,0.330449
9,2983,189.309539,117.940286,24.664555,9.540938,1,-1,-1,-1,0.372803,0.125403,1.164211,0.037706
9,2982,85.630189,130.958465,20.010860,8.991150,1,-1,-1,-1,0.034139,0.018380,0.551378,0.086193
9,2981,125.023877,354.811122,17.685430,8.164873,1,-1,-1,-1,0.076610,0.021729,0.823579,0.167062
9,2980,43.744394,177.980466,7.419809,15.466009,1,-1,-1,-1,0.077881,0.057415,0.736171,0.278010
9,2979,122.532990,131.461263,18.493954,8.917360,1,-1,-1,-1,0.008010,0.004818,0.322304,0.051802
9,2978,154.765776,354.759537,19.561136,8.240968,1,-1,-1,-1,0.005769,0.003831,0.210084,0.036307
9,2977,43.980215,447.160055,8.169966,21.429910,1,-1,-1,-1,0.012639,0.007465,0.194027,0.003721
10,2994,-74.315124,342.267762,18.883585,8.382725,1,-1,-1,-1,0.303232,0.228364,2.775991,0.722108
10,2992,45.658541,415.912784,8.619798,19.071403,1,-1,-1,-1,0.214862,0.050630,1.140416,0.223020
10,2990,122.273559,504.173928,16.503566,8.221341,1,-1,-1,-1,0.265294,0.185586,2.463881,0.900337
10,2988,173.732692,341.609033,19.693105,10.340712,1,-1,-1,-1,0.042211,0.014790,0.862112,0.132177
10,2987,-51.665579,356.562562,15.033069,7.719403,1,-1,-1,-1,0.384556,0.272277,1.949707,0.927964
10,2985,132.804027,116.877280,18.170767,7.778784,1,-1,-1,-1,0.204602,0.062560,1.940535,0.454365
10,2984,45.461295,205.893037,7.766132,16.764128,1,-1,-1,-1,0.108911,0.072775,1.293630,0.394070
10,2983,191.832561,118.197345,24.473689,9.637624,1,-1,-1,-1,0.277474,0.066390,1.046868,0.020649
10,2982,84.721421,131.155242,20.079249,9.653703,1,-1,-1,-1,0.068016,0.026940,0.698621,0.120344
10,2981,126.811828,354.687052,17.416556,8.120560,1,-1,-1,-1,0.081541,0.022368,0.804258,0.178077
10,2980,45.828551,178.260246,7.486888,15.717049,1,-1,-1,-1,0.091204,0.070013,0.860144,0.329998
10,2979,122.515002,131.472628,18.520065,8.944504,1,-1,-1,-1,0.007038,0.004405,0.301997,0.047994
10,2978,156.525181,354.759771,19.551412,8.240461,1,-1,-1,-1,0.005768,0.003793,0.211228,0.037377
10,2977,46.090268,447.146452,8.152926,21.397621,1,-1,-1,-1,0.019699,0.009856,0.231206,0.004587
11,2994,-71.867457,342.262068,18.788621,8.339904,1,-1,-1,-1,0.343504,0.263726,3.053233,0.833715
11,2993,79.642949,354.151579,16.583081,8.134803,1,-1,-1,-1,0.140943,0.135880,2.047284,0.708711
11,2992,48.044062,415.373615,8.431592,18.651459,1,-1,-1,-1,0.290537,0.073301,1.374736,0.331017
11,2990,124.592594,504.227579,16.529172,8.193612,1,-1,-1,-1,0.253085,0.218538,2.364065,0.939714
11,2988,175.635491,341.650812,19.904705,10.316541,1,-1,-1,-1,0.076123,0.024661,0.899059,0.151965
11,2987,-49.544308,356.449606,15.188957,7.819097,1,-1,-1,-1,0.385211,0.293293,2.290715,1.066527
11,2985,134.547016,117.004611,17.461891,7.865331,1,-1,-1,-1,0.440348,0.093493,2.215572,0.689206
11,2984,47.868963,204.193415,7.918142,16.355056,1,-1,-1,-1,0.168930,0.142176,1.499411,0.552038
11,2983,193.478879,117.976933,24.858346,9.570297,1,-1,-1,-1,0.275159,0.093518,0.877201,0.022324
11,2982,83.499605,130.867205,20.233998,9.758173,1,-1,-1,-1,0.064343,0.025653,0.736286,0.124022
11,2981,128.025443,354.840160,17.440670,8.148947,1,-1,-1,-1,0.088633,0.029697,0.839232,0.190779
11,2980,48.013242,177.704766,7.561290,15.692703,1,-1,-1,-1,0.083871,0.061901,0.818922,0.304291
11,2979,122.513899,131.492361,18.532137,8.974981,1,-1,-1,-1,0.007396,0.004584,0.309510,0.048910
11,2978,158.445922,354.759942,19.550295,8.240120,1,-1,-1,-1,0.005170,0.004027,0.196747,0.032649
11,2977,48.478194,447.152777,8.167754,21.424154,1,-1,-1,-1,0.012388,0.007464,0.192200,0.003721
12,2994,-69.519890,342.154564,18.457472,8.395484,1,-1,-1,-1,0.346951,0.257672,3.211054,0.900210
12,2993,78.740313,354.612465,16.866774,8.282829,1,-1,-1,-1,0.294202,0.191347,2.640736,0.847643
12,2992,50.736894,415.898630,8.568318,18.841869,1,-1,-1,-1,0.187796,0.051619,1.218431,0.245620
12,2990,127.250453,504.061401,16.762684,8.109130,1,-1,-1,-1,0.444967,0.287592,2.808352,1.094034
12,2988,178.394900,341.718639,20.358345,10.317732,1,-1,-1,-1,0.115547,0.037489,0.926153,0.170336
12,2987,-46.888026,356.171250,15.510304,7.690777,1,-1,-1,-1,0.191223,0.139791,1.773541,0.669376
12,2985,137.741096,117.160906,18.006917,7.941203,1,-1,-1,-1,0.206215,0.064343,1.773648,0.497259
12,2984,50.664731,207.596062,8.329503,17.869347,1,-1,-1,-1,0.161169,0.109012,1.526896,0.414502
12,2983,195.885345,117.978098,24.737025,9.678386,1,-1,-1,-1,0.437726,0.143453,1.195835,0.115359
12,2982,82.793599,131.142301,20.055700,10.456284,1,-1,-1,-1,0.124056,0.036416,0.994216,0.207258
12,2981,129.573487,354.874648,17.639093,8.217440,1,-1,-1,-1,0.063169,0.023030,0.758824,0.159767
12,2980,50.630495,178.295447,7.721571,15.865984,1,-1,-1,-1,0.126568,0.102418,1.110218,0.439854
12,2979,122.518769,131.489355,18.532401,8.971353,1,-1,-1,-1,0.007928,0.004914,0.316303,0.050812
12,2978,160.572703,354.758832,19.534815,8.222413,1,-1,-1,-1,0.005825,0.004318,0.206233,0.034595
12,2977,51.175507,447.160390,8.169652,21.429087,1,-1,-1,-1,0.012386,0.007463,0.190868,0.003612
13,2999,67.065112,77.425243,8.442336,19.901059,1,-1,-1,-1,0.160038,0.110890,2.493105,0.391567
13,2994,-66.628314,342.044932,18.817512,8.370176,1,-1,-1,-1,0.185849,0.143394,2.265583,0.596480
13,2992,53.723317,415.818429,8.665254,18.926365,1,-1,-1,-1,0.132426,0.040534,1.056846,0.209310
13,2990,130.300626,504.295521,17.120744,8.214139,1,-1,-1,-1,0.344309,0.222734,2.941199,1.042270
13,2988,181.608198,341.753879,20.309106,10.438346,1,-1,-1,-1,0.079318,0.024187,0.813944,0.144845
13,2987,-44.168346,356.012645,15.503907,7.697995,1,-1,-1,-1,0.290329,0.218100,1.782291,0.775348
13,2986,-69.816376,355.683363,15.662734,7.608654,1,-1,-1,-1,0.220371,0.184136,1.819192,0.743149
13,2985,140.909722,117.009206,17.499529,7.947242,1,-1,-1,-1,0.214932,0.071921,1.855146,0.581689
13,2984,53.326073,205.811674,8.346865,17.557384,1,-1,-1,-1,0.138264,0.089486,1.504024,0.427490
13,2983,199.183193,118.232794,24.938726,9.578846,1,-1,-1,-1,0.346480,0.125960,1.081890,0.052438
13,2982,81.506854,130.661646,20.476482,11.509243,1,-1,-1,-1,0.088783,0.034030,0.888601,0.174461
13,2981,131.246670,355.025726,17.944748,8.343497,1,-1,-1,-1,0.038668,0.013395,0.581848,0.110764
13,2980,53.549323,178.394598,7.844893,16.028587,1,-1,-1,-1,0.132851,0.092789,1.227789,0.463658
13,2979,122.500736,131.479375,18.578471,8.951441,1,-1,-1,-1,0.008331,0.005013,0.318299,0.051792
13,2978,162.934956,354.760360,19.529022,8.229240,1,-1,-1,-1,0.005825,0.003869,0.209643,0.037374
13,2977,54.203716,447.149806,8.170213,21.420594,1,-1,-1,-1,0.012143,0.007316,0.188885,0.003648
14,2992,56.941397,415.589870,8.488737,18.956887,1,-1,-1,-1,0.254390,0.043758,1.039605,0.233512
14,2990,133.177724,504.220452,16.587930,8.228857,1,-1,-1,-1,0.307436,0.307969,2.578588,1.095527
14,2988,185.070907,341.662846,19.680414,10.585062,1,-1,-1,-1,0.039820,0.013934,0.952286,0.150877
14,2987,-40.612144,355.934137,15.444753,7.677655,1,-1,-1,-1,0.194073,0.139969,1.381799,0.603349
14,2986,-66.687065,355.695442,15.661167,7.672056,1,-1,-1,-1,0.245962,0.215712,1.827230,0.790895
14,2985,144.526718,117.183923,18.007484,8.114376,1,-1,-1,-1,0.123352,0.045972,1.372878,0.372215
14,2984,56.864100,205.908875,8.240426,17.636839,1,-1,-1,-1,0.153353,0.104479,1.601146,0.490936
14,2983,202.254884,118.021230,24.849712,9.602963,1,-1,-1,-1,0.439928,0.125677,1.168857,0.091541
14,2982,80.497577,130.771677,20.807112,13.084769,1,-1,-1,-1,0.137043,0.056115,1.125797,0.290943
14,2981,133.278535,354.907456,17.908280,8.270121,1,-1,-1,-1,0.047749,0.015997,0.627958,0.136540
14,2980,56.961267,178.426990,7.759429,16.181381,1,-1,-1,-1,0.066972,0.053137,0.871024,0.282422
14,2979,122.531783,131.466981,18.496611,8.946168,1,-1,-1,-1,0.008755,0.005165,0.327757,0.054313
14,2978,165.426128,354.770648,19.537200,8.238604,1,-1,-1,-1,0.005488,0.003681,0.205908,0.036312
14,2977,57.502423,447.149980,8.170012,21.420033,1,-1,-1,-1,0.012384,0.007462,0.190195,0.003834
15,2992,60.367288,415.810625,8.489598,18.988134,1,-1,-1,-1,0.339827,0.065950,1.180454,0.279032
15,2990,137.110089,504.020843,16.805804,8.090976,1,-1,-1,-1,0.298009,0.194151,2.438550,0.953833
15,2988,188.317867,341.500431,19.917090,10.410251,1,-1,-1,-1,0.068524,0.023933,0.997332,0.173234
15,2987,-36.987010,356.067323,15.317984,7.791695,1,-1,-1,-1,0.198427,0.143892,1.299060,0.593294
15,2986,-63.399630,355.865474,15.731221,7.843559,1,-1,-1,-1,0.301975,0.241352,1.959951,0.840585
15,2985,147.253537,116.842649,17.557717,8.050378,1,-1,-1,-1,0.259848,0.071793,1.659064,0.598627
15,2984,60.518133,207.619277,8.189013,18.700202,1,-1,-1,-1,0.091428,0.067451,1.126271,0.288042
15,2982,80.321709,130.221386,20.867021,14.340436,1,-1,-1,-1,0.150475,0.074587,1.539041,0.519515
15,2981,135.521509,354.911066,17.664293,8.199262,1,-1,-1,-1,0.070522,0.022790,0.743696,0.177350
15,2980,60.488011,178.716153,7.756251,16.430433,1,-1,-1,-1,0.073311,0.060023,0.893635,0.301730
15,2979,122.516606,131.493224,18.536715,8.973160,1,-1,-1,-1,0.008930,0.005216,0.330211,0.053807
15,2978,168.065814,354.769552,19.560457,8.220966,1,-1,-1,-1,0.003990,0.003433,0.174656,0.028500
15,2977,61.091151,447.150359,8.169712,21.429207,1,-1,-1,-1,0.012507,0.007462,0.190001,0.003684
16,2992,64.343928,415.935002,8.762753,18.921381,1,-1,-1,-1,0.225627,0.058364,1.234448,0.276933
16,2990,141.062662,504.066160,16.886008,8.077155,1,-1,-1,-1,0.337183,0.205028,2.448155,0.986799
16,2988,193.927050,340.967620,17.903246,10.271929,1,-1,-1,-1,0.023515,0.007031,1.081775,0.130325
16,2987,-33.286809,356.145538,15.323926,7.795903,1,-1,-1,-1,0.234805,0.165672,1.328418,0.656408
16,2986,-59.421080,355.694472,15.811514,7.796579,1,-1,-1,-1,0.252658,0.220812,1.885598,0.828542
16,2985,151.361479,117.230772,18.000786,8.164289,1,-1,-1,-1,0.149574,0.058381,1.475139,0.427077
16,2984,64.479425,207.497305,8.396793,18.872954,1,-1,-1,-1,0.116557,0.083496,1.162832,0.316133
16,2982,79.244609,128.704727,20.911537,15.072107,1,-1,-1,-1,0.219870,0.128332,1.994522,0.737592
16,2981,137.988304,354.868086,17.631149,8.138273,1,-1,-1,-1,0.090844,0.034333,0.857145,0.200546
16,2980,64.800489,178.477041,7.698348,16.257264,1,-1,-1,-1,0.034082,0.029130,0.547637,0.167362
16,2979,122.541552,131.455885,18.486906,8.938697,1,-1,-1,-1,0.007469,0.004629,0.309805,0.050823
16,2978,170.875973,354.780240,19.549556,8.229429,1,-1,-1,-1,0.004152,0.003467,0.178398,0.029337
16,2977,64.959419,447.149710,8.170232,21.420646,1,-1,-1,-1,0.012756,0.007462,0.193068,0.003873
17,2994,-51.596361,342.267599,18.418589,8.378259,1,-1,-1,-1,0.248837,0.165168,2.574029,0.703261
17,2992,68.555062,415.747376,8.736842,18.931489,1,-1,-1,-1,0.161457,0.046819,1.119945,0.235924
17,2990,144.725996,503.910815,16.960942,7.970945,1,-1,-1,-1,0.459684,0.467990,2.873401,1.233665
17,2988,197.520850,341.622397,18.343213,10.192784,1,-1,-1,-1,0.027739,0.009950,1.013395,0.133264
17,2986,-53.622103,355.736621,15.567753,7.622805,1,-1,-1,-1,0.154860,0.115538,1.220445,0.512349
17,2985,155.869190,117.067560,17.955214,8.160382,1,-1,-1,-1,0.177763,0.064747,1.512568,0.474914
17,2984,68.302753,206.603429,8.647994,18.547560,1,-1,-1,-1,0.122197,0.081264,1.197645,0.310622
17,2982,80.123832,125.193593,19.298091,15.696045,1,-1,-1,-1,0.304699,0.158219,2.561452,1.092781
17,2981,140.302643,354.959709,17.688162,8.165851,1,-1,-1,-1,0.081357,0.023477,0.809093,0.175815
17,2980,68.690227,178.288621,7.812774,16.033731,1,-1,-1,-1,0.061140,0.048127,0.702012,0.261040
17,2979,122.530057,131.470318,18.470149,8.949172,1,-1,-1,-1,0.007177,0.004538,0.301103,0.048452
17,2978,173.874683,354.789413,19.532671,8.221156,1,-1,-1,-1,0.003684,0.003233,0.169325,0.027675
17,2977,69.129654,447.150308,8.169752,21.429313,1,-1,-1,-1,0.012021,0.007315,0.186498,0.003576
18,2994,-50.667550,339.289885,18.939979,8.338857,1,-1,-1,-1,0.208414,0.157563,2.040963,0.560445
18,2992,68.885842,414.529365,8.694093,18.883066,1,-1,-1,-1,0.274011,0.046346,1.077157,0.246099
18,2990,144.075125,504.011220,16.618770,7.748177,1,-1,-1,-1,0.362681,0.289501,2.507285,1.181749
18,2988,198.651036,342.159238,17.708007,9.806641,1,-1,-1,-1,0.023957,0.007764,1.028020,0.132133
18,2986,-53.021780,352.887655,15.333073,7.679914,1,-1,-1,-1,0.164450,0.142092,1.163830,0.534633
18,2985,160.613062,117.259496,18.367569,8.120843,1,-1,-1,-1,0.125058,0.042121,1.231949,0.360505
18,2984,71.571474,206.106967,8.809261,18.706354,1,-1,-1,-1,0.186447,0.122747,1.469483,0.434742
18,2982,44.583246,117.722219,26.416634,10.290216,1,-1,-1,-1,0.711057,0.240623,1.681418,0.023028
18,2981,139.687245,355.071914,17.682944,8.206001,1,-1,-1,-1,0.179081,0.043288,1.019791,0.259433
18,2980,72.251587,176.557972,7.839827,15.648213,1,-1,-1,-1,0.081940,0.064092,0.750885,0.293718
18,2979,122.534736,131.457284,18.440650,8.925635,1,-1,-1,-1,0.008006,0.004865,0.314725,0.051786
18,2978,173.108999,355.612097,19.562599,8.310267,1,-1,-1,-1,0.004321,0.003572,0.179534,0.030203
18,2977,68.030187,446.096670,8.425685,21.480262,1,-1,-1,-1,0.012383,0.007388,0.189404,0.003721
19,3005,94.861821,74.586371,7.299554,15.231224,1,-1,-1,-1,0.082683,0.059864,1.073777,0.373672
19,2994,-51.868338,334.380340,18.618717,8.418966,1,-1,-1,-1,0.403338,0.324477,2.532575,0.928608
19,2992,64.957353,412.937916,9.270892,18.754769,1,-1,-1,-1,0.281685,0.085662,1.274620,0.297405
19,2990,138.337568,504.687266,16.324679,7.940395,1,-1,-1,-1,0.442408,0.289060,2.445784,1.090819
19,2988,195.739960,344.773824,18.560666,9.638930,1,-1,-1,-1,0.022366,0.009658,0.870694,0.116636
19,2986,-55.568744,347.586035,15.559367,7.866703,1,-1,-1,-1,0.271909,0.204983,1.531509,0.756473
19,2984,74.169229,204.632985,8.816700,18.999470,1,-1,-1,-1,0.118499,0.088575,1.385081,0.388417
19,2982,26.992432,113.215424,23.446386,10.307373,1,-1,-1,-1,0.233165,0.092602,1.482888,0.341102
19,2981,136.187030,355.907474,17.672932,8.690407,1,-1,-1,-1,0.191031,0.064676,1.153721,0.280337
19,2980,75.790533,175.110865,7.868012,15.736493,1,-1,-1,-1,0.080531,0.059458,0.822919,0.295456
19,2979,122.505647,131.461569,18.518538,8.916831,1,-1,-1,-1,0.007694,0.004722,0.307851,0.050818
19,2978,169.135932,357.414697,19.698034,8.876615,1,-1,-1,-1,0.005017,0.003908,0.190717,0.032015
19,2977,62.231210,444.046230,9.086043,21.633296,1,-1,-1,-1,0.013139,0.007687,0.194238,0.003873
20,3007,74.891285,227.093409,7.417371,15.623883,1,-1,-1,-1,0.109511,0.091612,1.468483,0.407637
20,3005,101.640565,73.798170,7.375812,15.037179,1,-1,-1,-1,0.078327,0.062678,0.875104,0.348894
20,2994,-54.252564,328.112539,18.787841,8.976775,1,-1,-1,-1,0.210048,0.155676,2.088737,0.641316
20,2992,59.394560,410.654195,9.739295,19.011230,1,-1,-1,-1,0.147031,0.043805,1.063684,0.223371
20,2990,130.545845,505.214338,16.742655,8.000835,1,-1,-1,-1,0.420867,0.288950,2.798742,1.156052
20,2988,192.957051,347.177768,18.426224,9.415653,1,-1,-1,-1,0.020474,0.007999,0.810756,0.109366
20,2987,-32.453026,344.548727,15.885810,8.551554,1,-1,-1,-1,0.316878,0.241052,1.979022,0.921069
20,2986,-58.817377,341.210358,15.863741,8.270479,1,-1,-1,-1,0.208714,0.184995,1.625449,0.741783
20,2984,76.391339,202.816522,9.245082,19.100086,1,-1,-1,-1,0.140949,0.098705,1.537993,0.479930
20,2982,27.090653,110.262470,24.573786,10.481703,1,-1,-1,-1,0.309763,0.123928,1.076908,0.015277
20,2981,131.634009,356.546665,17.924216,9.354530,1,-1,-1,-1,0.126291,0.042116,1.025815,0.226565
20,2980,79.055809,173.495453,8.485302,15.953530,1,-1,-1,-1,0.131879,0.101201,1.067767,0.507842
20,2979,122.518623,131.470058,18.482813,8.929714,1,-1,-1,-1,0.008667,0.005113,0.324326,0.054310
20,2978,164.928101,359.309347,19.900455,9.537748,1,-1,-1,-1,0.005017,0.003908,0.190886,0.032329
20,2977,56.082947,441.775290,9.822070,21.874013,1,-1,-1,-1,0.012382,0.007388,0.187748,0.003721
21,3007,72.322929,224.934041,8.352284,16.563764,1,-1,-1,-1,0.289544,0.255990,3.227086,0.985587
21,3005,111.451940,72.266400,8.262490,15.339017,1,-1,-1,-1,0.115289,0.099139,1.246694,0.503172
21,2994,-47.908423,329.131476,17.433849,9.699029,1,-1,-1,-1,0.154138,0.113862,1.459123,0.535379
21,2992,43.579119,404.233667,10.801485,18.855417,1,-1,-1,-1,0.266543,0.068432,1.267744,0.323849
21,2990,109.288453,505.412683,16.977309,8.584343,1,-1,-1,-1,0.494206,0.353845,3.026638,1.296880
21,2987,-57.574540,318.334832,16.892356,9.474390,1,-1,-1,-1,0.356040,0.258035,2.316711,0.858691
21,2986,-69.118356,326.981922,16.087987,9.040039,1,-1,-1,-1,0.265300,0.209669,1.718414,0.829606
21,2984,75.451888,198.684452,10.506751,19.444366,1,-1,-1,-1,0.086286,0.067369,1.507332,0.493697
21,2982,8.963438,104.240522,24.176157,10.859401,1,-1,-1,-1,0.911610,0.890271,2.237434,0.579457
21,2981,115.605714,357.203376,18.708573,10.749617,1,-1,-1,-1,0.055289,0.016808,0.672032,0.130957
21,2980,80.754255,169.423166,9.109732,16.131824,1,-1,-1,-1,0.100940,0.076150,0.999487,0.457640
21,2979,122.512186,131.471081,18.495607,8.937779,1,-1,-1,-1,0.008086,0.004865,0.315097,0.052295
22,3009,130.461356,46.443146,9.861412,17.125232,1,-1,-1,-1,0.477086,0.405338,4.381509,1.105889
22,3008,238.447514,151.519019,23.460616,14.632963,1,-1,-1,-1,0.301289,0.116923,2.508823,0.308386
22,3007,65.944080,218.576038,10.993520,18.844863,1,-1,-1,-1,0.183839,0.120033,3.249130,0.999798
22,2992,18.893229,392.517411,12.500608,19.258635,1,-1,-1,-1,0.323989,0.068529,1.253934,0.287887
22,2990,72.524800,501.843747,17.228579,9.597870,1,-1,-1,-1,0.453833,0.326264,3.012068,1.204940
22,2986,-65.648364,311.190860,16.568003,10.348355,1,-1,-1,-1,0.297179,0.236481,1.792608,0.849016
22,2984,73.405260,193.767875,12.110442,19.830032,1,-1,-1,-1,0.203214,0.131564,1.914689,0.798586
22,2982,2.496211,86.100072,23.660200,11.266366,1,-1,-1,-1,0.741133,0.441661,3.190618,1.314787
22,2980,81.868419,164.075271,10.628609,16.602808,1,-1,-1,-1,0.120794,0.078192,0.971481,0.547993
22,2979,122.518098,131.504567,18.523438,8.980316,1,-1,-1,-1,0.009571,0.005482,0.336839,0.056412
23,3008,212.554108,158.715046,22.892191,15.378950,1,-1,-1,-1,0.140346,0.065394,1.876053,0.386642
23,3007,58.452763,205.364613,12.236297,18.485498,1,-1,-1,-1,0.211069,0.144353,2.496308,1.013386
23,2984,70.102418,179.679289,13.107943,18.212450,1,-1,-1,-1,0.159503,0.100847,2.275498,0.905149
23,2980,82.374060,157.556819,12.033243,16.989210,1,-1,-1,-1,0.216551,0.150349,1.458864,0.968308
23,2979,122.474169,131.490883,18.591832,8.968464,1,-1,-1,-1,0.009018,0.005268,0.325241,0.053812
24,3008,205.792440,180.135977,22.873483,16.054045,1,-1,-1,-1,0.459845,0.432260,3.510951,1.208280
24,3007,48.796856,189.258455,14.561519,18.314549,1,-1,-1,-1,0.425182,0.210174,3.673703,1.229552
24,2984,65.667418,169.576307,15.714774,18.576713,1,-1,-1,-1,0.212500,0.112254,2.380140,0.735217
24,2979,122.489869,131.479687,18.609901,8.960774,1,-1,-1,-1,0.008006,0.004769,0.309624,0.050342
25,3017,164.508916,76.311457,19.753956,18.665895,1,-1,-1,-1,0.217890,0.120519,5.506058,0.785841
25,3008,189.667431,179.339611,21.243946,17.178121,1,-1,-1,-1,0.459462,0.214664,4.568115,1.414544
25,2979,122.438023,131.513900,18.664278,9.001742,1,-1,-1,-1,0.006695,0.004675,0.276330,0.045752
26,3008,180.204030,192.995938,16.797146,18.303465,1,-1,-1,-1,0.232398,0.148303,4.020647,1.164139
26,2979,122.469375,131.474385,18.631020,8.951871,1,-1,-1,-1,0.008413,0.005063,0.313761,0.052274
27,2979,122.490540,131.465695,18.569107,8.928802,1,-1,-1,-1,0.009571,0.005537,0.335694,0.057489
28,3038,79.466242,121.395813,19.362204,10.409783,1,-1,-1,-1,0.078651,0.029517,1.295980,0.194588
28,2979,122.555301,131.469426,18.489000,8.950981,1,-1,-1,-1,0.008929,0.005216,0.329294,0.055368
29,3051,-66.083669,31.863166,8.602914,16.970944,1,-1,-1,-1,0.266022,0.195650,4.494338,0.766752
29,3038,113.410089,115.883084,15.336330,7.828035,1,-1,-1,-1,0.137386,0.056912,2.336992,0.535465
29,2979,122.502281,131.515539,18.565740,8.988249,1,-1,-1,-1,0.009860,0.005648,0.336368,0.056421
30,3058,-203.578833,201.008442,8.251795,16.210122,1,-1,-1,-1,0.313122,0.276505,4.610925,1.157762
30,3051,-42.994621,7.736264,7.600119,15.556210,1,-1,-1,-1,0.545615,0.421729,5.130902,1.066578
30,3038,124.018922,116.539946,14.056795,7.212397,1,-1,-1,-1,0.186913,0.034567,1.309587,0.316406
30,2979,122.508745,131.488033,18.611784,8.954576,1,-1,-1,-1,0.013940,0.007171,0.382042,0.066224
31,3061,-46.706198,188.954576,8.349631,17.968037,1,-1,-1,-1,0.069136,0.028853,1.081267,0.160645
31,3058,-196.559716,199.054811,7.801933,15.997471,1,-1,-1,-1,0.342603,0.356924,4.518867,1.133293
31,2984,99.499025,116.784736,19.870316,8.579406,1,-1,-1,-1,0.320906,0.059950,1.107666,0.252191
31,2979,122.491566,131.527258,18.627131,9.034597,1,-1,-1,-1,0.011215,0.006239,0.344536,0.059185
32,3066,-25.891461,256.707750,10.149045,19.978147,1,-1,-1,-1,0.103587,0.029137,1.237496,0.158781
32,3061,-39.045398,188.506201,8.345705,17.941491,1,-1,-1,-1,0.057511,0.023599,0.894634,0.149838
32,3058,-188.762143,201.052186,7.635688,16.084832,1,-1,-1,-1,0.358409,0.213669,3.852253,1.003978
32,2984,108.298731,117.028183,19.197391,8.553100,1,-1,-1,-1,0.168554,0.052502,0.994940,0.206029
32,2979,122.353797,131.492041,18.872733,8.976706,1,-1,-1,-1,0.010568,0.006056,0.324290,0.055900
33,3072,88.604858,117.379456,18.946181,8.851814,1,-1,-1,-1,0.914077,0.169908,3.496037,0.472220
33,3071,-91.612782,117.117295,18.559230,8.345057,1,-1,-1,-1,0.424445,0.065053,1.890403,0.299235
33,3070,222.342950,79.771418,9.686659,20.506036,1,-1,-1,-1,1.440466,1.003491,5.837639,0.052385
33,3068,-122.992669,117.029755,21.421403,8.140533,1,-1,-1,-1,0.012076,0.007263,0.202278,0.003540
33,3066,-17.946681,256.297347,10.269909,20.006276,1,-1,-1,-1,0.060450,0.016540,0.839998,0.119032
33,3061,-31.114306,188.208524,8.308917,17.934995,1,-1,-1,-1,0.064195,0.025230,0.880964,0.156286
33,3058,-180.779790,200.954790,7.638396,16.051993,1,-1,-1,-1,0.336504,0.225155,3.426083,0.999430
33,2984,116.232149,116.971093,18.739863,8.412376,1,-1,-1,-1,0.210903,0.045896,1.016406,0.235277
33,2979,122.452656,131.449159,18.674705,8.942405,1,-1,-1,-1,0.012381,0.006557,0.361609,0.062594
34,3072,140.173437,116.682798,16.983855,7.843657,1,-1,-1,-1,0.733771,0.099680,1.835762,0.414515
34,3071,-83.383372,117.403430,18.722163,8.685054,1,-1,-1,-1,0.361527,0.070976,1.813615,0.293465
34,3070,214.472053,41.903968,10.269321,22.847141,1,-1,-1,-1,0.399605,0.253794,4.000304,0.412003
34,3068,-114.705659,117.029459,21.412996,8.131161,1,-1,-1,-1,0.012295,0.007400,0.199775,0.003796
34,3067,-8.328326,225.440962,7.956066,18.993865,1,-1,-1,-1,0.282223,0.074409,2.610606,0.368011
34,3066,-9.538367,256.820778,10.356926,19.905129,1,-1,-1,-1,0.034242,0.010789,0.771333,0.108406
34,3061,-22.814406,187.403125,8.414511,17.922899,1,-1,-1,-1,0.060467,0.023529,0.816108,0.152392
34,3058,-172.101572,200.549575,7.635728,15.710882,1,-1,-1,-1,0.187346,0.133855,2.072838,0.725576
34,2984,124.459728,116.676145,17.348589,8.112060,1,-1,-1,-1,0.160964,0.050019,1.005040,0.285657
34,2979,122.456203,131.467655,18.667606,8.924523,1,-1,-1,-1,0.012020,0.006428,0.358778,0.061449
35,3072,159.263022,116.711924,16.248080,7.560483,1,-1,-1,-1,0.320510,0.051522,1.284310,0.318266
35,3071,-74.814103,117.381754,18.895046,8.694523,1,-1,-1,-1,0.173602,0.048562,1.431444,0.240372
35,3068,-106.075450,117.030285,21.418432,8.139381,1,-1,-1,-1,0.012162,0.007323,0.194836,0.003721
35,3066,-0.873062,256.227612,10.292437,19.827161,1,-1,-1,-1,0.049364,0.016340,0.953153,0.142603
35,3061,-14.198051,186.843221,8.412998,17.959547,1,-1,-1,-1,0.083230,0.032466,0.904501,0.179240
35,3058,-164.155678,199.463282,7.656517,15.395061,1,-1,-1,-1,0.456362,0.338801,2.637294,1.096035
35,2979,122.414885,131.493117,18.661215,8.963178,1,-1,-1,-1,0.012139,0.006756,0.350505,0.062027
36,3077,8.363200,6.720503,8.239269,18.902738,1,-1,-1,-1,0.142225,0.097397,2.342225,0.370060
36,3072,172.640851,117.040191,15.875012,7.577176,1,-1,-1,-1,0.600252,0.112121,1.629019,0.495751
36,3071,-65.906256,117.354880,19.152163,8.649492,1,-1,-1,-1,0.175389,0.049830,1.282045,0.230865
36,3068,-97.109204,117.029545,21.412532,8.130984,1,-1,-1,-1,0.011917,0.007176,0.191194,0.003684
36,3066,8.014298,256.712696,10.528024,19.752706,1,-1,-1,-1,0.056955,0.019124,1.042007,0.157505
36,3061,-5.356839,186.179470,8.439854,18.222670,1,-1,-1,-1,0.088844,0.031519,0.866535,0.165157
36,3058,-155.021948,201.697120,7.688550,15.727373,1,-1,-1,-1,0.407401,0.299858,3.147008,1.193778
36,2979,122.468041,131.443568,18.633092,8.903727,1,-1,-1,-1,0.010673,0.005936,0.344635,0.059172
37,3079,18.565425,35.240270,7.987858,18.941504,1,-1,-1,-1,0.174622,0.094760,2.036589,0.323334
37,3077,17.209319,6.974399,8.826803,19.034742,1,-1,-1,-1,0.135909,0.090342,1.960541,0.389063
37,3072,158.877825,117.087312,16.431906,7.624796,1,-1,-1,-1,0.364246,0.096919,1.530612,0.381279
37,3071,-56.617647,117.317343,19.061054,8.701077,1,-1,-1,-1,0.198962,0.062010,1.253448,0.228666
37,3068,-87.800377,117.029923,21.410412,8.130157,1,-1,-1,-1,0.012272,0.007319,0.191580,0.003684
37,3066,17.356906,256.737677,10.473248,19.661964,1,-1,-1,-1,0.041436,0.015089,0.998201,0.142134
37,3061,3.971131,185.053993,8.525062,18.081607,1,-1,-1,-1,0.040269,0.014361,0.620271,0.116977
37,3058,-145.582694,201.603267,7.797896,16.061332,1,-1,-1,-1,0.333128,0.231550,3.004449,1.066403
37,2979,122.503671,131.457787,18.572547,8.904182,1,-1,-1,-1,0.012019,0.006428,0.359965,0.062019
38,3077,27.287716,6.739053,8.413344,19.525132,1,-1,-1,-1,0.153988,0.111120,1.801590,0.321879
38,3071,-47.283681,117.419081,19.093436,8.801175,1,-1,-1,-1,0.245782,0.055799,1.220805,0.241901
38,3068,-78.409535,117.029987,21.410075,8.130029,1,-1,-1,-1,0.012391,0.007318,0.190734,0.003684
38,3066,26.776452,255.487023,10.278843,19.000053,1,-1,-1,-1,0.027782,0.009663,1.041492,0.138213
38,3061,13.333357,184.121824,8.555589,18.217120,1,-1,-1,-1,0.045553,0.015845,0.614211,0.116473
38,3058,-136.144923,201.035047,7.723892,16.034110,1,-1,-1,-1,0.380384,0.274648,2.908236,1.092142
38,2979,122.464305,131.471399,18.611777,8.906997,1,-1,-1,-1,0.010464,0.005819,0.342462,0.058616
39,3086,21.521760,14.701489,8.301835,15.378810,1,-1,-1,-1,0.191223,0.165616,1.885583,0.616953
39,3085,36.463542,62.223861,7.611032,17.295623,1,-1,-1,-1,0.131617,0.089946,2.413391,0.535415
39,3081,196.936916,116.930795,16.369905,8.171112,1,-1,-1,-1,0.182559,0.045873,1.099465,0.293573
39,3077,35.987895,6.496334,8.407796,19.230396,1,-1,-1,-1,0.146389,0.100921,1.732387,0.385077
39,3071,-38.405718,117.447885,19.280938,8.796351,1,-1,-1,-1,0.158512,0.046452,1.139512,0.221666
39,3068,-69.630468,117.030446,21.417555,8.139048,1,-1,-1,-1,0.012267,0.007317,0.191727,0.003721
39,3066,35.452081,256.811246,10.561351,19.521411,1,-1,-1,-1,0.036816,0.013936,0.898735,0.124238
39,3061,22.078069,182.989661,8.567134,18.138277,1,-1,-1,-1,0.088328,0.023478,0.757250,0.155654
39,3058,-127.098710,201.339428,7.768181,16.252192,1,-1,-1,-1,0.312131,0.306544,2.896033,1.062721
39,2979,122.470994,131.460860,18.607914,8.918302,1,-1,-1,-1,0.009199,0.005321,0.323571,0.053309
40,3086,29.923413,13.634862,8.031308,14.975906,1,-1,-1,-1,0.405780,0.326176,2.473711,0.900837
40,3081,184.854702,116.985643,17.020550,7.932999,1,-1,-1,-1,0.360267,0.063917,1.460013,0.343492
40,3077,44.104257,6.910033,8.384526,19.070862,1,-1,-1,-1,0.128279,0.087417,1.525572,0.360184
40,3071,-30.242738,117.057122,19.086670,8.521178,1,-1,-1,-1,0.282862,0.045967,1.126835,0.247496
40,3068,-61.573698,117.039954,21.419939,8.139977,1,-1,-1,-1,0.012387,0.007317,0.191252,0.003648
40,3066,43.562778,256.751973,10.339095,19.908379,1,-1,-1,-1,0.063592,0.021706,0.893104,0.149214
40,3061,30.227180,181.475041,8.459113,18.028419,1,-1,-1,-1,0.114554,0.035707,0.897722,0.199907
40,3058,-118.835037,200.340432,7.633994,15.966161,1,-1,-1,-1,0.377162,0.359720,2.633774,1.096250
40,2979,122.468839,131.469613,18.592479,8.920648,1,-1,-1,-1,0.009383,0.005428,0.327369,0.055357
41,3081,184.559428,116.710852,16.586595,7.689240,1,-1,-1,-1,0.119923,0.038354,0.866300,0.222834
41,3077,51.662273,6.807090,8.405819,19.261865,1,-1,-1,-1,0.133625,0.092186,1.406759,0.342864
41,3071,-22.670874,117.321924,18.830291,8.624415,1,-1,-1,-1,0.202938,0.053057,1.200937,0.269041
41,3068,-54.238215,117.029565,21.412803,8.131087,1,-1,-1,-1,0.012264,0.007389,0.189211,0.003721
41,3061,37.656561,179.988652,8.560417,17.812817,1,-1,-1,-1,0.130245,0.040113,1.004866,0.223909
41,3058,-111.316744,202.063318,7.783443,16.308087,1,-1,-1,-1,0.306158,0.205659,2.597065,1.032339
41,2979,122.477676,131.459270,18.564699,8.921531,1,-1,-1,-1,0.008005,0.004769,0.307998,0.051313
42,3081,190.168324,116.844098,16.406925,7.683837,1,-1,-1,-1,0.123074,0.039420,0.783438,0.222867
42,3077,58.133110,7.005198,8.752994,19.148581,1,-1,-1,-1,0.162319,0.109729,1.605569,0.432348
42,3071,-15.724607,117.140596,18.635121,8.594428,1,-1,-1,-1,0.314644,0.093294,1.417055,0.322133
42,3068,-47.630219,117.029913,21.410457,8.130174,1,-1,-1,-1,0.012633,0.007537,0.192108,0.003759
42,3061,44.298247,178.430644,8.203369,16.837250,1,-1,-1,-1,0.221126,0.172092,1.330927,0.599098
42,3058,-104.488637,202.041144,7.855624,16.368248,1,-1,-1,-1,0.416479,0.274229,2.752147,1.152943
42,2979,122.463141,131.461284,18.593692,8.927370,1,-1,-1,-1,0.007770,0.004722,0.304536,0.049386
43,3081,196.469491,117.183392,16.755611,8.083480,1,-1,-1,-1,0.307094,0.074698,1.199168,0.343214
43,3077,63.948608,7.161894,9.025554,19.116683,1,-1,-1,-1,0.161139,0.112814,1.705057,0.466015
43,3071,-9.874012,117.330832,18.713581,8.665458,1,-1,-1,-1,0.268654,0.081366,1.376863,0.290064
43,3068,-41.732897,117.030458,21.417472,8.139016,1,-1,-1,-1,0.012757,0.007612,0.191909,0.003796
43,3061,50.203183,176.951815,8.115429,16.356328,1,-1,-1,-1,0.136242,0.098467,1.301888,0.506284
43,3058,-98.217775,202.495621,7.861495,16.675902,1,-1,-1,-1,0.429056,0.257624,2.934555,1.110471
43,2979,122.431051,131.449561,18.628162,8.911075,1,-1,-1,-1,0.011104,0.005996,0.343632,0.059133
44,3095,68.927296,35.495306,8.356429,19.601513,1,-1,-1,-1,0.277165,0.159769,2.934491,0.417593
44,3086,55.368548,45.605518,8.280011,18.055331,1,-1,-1,-1,0.271170,0.163774,2.207685,0.679694
44,3081,202.175692,116.973238,16.465078,7.927658,1,-1,-1,-1,0.325078,0.075514,1.224843,0.375943
44,3077,69.300786,7.027992,8.789076,19.085218,1,-1,-1,-1,0.181829,0.121245,1.700351,0.444367
44,3071,-4.708927,117.099244,18.653872,8.547000,1,-1,-1,-1,0.191774,0.048711,1.134506,0.230632
44,3068,-36.560299,117.029559,21.412452,8.130954,1,-1,-1,-1,0.012631,0.007537,0.191674,0.003684
44,3066,68.883735,256.841295,10.174912,19.951490,1,-1,-1,-1,0.132454,0.035677,1.037221,0.194210
44,3061,55.665782,174.856503,8.394486,17.504468,1,-1,-1,-1,0.126891,0.049676,1.121513,0.232743
44,3058,-93.166543,201.947089,7.986946,16.613687,1,-1,-1,-1,0.347007,0.228654,2.683805,1.062155
44,2979,122.411758,131.383216,18.686241,8.814747,1,-1,-1,-1,0.010673,0.005878,0.338454,0.058056
45,3095,73.468630,36.195491,8.353087,19.487567,1,-1,-1,-1,0.107343,0.052868,1.419789,0.289775
45,3081,205.805835,116.877912,16.329569,7.723035,1,-1,-1,-1,0.160619,0.050160,0.912520,0.261619
45,3077,73.653374,8.043703,8.849692,19.253975,1,-1,-1,-1,0.142242,0.097325,1.431527,0.347976
45,3071,0.206389,117.203280,18.949485,8.502250,1,-1,-1,-1,0.350310,0.063509,1.184246,0.270351
45,3068,-32.104590,117.030059,21.419646,8.129880,1,-1,-1,-1,0.012507,0.007462,0.189845,0.003834
45,3066,73.539990,257.836329,10.178142,20.205839,1,-1,-1,-1,0.151610,0.040879,1.014407,0.201030
45,3061,60.085908,174.011426,8.181711,17.149408,1,-1,-1,-1,0.112668,0.090586,1.240865,0.456977
45,3058,-88.555294,201.875163,8.119438,16.661657,1,-1,-1,-1,0.318781,0.216456,2.592436,1.003386
45,2979,122.484576,131.440409,18.550721,8.868152,1,-1,-1,-1,0.010361,0.005819,0.340633,0.058604
46,3100,77.403492,63.588198,7.849847,17.836187,1,-1,-1,-1,0.377620,0.287550,4.806393,0.830303
46,3099,63.602135,207.760766,8.179339,19.468999,1,-1,-1,-1,0.004504,0.003649,0.200353,0.030798
46,3095,77.075626,35.586271,8.452897,19.272590,1,-1,-1,-1,0.115540,0.058840,1.406262,0.333243
46,3081,210.520537,117.255434,16.549863,7.834517,1,-1,-1,-1,0.375675,0.121476,1.268973,0.395908
46,3077,77.261856,7.586114,8.870590,19.303427,1,-1,-1,-1,0.154710,0.106446,1.393653,0.347213
46,3071,3.724824,117.115533,18.484448,8.451078,1,-1,-1,-1,0.241654,0.064155,1.260277,0.305676
46,3068,-28.360335,117.030339,21.418135,8.139255,1,-1,-1,-1,0.012261,0.007388,0.188021,0.003612
46,3066,77.077846,256.949791,10.246959,20.110398,1,-1,-1,-1,0.083979,0.026925,0.929277,0.161341
46,3061,63.926519,172.728709,8.089869,17.161053,1,-1,-1,-1,0.118806,0.082797,1.322918,0.440454
46,3058,-84.829514,201.671439,8.127749,16.635185,1,-1,-1,-1,0.288198,0.200150,2.387704,0.999282
46,2979,122.531838,131.473442,18.476138,8.932437,1,-1,-1,-1,0.009290,0.005374,0.333074,0.056430
47,3100,80.180999,64.199926,7.998331,18.533949,1,-1,-1,-1,0.127949,0.061997,1.739676,0.288878
47,3099,66.613351,205.990706,8.160390,19.469508,1,-1,-1,-1,0.004684,0.003758,0.196157,0.031098
47,3095,80.453797,35.086819,8.277086,19.083278,1,-1,-1,-1,0.118217,0.069681,1.332163,0.343671
47,3081,214.538150,116.996205,16.819084,7.896362,1,-1,-1,-1,0.578112,0.123381,1.588344,0.459005
47,3077,80.644015,6.964604,8.955118,19.047520,1,-1,-1,-1,0.272077,0.178317,1.775270,0.515607
47,3071,6.516564,117.331004,18.794678,8.534870,1,-1,-1,-1,0.168961,0.048194,1.103179,0.233034
47,3068,-25.339813,117.029550,21.412496,8.130971,1,-1,-1,-1,0.011902,0.007243,0.186236,0.003721
47,3066,79.968332,256.454392,10.280994,19.959855,1,-1,-1,-1,0.046449,0.018004,0.797541,0.133685
47,3061,67.569365,169.937696,7.918413,16.952538,1,-1,-1,-1,0.153941,0.118359,1.420953,0.572912
47,3058,-81.916693,201.568325,8.135665,16.654004,1,-1,-1,-1,0.262224,0.275533,2.356259,1.043216
47,2979,122.514187,131.481973,18.501704,8.945928,1,-1,-1,-1,0.008841,0.005216,0.322584,0.053812
48,3100,82.995572,63.528284,7.767754,18.304292,1,-1,-1,-1,0.126913,0.079839,1.655382,0.368920
48,3099,68.908074,204.094037,8.176908,19.483521,1,-1,-1,-1,0.006007,0.004407,0.214514,0.034929
48,3095,82.680882,34.701268,8.189340,18.044583,1,-1,-1,-1,0.109475,0.075757,1.499509,0.415028
48,3086,69.384073,37.737566,8.448460,18.282245,1,-1,-1,-1,0.424150,0.333246,2.804199,0.959306
48,3081,216.150109,117.003949,17.107701,7.839803,1,-1,-1,-1,0.429273,0.087818,1.552965,0.398808
48,3077,83.082928,6.715575,8.889324,19.088202,1,-1,-1,-1,0.270875,0.183047,1.939618,0.566590
48,3071,8.852594,117.065984,18.918030,8.339543,1,-1,-1,-1,0.233363,0.061705,1.052399,0.244021
48,3068,-23.050625,117.030411,21.417715,8.139109,1,-1,-1,-1,0.012755,0.007536,0.190887,0.003648
48,3066,82.225453,256.679229,10.181463,20.013277,1,-1,-1,-1,0.053539,0.015528,0.669122,0.117703
48,3061,69.652328,166.314712,7.874889,16.357595,1,-1,-1,-1,0.127008,0.101685,1.206406,0.503629
48,3058,-78.995669,201.436023,8.021748,16.609870,1,-1,-1,-1,0.341559,0.215803,2.316745,0.988673
48,2979,122.513588,131.482115,18.512738,8.965704,1,-1,-1,-1,0.008929,0.005374,0.324394,0.053805
49,3101,188.699338,116.870611,16.516640,7.942381,1,-1,-1,-1,0.142076,0.050825,0.997095,0.245223
49,3100,84.497252,64.311320,7.738060,18.416884,1,-1,-1,-1,0.118321,0.081925,1.496112,0.338296
49,3099,70.468077,202.021422,8.179545,19.469588,1,-1,-1,-1,0.005436,0.004150,0.203761,0.033284
49,3095,84.573354,35.123320,8.054288,18.225292,1,-1,-1,-1,0.102330,0.063212,1.248850,0.341043
49,3086,70.776684,36.793297,8.251970,17.529394,1,-1,-1,-1,0.376330,0.387076,2.795015,1.076049
49,3081,216.752456,116.806316,16.826599,7.781543,1,-1,-1,-1,0.233790,0.063643,1.131099,0.310162
49,3077,85.118337,6.946283,8.950527,18.919053,1,-1,-1,-1,0.364308,0.304635,2.502996,0.861800
49,3071,10.985735,117.133530,18.887666,8.372038,1,-1,-1,-1,0.307456,0.055615,1.104899,0.264687
49,3068,-21.480335,117.030040,21.419800,8.139924,1,-1,-1,-1,0.012260,0.007315,0.189272,0.003684
49,3066,83.842159,255.478058,10.277423,18.954060,1,-1,-1,-1,0.028860,0.009852,0.932311,0.145265
49,3061,71.579952,164.093806,7.687114,16.286917,1,-1,-1,-1,0.178554,0.138054,1.342393,0.589801
49,3058,-77.680777,200.182830,7.838817,15.954402,1,-1,-1,-1,0.259799,0.225143,1.876539,0.931062
49,2979,122.508939,131.469114,18.522121,8.951995,1,-1,-1,-1,0.008581,0.005216,0.319540,0.053297
50,3104,85.368610,222.870200,8.215281,17.791619,1,-1,-1,-1,0.347611,0.252949,5.031491,0.874340
50,3101,189.904756,116.857842,16.841443,7.890459,1,-1,-1,-1,0.130519,0.040239,1.046903,0.240589
50,3100,85.031237,64.165539,7.846690,18.407928,1,-1,-1,-1,0.108464,0.072999,1.417015,0.375557
50,3099,71.301048,199.823818,8.206970,19.465150,1,-1,-1,-1,0.005381,0.004109,0.203895,0.033606
50,3095,85.172415,35.134988,8.128364,18.898549,1,-1,-1,-1,0.081687,0.040202,0.888126,0.234136
50,3086,71.288946,36.144056,8.200327,17.952142,1,-1,-1,-1,0.318592,0.211665,2.797519,0.903611
50,3081,218.837051,116.627316,16.864372,7.777725,1,-1,-1,-1,0.513790,0.099449,1.404538,0.428902
50,3077,85.531348,7.033170,8.669269,18.923394,1,-1,-1,-1,0.224123,0.171402,2.253423,0.642141
50,3071,12.187162,117.193450,18.781990,8.422764,1,-1,-1,-1,0.347342,0.057207,1.144942,0.271960
50,3068,-20.618356,117.029496,21.412782,8.131079,1,-1,-1,-1,0.012382,0.007388,0.187527,0.003684
50,3066,84.468191,256.581460,10.743074,19.308285,1,-1,-1,-1,0.030281,0.014634,0.930230,0.143196
50,3061,71.425082,160.818166,8.049474,15.842301,1,-1,-1,-1,0.056471,0.045168,0.699997,0.259678
50,3058,-76.323359,200.745885,7.771720,15.885668,1,-1,-1,-1,0.367831,0.238933,1.981077,0.961647
50,2979,122.526322,131.468370,18.497273,8.943327,1,-1,-1,-1,0.009383,0.005482,0.331589,0.056415
51,3104,85.024414,222.720589,8.286835,17.225702,1,-1,-1,-1,0.254669,0.195740,3.169120,0.872500
51,3102,72.549369,-7.233324,7.877679,15.625076,1,-1,-1,-1,0.684470,0.552804,3.747499,1.395646
51,3101,190.754103,116.638138,16.955261,7.919455,1,-1,-1,-1,0.276537,0.078373,1.430156,0.370028
51,3100,85.361094,64.017073,7.870164,18.463368,1,-1,-1,-1,0.083365,0.044325,0.998399,0.283449
51,3099,71.471977,197.490508,8.191590,19.462567,1,-1,-1,-1,0.006185,0.004494,0.215459,0.035613
51,3095,85.627305,35.121386,8.094315,18.653741,1,-1,-1,-1,0.099972,0.048683,0.945414,0.279064
51,3086,72.032630,34.752461,8.021758,18.033059,1,-1,-1,-1,0.279518,0.177493,2.644945,0.878790
51,3081,217.540242,117.162606,16.639353,8.095354,1,-1,-1,-1,0.241758,0.061291,1.187724,0.363079
51,3077,86.147006,7.524966,8.500758,18.416285,1,-1,-1,-1,0.329051,0.253123,2.402405,0.839141
51,3071,12.550567,117.098562,18.704456,8.394481,1,-1,-1,-1,0.377506,0.111809,1.406059,0.344455
51,3068,-20.438906,117.030417,21.417680,8.139094,1,-1,-1,-1,0.013401,0.007764,0.195514,0.003911
51,3066,84.721219,255.289966,10.503456,18.282427,1,-1,-1,-1,0.019687,0.007100,0.943618,0.114672
51,3061,72.056429,157.512272,7.758411,15.305022,1,-1,-1,-1,0.073191,0.053995,0.623171,0.247027
51,3058,-76.760289,200.513482,8.061769,15.658411,1,-1,-1,-1,0.262814,0.268451,1.929685,1.023091
51,2979,122.530537,131.470050,18.508766,8.939910,1,-1,-1,-1,0.009383,0.005537,0.332295,0.056424
52,3104,85.603393,224.357452,8.066410,17.314002,1,-1,-1,-1,0.253706,0.068387,2.672678,0.605952
52,3102,72.710613,-9.788869,7.972940,15.908236,1,-1,-1,-1,0.956679,0.825742,6.297345,1.988638
52,3101,191.638228,116.829328,16.729693,8.143960,1,-1,-1,-1,0.531147,0.159605,1.808746,0.554818
52,3100,85.489833,63.998276,7.882252,18.481317,1,-1,-1,-1,0.105772,0.056779,1.069033,0.281510
52,3099,71.460847,194.963224,8.198853,19.467684,1,-1,-1,-1,0.005380,0.004108,0.202529,0.033609
52,3095,85.601096,35.185612,8.208074,18.513280,1,-1,-1,-1,0.105709,0.050585,1.045574,0.308512
52,3081,219.476394,116.913679,16.954157,8.055749,1,-1,-1,-1,0.466260,0.121354,1.590791,0.492482
52,3077,86.121441,7.364741,8.191168,17.531176,1,-1,-1,-1,0.221186,0.166005,1.934508,0.712039
52,3071,11.938382,117.058999,18.909457,8.326172,1,-1,-1,-1,0.256691,0.043420,1.076774,0.232312
52,3068,-20.440316,117.029565,21.412413,8.130938,1,-1,-1,-1,0.012140,0.007242,0.185917,0.003612
52,3066,85.153564,257.406979,10.329106,19.623418,1,-1,-1,-1,0.055535,0.016965,0.803114,0.127296
52,3061,71.887957,154.695115,7.582781,15.305641,1,-1,-1,-1,0.055681,0.041289,0.535679,0.205888
52,3058,-75.626918,202.355109,7.934131,16.118915,1,-1,-1,-1,0.503097,0.333788,2.472722,1.199213
52,2979,122.528691,131.469573,18.492816,8.940863,1,-1,-1,-1,0.009762,0.005648,0.337358,0.057502
53,3104,74.048662,229.197607,8.404469,17.846973,1,-1,-1,-1,0.296527,0.208835,3.025157,0.650791
53,3100,85.474502,64.103404,7.896822,18.374102,1,-1,-1,-1,0.180724,0.130838,1.557187,0.549114
53,3099,71.441392,192.125952,8.226686,19.474232,1,-1,-1,-1,0.005884,0.004361,0.208619,0.034932
53,3095,85.572727,35.091100,8.205997,18.597027,1,-1,-1,-1,0.110635,0.053561,1.050290,0.317352
53,3081,217.755781,116.959921,17.147293,7.994315,1,-1,-1,-1,0.266243,0.056841,1.340944,0.340082
53,3071,11.431985,117.526059,19.059703,8.660463,1,-1,-1,-1,0.128065,0.040485,0.968867,0.192148
53,3068,-20.451865,117.030417,21.417682,8.139096,1,-1,-1,-1,0.012382,0.007461,0.188800,0.003721
53,3066,85.216773,256.945387,10.272818,19.794730,1,-1,-1,-1,0.137401,0.042440,1.144679,0.253046
53,3061,71.968450,151.459443,7.561135,15.054252,1,-1,-1,-1,0.117018,0.087999,0.805917,0.400880
53,3058,-76.116169,202.044821,7.886046,16.250686,1,-1,-1,-1,0.428032,0.297766,2.508119,1.166559
53,2979,122.538598,131.469130,18.492623,8.931803,1,-1,-1,-1,0.010568,0.005936,0.347929,0.059719
54,3104,71.651703,227.679482,8.409014,17.839320,1,-1,-1,-1,0.216459,0.141092,2.636048,0.580713
54,3100,85.475002,63.848486,7.796276,18.436080,1,-1,-1,-1,0.131258,0.069548,1.303482,0.324612
54,3099,71.426965,188.952853,8.220816,19.471564,1,-1,-1,-1,0.005068,0.003987,0.196257,0.032964
54,3095,85.893334,35.444952,8.347274,18.901356,1,-1,-1,-1,0.127880,0.068545,1.138615,0.289833
54,3081,217.626648,117.275537,17.230238,8.313452,1,-1,-1,-1,0.248761,0.060566,1.304071,0.339033
54,3071,11.380824,117.553924,19.128847,8.806972,1,-1,-1,-1,0.166611,0.048595,1.039044,0.229139
54,3068,-20.457519,117.030048,21.419759,8.139908,1,-1,-1,-1,0.012382,0.007461,0.188804,0.003684
54,3066,84.660948,256.934322,10.484049,20.181915,1,-1,-1,-1,0.090348,0.035700,0.935118,0.156680
54,3061,71.732151,147.516726,7.604539,15.181810,1,-1,-1,-1,0.060786,0.044225,0.588691,0.213282
54,3058,-76.611712,201.931340,7.986012,16.335501,1,-1,-1,-1,0.343370,0.208993,2.302844,1.038287
54,2979,122.530751,131.470550,18.488697,8.938851,1,-1,-1,-1,0.009958,0.005762,0.340827,0.058058
55,3104,71.195600,224.803622,8.326331,17.414676,1,-1,-1,-1,0.278855,0.203858,2.515181,0.708513
55,3100,85.314148,64.025576,7.803065,18.163845,1,-1,-1,-1,0.136538,0.099640,1.455245,0.487369
55,3099,71.416752,185.993156,8.219694,19.488624,1,-1,-1,-1,0.005170,0.004067,0.197277,0.032962
55,3095,85.411242,35.224227,8.339342,18.547316,1,-1,-1,-1,0.057485,0.037523,0.884052,0.232524
55,3081,217.141025,116.944231,17.155613,8.156971,1,-1,-1,-1,0.296297,0.071796,1.308894,0.372919
55,3071,11.327914,117.237790,18.948991,8.722705,1,-1,-1,-1,0.154687,0.052477,1.012346,0.217650
55,3068,-20.463986,117.039922,21.420082,8.140031,1,-1,-1,-1,0.011668,0.007171,0.182421,0.003505
55,3066,85.184848,257.491742,10.330963,20.509573,1,-1,-1,-1,0.174558,0.054484,1.083469,0.220568
55,3061,71.896573,144.303331,7.538541,15.038784,1,-1,-1,-1,0.043793,0.032715,0.450990,0.158780
55,3058,-76.560861,202.388722,7.908030,16.619379,1,-1,-1,-1,0.351890,0.208432,2.335666,1.002796
55,2979,122.530233,131.480078,18.489538,8.939749,1,-1,-1,-1,0.009476,0.005648,0.332714,0.055897
56,3104,71.198980,222.668418,8.400694,17.870541,1,-1,-1,-1,0.223841,0.148144,2.294208,0.568574
56,3100,85.216359,64.209035,7.872060,18.494541,1,-1,-1,-1,0.108848,0.058482,1.095462,0.254672
56,3099,71.415669,183.710174,8.219801,19.499195,1,-1,-1,-1,0.004968,0.003908,0.193685,0.032330
56,3095,85.741581,35.149425,8.208849,18.573347,1,-1,-1,-1,0.102271,0.055045,0.998635,0.319729
56,3071,11.888295,117.256899,18.747012,8.687411,1,-1,-1,-1,0.366468,0.090549,1.342096,0.375708
56,3068,-20.465155,117.030049,21.420133,8.140050,1,-1,-1,-1,0.012505,0.007388,0.190130,0.003759
56,3066,84.937126,256.256521,10.450342,19.957663,1,-1,-1,-1,0.048416,0.018011,1.019976,0.168832
56,3061,71.619029,140.190341,7.538419,14.871125,1,-1,-1,-1,0.085671,0.076503,0.662286,0.354967
56,3058,-76.794990,202.762943,8.009340,16.859708,1,-1,-1,-1,0.318433,0.201458,2.402633,1.019161
56,2979,122.520821,131.470308,18.498436,8.939489,1,-1,-1,-1,0.008413,0.005113,0.317329,0.053811
57,3104,71.421221,221.653420,8.477683,18.714589,1,-1,-1,-1,0.120374,0.080248,1.412148,0.317788
57,3100,85.352510,64.243606,7.860853,18.497808,1,-1,-1,-1,0.148678,0.104115,1.357559,0.406129
57,3099,71.404482,182.126629,8.210971,19.501560,1,-1,-1,-1,0.004918,0.003869,0.191718,0.032017
57,3095,85.490076,35.172881,8.151354,18.653535,1,-1,-1,-1,0.097126,0.057224,1.012347,0.299099
57,3071,12.823921,119.330745,16.604644,9.983375,1,-1,-1,-1,0.150629,0.066687,1.893196,0.569046
57,3068,-20.469486,117.029622,21.422078,8.130826,1,-1,-1,-1,0.012505,0.007461,0.188665,0.003796
57,3066,84.912316,256.595436,10.472228,19.624940,1,-1,-1,-1,0.025413,0.010878,0.898376,0.130270
57,3061,71.619754,137.030136,7.873376,14.988683,1,-1,-1,-1,0.085139,0.060041,0.676244,0.300872
57,3058,-76.513149,202.746861,7.918093,17.101601,1,-1,-1,-1,0.446093,0.270944,2.651834,1.098868
57,2979,122.519886,131.469594,18.510141,8.930866,1,-1,-1,-1,0.009108,0.005428,0.328704,0.055885
58,3106,34.922262,102.272298,24.642282,14.157424,1,-1,-1,-1,0.654499,0.515927,4.747079,0.516361
58,3104,71.292161,220.121445,8.503399,19.164162,1,-1,-1,-1,0.060328,0.043424,0.821467,0.179682
58,3100,85.246851,63.815176,7.860810,18.435735,1,-1,-1,-1,0.113966,0.070020,1.237904,0.391918
58,3099,71.413577,181.253399,8.192026,19.503293,1,-1,-1,-1,0.005169,0.004026,0.196422,0.032643
58,3095,85.542103,35.129617,8.116659,18.689785,1,-1,-1,-1,0.150940,0.093185,1.256602,0.419147
58,3071,12.156591,117.331215,18.295537,8.914688,1,-1,-1,-1,0.384586,0.076679,1.504540,0.346599
58,3068,-20.471714,117.029786,21.411153,8.130423,1,-1,-1,-1,0.012629,0.007461,0.190186,0.003911
58,3066,84.855750,257.244441,10.482699,19.491409,1,-1,-1,-1,0.030571,0.008921,0.819797,0.118724
58,3061,71.983667,133.520647,7.864092,15.247225,1,-1,-1,-1,0.147923,0.111801,0.973872,0.478055
58,3058,-77.327253,200.851781,8.069574,16.257866,1,-1,-1,-1,0.198053,0.181418,1.807080,0.872029
58,2979,122.520874,131.470633,18.508254,8.938687,1,-1,-1,-1,0.008581,0.005164,0.319486,0.053811
59,3112,84.680201,6.849048,8.639628,18.780978,1,-1,-1,-1,0.070667,0.054981,1.376867,0.232987
59,3104,71.402115,218.736470,8.493768,19.497062,1,-1,-1,-1,0.083590,0.062346,0.904966,0.236139
59,3100,85.296087,63.890164,7.894927,18.348210,1,-1,-1,-1,0.139711,0.092440,1.376960,0.477207
59,3099,71.413949,181.072833,8.190231,19.500502,1,-1,-1,-1,0.005118,0.004026,0.193058,0.032644
59,3095,85.572433,35.039427,8.090321,18.425322,1,-1,-1,-1,0.119215,0.072634,1.230026,0.381659
59,3071,11.360194,117.453088,18.611220,8.826161,1,-1,-1,-1,0.203951,0.056173,1.269248,0.282198
59,3068,-20.472733,117.030463,21.417434,8.139002,1,-1,-1,-1,0.012629,0.007536,0.190179,0.003721
59,3066,84.469048,257.012097,10.392975,19.838067,1,-1,-1,-1,0.051975,0.013126,0.767552,0.129623
59,3061,71.627466,128.961892,7.823697,15.324843,1,-1,-1,-1,0.067574,0.048733,0.646681,0.256511
59,3058,-77.198463,201.872248,8.008496,16.538555,1,-1,-1,-1,0.277472,0.287533,2.106798,1.030696
59,2979,122.528809,131.469684,18.492385,8.940636,1,-1,-1,-1,0.008753,0.005268,0.321371,0.053805
60,3112,85.057779,6.899563,8.557445,18.686484,1,-1,-1,-1,0.063066,0.048831,1.185890,0.226882
60,3104,71.327250,217.879637,8.601756,19.799452,1,-1,-1,-1,0.124138,0.084279,1.036797,0.272736
60,3100,85.176176,64.143615,7.891067,18.405053,1,-1,-1,-1,0.103867,0.069953,1.206795,0.394348
60,3099,71.413687,181.073158,8.189988,19.499969,1,-1,-1,-1,0.005169,0.004026,0.194467,0.032329
60,3095,85.492647,35.049823,8.110455,17.965950,1,-1,-1,-1,0.118861,0.084240,1.322950,0.427387
60,3071,11.214756,117.342782,18.815551,8.798311,1,-1,-1,-1,0.181759,0.058850,1.123269,0.236103
60,3068,-20.476526,117.030060,21.419690,8.139882,1,-1,-1,-1,0.012505,0.007461,0.190136,0.003684
60,3061,71.509029,124.897108,7.986477,15.101609,1,-1,-1,-1,0.070530,0.049548,0.576849,0.250897
60,3058,-77.310803,201.678070,8.291584,16.490948,1,-1,-1,-1,0.350106,0.255365,2.288299,1.187126
60,2979,122.530475,131.470137,18.498967,8.939730,1,-1,-1,-1,0.009383,0.005537,0.331363,0.055885
61,3112,85.030056,6.967994,8.443929,19.171143,1,-1,-1,-1,0.089847,0.067365,1.218374,0.272283
61,3104,71.201432,216.739031,8.671897,19.846134,1,-1,-1,-1,0.136278,0.091736,1.128791,0.287615
61,3100,85.253190,64.075543,7.842721,18.653503,1,-1,-1,-1,0.102610,0.056712,1.010639,0.245665
61,3099,71.412563,181.073019,8.181083,19.492155,1,-1,-1,-1,0.004821,0.003869,0.187864,0.031708
61,3095,85.276930,35.303762,8.070407,18.212639,1,-1,-1,-1,0.109507,0.052069,1.089947,0.328929
61,3071,11.146730,117.131539,18.863764,8.555163,1,-1,-1,-1,0.184424,0.048629,1.019748,0.221480
61,3068,-20.480149,117.029992,21.420049,8.140018,1,-1,-1,-1,0.011784,0.007100,0.185318,0.003612
61,3061,71.391286,121.038283,8.149883,15.211779,1,-1,-1,-1,0.066038,0.046333,0.579210,0.246687
61,3058,-77.172882,203.306596,8.263158,16.986584,1,-1,-1,-1,0.366020,0.271225,2.642130,1.217388
61,2979,122.529827,131.469550,18.510266,8.930955,1,-1,-1,-1,0.009958,0.005762,0.339546,0.058046
62,3112,84.519714,7.072288,8.676294,18.755591,1,-1,-1,-1,0.126132,0.084311,1.433027,0.322342
62,3111,85.049381,222.398370,7.772509,15.557537,1,-1,-1,-1,0.266424,0.185464,2.351618,0.869125
62,3104,71.119426,214.472748,8.811124,19.455181,1,-1,-1,-1,0.320899,0.243806,1.844932,0.691117
62,3100,85.226454,64.454055,7.876646,18.457215,1,-1,-1,-1,0.095307,0.051023,0.973155,0.322993
62,3099,71.413672,181.075364,8.188852,19.497698,1,-1,-1,-1,0.005433,0.004190,0.199062,0.033281
62,3095,85.371043,35.113631,8.133215,18.688798,1,-1,-1,-1,0.067456,0.031784,0.716668,0.199382
62,3071,11.331093,117.122445,18.771293,8.466728,1,-1,-1,-1,0.311087,0.053485,1.085638,0.269907
62,3068,-20.481164,117.029981,21.420103,8.140039,1,-1,-1,-1,0.012381,0.007388,0.188336,0.003612
62,3061,71.441897,117.068247,8.165836,15.608145,1,-1,-1,-1,0.055656,0.041275,0.594377,0.236783
62,3058,-77.325044,202.024001,8.295823,16.814805,1,-1,-1,-1,0.269220,0.175169,2.238305,0.945630
62,2979,122.531184,131.481095,18.497739,8.947599,1,-1,-1,-1,0.009958,0.005819,0.337492,0.057506
63,3112,84.748577,7.219426,8.650255,18.686149,1,-1,-1,-1,0.150920,0.107186,1.653842,0.415815
63,3111,85.141149,222.109020,7.696712,15.569636,1,-1,-1,-1,0.242849,0.191976,2.071487,0.811248
63,3104,71.216746,214.527345,8.712414,19.553945,1,-1,-1,-1,0.189330,0.123389,1.630689,0.443150
63,3100,85.099040,64.488947,8.023764,18.216015,1,-1,-1,-1,0.115407,0.064087,1.160790,0.407373
63,3099,71.412838,181.075160,8.189785,19.499502,1,-1,-1,-1,0.005273,0.004107,0.195916,0.032962
63,3095,85.283444,35.143097,8.168612,18.334242,1,-1,-1,-1,0.158315,0.082425,1.235205,0.489481
63,3071,10.986520,117.247566,18.866925,8.550587,1,-1,-1,-1,0.137008,0.039340,0.917948,0.189788
63,3068,-20.473895,117.029477,21.412875,8.131115,1,-1,-1,-1,0.012754,0.007536,0.189979,0.003759
63,3061,71.484615,112.768592,7.988161,15.467404,1,-1,-1,-1,0.049131,0.036395,0.518439,0.187436
63,3058,-77.217189,201.569473,8.160120,16.628826,1,-1,-1,-1,0.365534,0.256975,2.203257,1.076722
63,2979,122.531093,131.480462,18.507738,8.949093,1,-1,-1,-1,0.009383,0.005592,0.332279,0.055895
64,3112,84.905807,6.820912,8.604438,18.594857,1,-1,-1,-1,0.139033,0.096763,1.567180,0.378637
64,3111,84.935505,222.804714,7.833546,15.899492,1,-1,-1,-1,0.318167,0.249092,2.364346,0.976124
64,3100,85.098521,64.285680,7.834654,18.476801,1,-1,-1,-1,0.086937,0.048648,0.921289,0.246066
64,3099,71.403020,181.075696,8.199234,19.489288,1,-1,-1,-1,0.005597,0.004190,0.200755,0.033933
64,3095,85.219354,35.356249,8.248133,18.303319,1,-1,-1,-1,0.087986,0.061217,1.107286,0.326987
64,3071,11.233043,117.113426,18.825655,8.428240,1,-1,-1,-1,0.294059,0.047211,1.019667,0.254061
64,3068,-20.482855,117.040485,21.426936,8.138828,1,-1,-1,-1,0.012505,0.007388,0.188386,0.003612
64,3061,71.475873,107.797274,7.917198,15.142257,1,-1,-1,-1,0.061734,0.044993,0.517073,0.212790
64,3058,-77.065772,202.911024,8.205305,16.902356,1,-1,-1,-1,0.490196,0.367086,2.644790,1.306891
64,2979,122.529537,131.469935,18.501027,8.950248,1,-1,-1,-1,0.009571,0.005648,0.334452,0.056422
65,3112,84.944576,6.969320,8.425174,18.397073,1,-1,-1,-1,0.158356,0.116009,1.726470,0.469425
65,3100,84.883191,64.051215,7.860329,18.392746,1,-1,-1,-1,0.082818,0.048614,0.890921,0.299673
65,3099,71.412329,181.076454,8.199638,19.498862,1,-1,-1,-1,0.005221,0.004067,0.194124,0.032331
65,3095,85.398191,35.215599,8.308672,18.188284,1,-1,-1,-1,0.085162,0.057214,1.086158,0.316013
65,3071,11.197310,117.173968,18.647724,8.507737,1,-1,-1,-1,0.264334,0.058265,1.093725,0.267236
65,3068,-20.485744,117.030003,21.420416,8.140144,1,-1,-1,-1,0.012754,0.007611,0.191530,0.003834
65,3061,71.411431,103.208237,7.808185,15.456926,1,-1,-1,-1,0.077432,0.055553,0.667836,0.273696
65,3058,-77.459759,201.979472,8.122818,16.761721,1,-1,-1,-1,0.294653,0.173667,2.224046,0.916999
65,2979,122.520643,131.480129,18.508799,8.949653,1,-1,-1,-1,0.008753,0.005268,0.322098,0.053812
66,3112,85.234827,6.995503,8.210322,18.346888,1,-1,-1,-1,0.193568,0.142797,1.946950,0.587988
66,3100,85.192270,64.103108,7.813360,18.301799,1,-1,-1,-1,0.092538,0.051486,0.928459,0.326511
66,3099,71.411614,181.075616,8.190870,19.501303,1,-1,-1,-1,0.005326,0.004107,0.195521,0.032961
66,3095,85.431108,35.434323,8.169297,18.707516,1,-1,-1,-1,0.081269,0.038222,0.797930,0.229546
66,3071,11.018268,117.223985,18.894118,8.506194,1,-1,-1,-1,0.189473,0.045906,0.987869,0.213437
66,3068,-20.497808,117.029974,21.420144,8.140055,1,-1,-1,-1,0.011901,0.007242,0.185197,0.003540
66,3061,71.527681,97.992805,7.852756,15.499100,1,-1,-1,-1,0.168329,0.125598,1.028997,0.504464
66,3058,-77.182328,202.353243,8.100250,16.904301,1,-1,-1,-1,0.500734,0.359946,2.599775,1.228601
66,2979,122.520096,131.470097,18.509806,8.949919,1,-1,-1,-1,0.009476,0.005537,0.331259,0.055885
67,3112,85.051767,6.908137,8.479638,18.306551,1,-1,-1,-1,0.163009,0.116195,1.925672,0.576412
67,3101,190.089507,116.878388,16.530668,7.894023,1,-1,-1,-1,0.186643,0.055071,1.047630,0.306599
67,3100,85.237203,63.964428,7.918521,18.296190,1,-1,-1,-1,0.103407,0.064687,1.059327,0.363964
67,3099,71.402736,181.087429,8.198825,19.507649,1,-1,-1,-1,0.006183,0.004492,0.207328,0.035270
67,3095,85.475388,35.338094,8.343962,18.168118,1,-1,-1,-1,0.149172,0.087976,1.268817,0.476803
67,3071,11.053289,117.500090,18.777099,8.686743,1,-1,-1,-1,0.162004,0.048138,1.046846,0.239377
67,3068,-20.480064,117.029474,21.412887,8.131120,1,-1,-1,-1,0.012504,0.007536,0.189782,0.003796
67,3061,71.403915,92.837170,8.053763,15.266420,1,-1,-1,-1,0.236840,0.179813,1.270603,0.711497
67,3058,-77.260731,201.525654,8.044403,16.636787,1,-1,-1,-1,0.372581,0.237158,2.331460,1.096836
67,2979,122.528221,131.469051,18.503471,8.941951,1,-1,-1,-1,0.009383,0.005537,0.331805,0.055891
68,3112,84.856609,6.757128,8.301126,18.038247,1,-1,-1,-1,0.131002,0.095521,1.641437,0.463763
68,3101,190.054527,116.778839,16.231675,7.874090,1,-1,-1,-1,0.169247,0.048625,0.917180,0.284829
68,3100,85.051391,63.602002,7.806196,18.295933,1,-1,-1,-1,0.057924,0.034032,0.729313,0.214206
68,3099,71.410613,181.074689,8.182272,19.494513,1,-1,-1,-1,0.005653,0.004232,0.200746,0.034265
68,3095,85.553612,35.232201,8.265698,17.918300,1,-1,-1,-1,0.151681,0.085087,1.409299,0.480296
68,3071,11.251976,117.565095,18.855904,8.851731,1,-1,-1,-1,0.361753,0.077298,1.210741,0.303848
68,3068,-20.485584,117.019473,21.383350,8.131221,1,-1,-1,-1,0.018736,0.009658,0.224246,0.004633
68,3061,71.034899,89.000491,8.311637,15.596571,1,-1,-1,-1,0.182448,0.142871,1.357581,0.647229
68,3058,-77.377138,202.928046,8.100141,16.969366,1,-1,-1,-1,0.405133,0.288233,2.680286,1.194037
68,2979,122.529552,131.469775,18.500900,8.940449,1,-1,-1,-1,0.009290,0.005482,0.329314,0.055364
69,3112,85.338997,7.413322,8.294014,18.249079,1,-1,-1,-1,0.158700,0.115544,1.647018,0.498438
69,3101,190.356782,116.653996,16.126683,7.787212,1,-1,-1,-1,0.171862,0.046781,0.890165,0.285998
69,3100,85.172651,64.196535,7.867653,18.412151,1,-1,-1,-1,0.119166,0.064618,0.977567,0.352450
69,3099,71.412011,181.078060,8.189056,19.498172,1,-1,-1,-1,0.005597,0.004232,0.198822,0.033607
69,3095,85.552632,35.084428,8.083968,18.207227,1,-1,-1,-1,0.116992,0.070548,1.202244,0.369074
69,3071,10.944900,117.296717,19.185824,8.692685,1,-1,-1,-1,0.128990,0.039754,0.959905,0.193806
69,3068,-20.488797,117.030739,21.415501,8.138309,1,-1,-1,-1,0.012140,0.007315,0.187480,0.003648
69,3061,71.211064,84.971512,8.005525,15.700752,1,-1,-1,-1,0.106038,0.075595,0.961295,0.384505
69,3058,-77.255136,202.206281,7.989602,16.891789,1,-1,-1,-1,0.386909,0.270426,2.538672,1.165101
69,2979,122.520967,131.480614,18.498241,8.948620,1,-1,-1,-1,0.009476,0.005592,0.331644,0.055889
70,3112,85.223233,7.160665,8.504502,18.227349,1,-1,-1,-1,0.148233,0.097209,1.475764,0.392939
70,3101,190.425361,116.693653,16.143774,7.731669,1,-1,-1,-1,0.129475,0.036403,0.790926,0.242072
70,3100,85.241081,64.093362,7.865271,18.360410,1,-1,-1,-1,0.123169,0.068502,1.095112,0.382122
70,3099,71.402044,181.078376,8.198853,19.498075,1,-1,-1,-1,0.005710,0.004274,0.202080,0.034263
70,3095,85.909030,35.304328,8.065985,18.336507,1,-1,-1,-1,0.139568,0.094950,1.346607,0.465235
70,3071,10.929984,117.417067,19.103675,8.798344,1,-1,-1,-1,0.199338,0.054491,1.073240,0.254244
70,3068,-20.492535,117.029619,21.412130,8.130831,1,-1,-1,-1,0.012381,0.007461,0.188169,0.003648
70,3061,71.387738,81.828490,8.045815,15.487629,1,-1,-1,-1,0.176406,0.131609,1.208000,0.590772
70,2979,122.528500,131.469256,18.492909,8.941645,1,-1,-1,-1,0.009108,0.005374,0.326776,0.054324
71,3112,85.202361,7.086781,8.530217,18.485826,1,-1,-1,-1,0.123703,0.084443,1.298319,0.337182
71,3101,190.154281,116.752817,16.144933,7.777348,1,-1,-1,-1,0.150014,0.045867,0.763822,0.240471
71,3100,85.304665,64.015224,7.930514,18.274321,1,-1,-1,-1,0.102706,0.069819,1.127382,0.398483
71,3099,71.410879,181.077070,8.190797,19.501135,1,-1,-1,-1,0.005710,0.004317,0.200425,0.034264
71,3095,85.285798,34.968869,8.136717,18.517551,1,-1,-1,-1,0.077809,0.037170,0.844774,0.237653
71,3071,10.864256,117.427897,19.264939,8.794516,1,-1,-1,-1,0.127445,0.039723,0.948930,0.194310
71,3068,-20.491496,117.030429,21.417622,8.139074,1,-1,-1,-1,0.011901,0.007242,0.185002,0.003612
71,3061,71.344681,78.677233,8.089306,15.339804,1,-1,-1,-1,0.235212,0.194297,1.394352,0.750021
71,2979,122.521107,131.470275,18.507783,8.939449,1,-1,-1,-1,0.009198,0.005428,0.328951,0.055359
72,3112,85.197167,6.850450,8.548114,18.698811,1,-1,-1,-1,0.136194,0.092550,1.291769,0.336324
72,3101,190.132243,116.772254,16.199357,7.793483,1,-1,-1,-1,0.172933,0.050986,0.803741,0.258336
72,3100,85.185416,63.964093,7.914450,18.409849,1,-1,-1,-1,0.070012,0.036783,0.800719,0.245793
72,3099,71.411532,181.078606,8.199135,19.498683,1,-1,-1,-1,0.005433,0.004148,0.196986,0.033284
72,3095,85.341758,35.256496,8.141933,18.318431,1,-1,-1,-1,0.101389,0.072348,1.079101,0.372364
72,3071,10.998791,117.202265,19.277521,8.666409,1,-1,-1,-1,0.273673,0.056069,1.023424,0.244403
72,3068,-20.492836,117.030060,21.419689,8.139882,1,-1,-1,-1,0.012504,0.007388,0.189663,0.003684
72,3061,71.119302,75.594649,7.972287,15.227184,1,-1,-1,-1,0.162786,0.138040,1.179338,0.561596
72,2979,122.521214,131.480764,18.507570,8.948318,1,-1,-1,-1,0.009571,0.005648,0.334076,0.056421
73,3122,71.487283,210.295690,8.529036,18.972792,1,-1,-1,-1,0.189235,0.122402,2.186661,0.432831
73,3112,85.090084,6.842009,8.558274,18.785642,1,-1,-1,-1,0.109724,0.076854,1.163113,0.297623
73,3101,190.170537,116.774794,16.227927,7.781538,1,-1,-1,-1,0.197265,0.056103,0.839032,0.267429
73,3100,85.100234,63.962406,7.924925,18.481598,1,-1,-1,-1,0.085836,0.043715,0.829135,0.271076
73,3099,71.401355,181.088600,8.199601,19.508740,1,-1,-1,-1,0.005883,0.004404,0.205282,0.034596
73,3095,85.286296,34.983312,8.102328,18.192119,1,-1,-1,-1,0.170354,0.111931,1.390545,0.516026
73,3071,10.858273,117.358556,19.343783,8.639437,1,-1,-1,-1,0.172295,0.047699,1.000584,0.221745
73,3068,-20.493853,117.029997,21.420021,8.140008,1,-1,-1,-1,0.012139,0.007315,0.185000,0.003648
73,3061,71.101997,73.307718,7.878362,15.655263,1,-1,-1,-1,0.154579,0.138517,1.255334,0.587482
73,3058,-77.391059,201.556134,8.014898,16.291498,1,-1,-1,-1,0.439371,0.295265,2.326727,1.125963
73,2979,122.528554,131.469279,18.502806,8.941602,1,-1,-1,-1,0.009476,0.005537,0.331862,0.055892
74,3122,71.350738,210.966032,8.638255,19.183759,1,-1,-1,-1,0.209687,0.134395,2.062047,0.414270
74,3112,84.952648,6.717148,8.597481,18.483928,1,-1,-1,-1,0.153828,0.104193,1.360324,0.393877
74,3101,190.304648,116.849079,16.200813,7.842193,1,-1,-1,-1,0.199598,0.055057,0.946703,0.307831
74,3100,85.094815,63.829653,7.969536,18.398263,1,-1,-1,-1,0.096907,0.057705,0.977981,0.331981
74,3099,71.410571,181.088131,8.190624,19.520388,1,-1,-1,-1,0.005379,0.004107,0.197027,0.033284
74,3095,85.288013,35.115652,8.063080,18.011763,1,-1,-1,-1,0.110922,0.052619,1.117154,0.354694
74,3071,10.928417,117.201878,18.884349,8.665421,1,-1,-1,-1,0.291689,0.073077,1.216276,0.326120
74,3068,-20.454750,117.029439,21.413056,8.131193,1,-1,-1,-1,0.015848,0.007611,0.202793,0.005325
74,3061,71.132866,69.729343,7.760331,15.477811,1,-1,-1,-1,0.171514,0.130118,1.249887,0.576345
74,3058,-77.542004,201.713523,7.960356,16.265201,1,-1,-1,-1,0.317541,0.223627,2.110678,1.076693
74,2979,122.529640,131.469817,18.500725,8.940363,1,-1,-1,-1,0.009018,0.005374,0.326719,0.055364
75,3122,71.487953,209.840269,8.552175,18.963959,1,-1,-1,-1,0.212506,0.145320,2.170578,0.495783
75,3112,85.061933,6.889398,8.468405,18.639570,1,-1,-1,-1,0.168727,0.116481,1.476440,0.440511
75,3101,190.043764,116.870463,16.320417,7.905627,1,-1,-1,-1,0.183243,0.051991,0.957409,0.291629
75,3100,85.093310,63.829069,7.965484,18.361502,1,-1,-1,-1,0.104378,0.051997,0.969947,0.326044
75,3099,71.410446,181.076964,8.190889,19.493091,1,-1,-1,-1,0.005824,0.004360,0.203486,0.034932
75,3095,85.305728,35.049339,8.115696,18.016980,1,-1,-1,-1,0.144494,0.087256,1.270834,0.416073
75,3071,10.984042,117.179230,18.861382,8.605672,1,-1,-1,-1,0.345776,0.061178,1.169836,0.281288
75,3068,-20.493890,117.030049,21.419694,8.129899,1,-1,-1,-1,0.013269,0.007764,0.193294,0.003911
75,3058,-77.467614,202.036185,7.906645,16.477520,1,-1,-1,-1,0.421312,0.310926,2.379653,1.167084
75,2979,122.530203,131.480392,18.489681,8.949067,1,-1,-1,-1,0.009108,0.005374,0.328879,0.055362
76,3122,71.504522,208.895887,8.511720,18.567181,1,-1,-1,-1,0.367117,0.262146,2.832982,0.791733
76,3112,84.978009,7.141569,8.569234,18.815542,1,-1,-1,-1,0.160351,0.111416,1.425125,0.383187
76,3101,190.216058,116.781068,16.488330,7.830829,1,-1,-1,-1,0.189269,0.049555,0.984834,0.293075
76,3100,84.947714,63.532985,7.994277,18.160376,1,-1,-1,-1,0.080606,0.039720,0.860237,0.281285
76,3099,71.410770,181.078936,8.189876,19.499421,1,-1,-1,-1,0.005118,0.004026,0.191977,0.032646
76,3095,85.520734,34.855547,8.071993,17.603722,1,-1,-1,-1,0.155635,0.124899,1.449260,0.542012
76,3071,10.992894,117.157340,18.757720,8.530168,1,-1,-1,-1,0.272917,0.064714,1.151022,0.272720
76,3068,-20.494490,117.030360,21.418017,8.139211,1,-1,-1,-1,0.012020,0.007315,0.186614,0.003505
76,3058,-77.350873,201.122143,8.010500,16.146818,1,-1,-1,-1,0.245162,0.188634,1.905955,0.936360
76,2979,122.530808,131.470359,18.498299,8.949392,1,-1,-1,-1,0.009198,0.005482,0.328994,0.055889
77,3122,71.401579,210.091476,8.603567,19.035868,1,-1,-1,-1,0.184940,0.121907,1.964599,0.413736
77,3112,85.221697,6.871319,8.572304,18.660923,1,-1,-1,-1,0.312204,0.219697,1.922112,0.683169
77,3101,190.067624,116.793759,16.381850,7.860904,1,-1,-1,-1,0.132019,0.040102,0.852274,0.250297
77,3100,85.108488,63.788963,7.904714,18.229819,1,-1,-1,-1,0.100486,0.050970,0.930572,0.322917
77,3099,71.401219,181.079573,8.198985,19.498344,1,-1,-1,-1,0.005487,0.004190,0.198221,0.033282
77,3095,85.281937,35.336326,8.193173,18.331424,1,-1,-1,-1,0.089606,0.050181,1.008533,0.273778
77,3071,11.077735,117.191070,18.719407,8.615533,1,-1,-1,-1,0.326476,0.069799,1.195467,0.292091
77,3068,-20.497007,117.029541,21.412537,8.130986,1,-1,-1,-1,0.012381,0.007388,0.189617,0.003759
77,3058,-77.514765,201.469660,7.846354,16.303085,1,-1,-1,-1,0.305199,0.274597,2.030652,1.035464
77,2979,122.519968,131.469602,18.510149,8.940845,1,-1,-1,-1,0.009018,0.005374,0.324029,0.054324
78,3122,71.361617,210.216366,8.649693,19.143671,1,-1,-1,-1,0.109505,0.074321,1.297395,0.273826
78,3112,85.077988,6.510349,8.496825,18.267116,1,-1,-1,-1,0.185648,0.127611,1.774483,0.528817
78,3101,190.076360,116.847749,16.379525,7.878855,1,-1,-1,-1,0.206252,0.056071,0.971552,0.316164
78,3100,85.108854,63.593183,7.803529,18.402275,1,-1,-1,-1,0.100650,0.056638,0.946700,0.290101
78,3099,71.409727,181.077564,8.181747,19.502668,1,-1,-1,-1,0.005326,0.004066,0.195047,0.032962
78,3095,85.342375,35.058216,8.129329,17.842171,1,-1,-1,-1,0.096043,0.050028,1.000004,0.324852
78,3071,11.037588,117.526841,18.907453,8.796282,1,-1,-1,-1,0.256922,0.064135,1.213933,0.286356
78,3068,-20.485904,117.030067,21.419600,8.129863,1,-1,-1,-1,0.013269,0.007687,0.194534,0.003990
78,3058,-77.567850,202.179248,7.971082,16.464192,1,-1,-1,-1,0.298872,0.194537,2.080954,1.012288
78,2979,122.529116,131.469698,18.501682,8.940600,1,-1,-1,-1,0.009290,0.005537,0.328669,0.055359
79,3122,71.325100,210.243836,8.640281,19.283782,1,-1,-1,-1,0.151715,0.100676,1.346320,0.329719
79,3112,85.064065,6.898880,8.464152,18.664612,1,-1,-1,-1,0.152303,0.108480,1.501387,0.406828
79,3101,190.091800,117.059519,16.506875,8.078135,1,-1,-1,-1,0.222991,0.061125,1.068828,0.330008
79,3100,85.036484,64.203845,7.945787,18.508349,1,-1,-1,-1,0.097016,0.051499,0.919514,0.295267
79,3099,71.410714,181.079125,8.189532,19.489869,1,-1,-1,-1,0.004918,0.003908,0.188454,0.031403
79,3095,85.608878,35.581867,8.023887,18.148140,1,-1,-1,-1,0.081317,0.045891,0.888845,0.285687
79,3071,10.947351,117.339836,19.114378,8.702020,1,-1,-1,-1,0.160266,0.046807,1.041631,0.219378
79,3068,-20.475796,117.030360,21.418018,8.139211,1,-1,-1,-1,0.011901,0.007242,0.185024,0.003576
79,3058,-77.691108,201.275431,8.087056,16.208666,1,-1,-1,-1,0.305743,0.228046,2.007606,1.006523
79,2979,122.520312,131.469663,18.519380,8.930719,1,-1,-1,-1,0.009018,0.005374,0.326453,0.055362
80,3122,71.441753,209.259127,8.604144,18.965882,1,-1,-1,-1,0.222398,0.144745,1.692251,0.481896
80,3112,85.075651,6.923206,8.657328,18.355583,1,-1,-1,-1,0.182213,0.117534,1.520114,0.423819
80,3101,190.149185,116.664053,16.376098,7.861476,1,-1,-1,-1,0.136035,0.041297,0.773934,0.229968
80,3100,85.213084,64.023797,7.925239,18.463224,1,-1,-1,-1,0.210274,0.152401,1.405486,0.573900
80,3099,71.401151,181.080386,8.198703,19.497383,1,-1,-1,-1,0.005169,0.004066,0.194731,0.032643
80,3095,85.478576,35.473967,8.124529,18.570504,1,-1,-1,-1,0.136564,0.090491,1.211277,0.443511
80,3071,11.181617,117.470049,19.068353,8.811130,1,-1,-1,-1,0.353793,0.085615,1.293913,0.338031
80,3068,-20.427030,117.040125,21.428967,8.139621,1,-1,-1,-1,0.012019,0.007315,0.184783,0.003471
80,3058,-77.482429,201.625628,8.047309,16.291075,1,-1,-1,-1,0.499056,0.356697,2.320752,1.212641
80,2979,122.529481,131.470218,18.501043,8.939506,1,-1,-1,-1,0.009383,0.005537,0.331283,0.056421
81,3131,36.741054,101.559065,22.526590,14.215556,1,-1,-1,-1,0.590173,0.336594,6.655634,0.579285
81,3122,71.358166,210.537576,8.620677,19.100540,1,-1,-1,-1,0.133958,0.086349,1.343212,0.314067
81,3112,84.928692,7.140145,8.771585,18.507125,1,-1,-1,-1,0.152233,0.105448,1.429590,0.401876
81,3101,189.929340,116.941575,16.641069,8.031719,1,-1,-1,-1,0.229830,0.065872,1.044857,0.321928
81,3100,85.010334,63.692741,7.851624,18.495837,1,-1,-1,-1,0.095965,0.059114,1.079597,0.300614
81,3099,71.410491,181.079401,8.199804,19.499550,1,-1,-1,-1,0.005273,0.004107,0.194870,0.033282
81,3095,85.541957,34.985348,8.060717,18.354306,1,-1,-1,-1,0.081525,0.041339,0.982158,0.307440
81,3071,11.488039,117.351058,18.725688,8.828996,1,-1,-1,-1,0.386119,0.089933,1.427973,0.394733
81,3068,-20.338372,117.029945,21.420720,8.140259,1,-1,-1,-1,0.012629,0.007461,0.191119,0.003834
81,3058,-77.498411,202.705258,7.905257,16.800414,1,-1,-1,-1,0.314994,0.289216,2.433082,1.092956
81,2979,122.530673,131.480192,18.508573,8.939512,1,-1,-1,-1,0.009476,0.005592,0.329068,0.055365
82,3131,35.345327,101.558365,23.963349,13.908918,1,-1,-1,-1,0.629660,0.439290,5.942523,0.677121
82,3122,71.380154,210.453861,8.708990,19.389551,1,-1,-1,-1,0.167141,0.114336,1.407527,0.357790
82,3112,84.596751,6.870416,8.817314,18.394493,1,-1,-1,-1,0.283920,0.182438,1.802304,0.593912
82,3101,190.263568,117.036430,16.861565,8.161702,1,-1,-1,-1,0.272452,0.064122,1.161865,0.350588
82,3100,85.247459,63.949167,7.886195,18.389310,1,-1,-1,-1,0.117459,0.079552,1.167364,0.396905
82,3099,71.400668,181.089672,8.199688,19.508920,1,-1,-1,-1,0.006001,0.004448,0.206612,0.034932
82,3095,85.387101,35.208180,8.096587,18.321342,1,-1,-1,-1,0.123804,0.077262,1.140799,0.381136
82,3071,12.103174,117.358217,18.839424,8.712179,1,-1,-1,-1,0.354495,0.081218,1.415582,0.342428
82,3068,-20.178805,117.030112,21.429379,8.139778,1,-1,-1,-1,0.012505,0.007388,0.188065,0.003759
82,3058,-77.356950,202.754635,7.965972,17.022646,1,-1,-1,-1,0.321383,0.193163,2.374698,0.984520
82,2979,122.528764,131.469661,18.492651,8.940785,1,-1,-1,-1,0.009383,0.005537,0.328921,0.055362
83,3122,71.211586,210.636112,8.680358,19.430336,1,-1,-1,-1,0.166265,0.109482,1.398792,0.358311
83,3112,84.565362,7.051946,8.814118,18.471914,1,-1,-1,-1,0.217922,0.145502,1.824233,0.558912
83,3101,190.259507,116.967942,16.595139,8.165611,1,-1,-1,-1,0.248735,0.061733,1.084275,0.342251
83,3100,85.328398,63.668760,7.781120,18.663117,1,-1,-1,-1,0.076261,0.042537,0.801477,0.168841
83,3099,71.400298,181.078912,8.200224,19.500860,1,-1,-1,-1,0.006001,0.004404,0.205210,0.034933
83,3095,85.519268,35.019565,7.994528,18.478373,1,-1,-1,-1,0.082226,0.038616,0.828381,0.251362
83,3071,12.215376,117.412515,19.518683,8.465939,1,-1,-1,-1,0.229242,0.152988,1.607650,0.324201
83,3068,-19.940036,117.030005,21.429978,8.139992,1,-1,-1,-1,0.012139,0.007315,0.184820,0.003471
83,3058,-77.702190,201.664208,7.964629,16.722738,1,-1,-1,-1,0.302046,0.220530,2.179245,0.944989
83,2979,122.531424,131.480786,18.497064,8.948277,1,-1,-1,-1,0.009383,0.005537,0.331396,0.056421
84,3132,216.666012,117.019298,16.357546,8.014559,1,-1,-1,-1,0.263978,0.057015,1.697184,0.353852
84,3122,71.279036,209.983234,8.723901,19.311509,1,-1,-1,-1,0.202569,0.134658,1.583385,0.442844
84,3112,84.677730,6.718982,8.795649,18.261305,1,-1,-1,-1,0.330509,0.228201,2.225437,0.809075
84,3101,190.098248,116.899981,16.727093,8.072536,1,-1,-1,-1,0.179530,0.049576,1.026506,0.295605
84,3100,85.355006,64.132661,7.881868,18.622496,1,-1,-1,-1,0.153009,0.084798,1.116322,0.331646
84,3099,71.409964,181.078977,8.190767,19.510696,1,-1,-1,-1,0.006061,0.004404,0.205145,0.034933
84,3095,85.210960,34.499100,7.951451,17.988781,1,-1,-1,-1,0.181903,0.101881,1.279067,0.558923
84,3071,13.844019,117.973336,18.502099,9.172540,1,-1,-1,-1,0.125452,0.109671,1.851679,0.227901
84,3068,-19.630862,117.039922,21.430068,8.140026,1,-1,-1,-1,0.012381,0.007315,0.187885,0.003759
84,3058,-77.825965,201.599854,7.831212,16.681153,1,-1,-1,-1,0.222078,0.165300,1.877773,0.796850
84,2979,122.530381,131.480197,18.499240,8.949616,1,-1,-1,-1,0.009383,0.005537,0.331536,0.056424
85,3132,217.142654,116.864571,16.513460,8.072802,1,-1,-1,-1,0.422614,0.085056,1.930164,0.401726
85,3122,71.307341,210.322290,8.655601,19.422320,1,-1,-1,-1,0.177325,0.121152,1.487778,0.394717
85,3112,84.615854,6.574438,8.648719,18.447056,1,-1,-1,-1,0.161364,0.126505,1.747770,0.496274
85,3101,190.149229,116.793698,16.574117,7.926557,1,-1,-1,-1,0.139194,0.040490,0.881990,0.258570
85,3100,85.008311,64.029121,7.979915,18.502728,1,-1,-1,-1,0.131579,0.089100,1.252905,0.448855
85,3099,71.400652,181.079639,8.199383,19.499613,1,-1,-1,-1,0.005653,0.004274,0.200034,0.034265
85,3095,85.202949,35.049185,7.954905,18.498483,1,-1,-1,-1,0.099406,0.048713,0.953169,0.297647
85,3071,14.237459,117.211522,19.469432,8.572217,1,-1,-1,-1,0.165062,0.119660,1.470847,0.379295
85,3068,-19.212136,117.039991,21.430082,8.140031,1,-1,-1,-1,0.013138,0.007687,0.191150,0.003873
85,3058,-77.632964,201.390142,7.875921,16.359431,1,-1,-1,-1,0.156917,0.110784,1.454454,0.613870
85,2979,122.529101,131.469379,18.501801,8.941398,1,-1,-1,-1,0.009290,0.005428,0.329033,0.055892
86,3132,217.463388,116.746178,16.620735,7.873864,1,-1,-1,-1,0.504839,0.100226,1.912046,0.408728
86,3122,71.427922,209.981844,8.670425,19.323035,1,-1,-1,-1,0.187746,0.127702,1.548671,0.425665
86,3112,84.830046,7.389395,8.549803,18.859548,1,-1,-1,-1,0.154568,0.105510,1.463946,0.392790
86,3101,189.819331,116.919709,16.459960,8.003545,1,-1,-1,-1,0.201335,0.055540,0.955804,0.295841
86,3100,85.195513,64.139021,7.951940,18.623752,1,-1,-1,-1,0.122186,0.066050,1.110437,0.353554
86,3099,71.400426,181.080025,8.199670,19.508933,1,-1,-1,-1,0.005169,0.004026,0.193260,0.032646
86,3095,85.150120,35.429882,8.178651,18.307255,1,-1,-1,-1,0.120722,0.082508,1.203452,0.396628
86,3071,15.166439,117.367403,19.760773,8.512347,1,-1,-1,-1,0.118182,0.087675,1.154691,0.311598
86,3068,-18.573828,117.029630,21.422256,8.130879,1,-1,-1,-1,0.008006,0.004817,0.148966,0.003612
86,3058,-77.946684,201.333244,8.202725,16.199465,1,-1,-1,-1,0.201857,0.150877,1.586332,0.711118
86,2979,122.529042,131.469625,18.492001,8.940746,1,-1,-1,-1,0.009108,0.005428,0.326387,0.054324
87,3132,232.689411,117.972161,16.652003,8.487222,1,-1,-1,-1,0.973004,0.336282,2.951314,0.791031
87,3122,71.386685,210.211934,8.656118,19.420044,1,-1,-1,-1,0.196177,0.133622,1.543450,0.416612
87,3112,84.797417,7.760475,8.657107,19.036178,1,-1,-1,-1,0.183783,0.119622,1.484827,0.422536
87,3101,189.853615,117.013590,16.602899,8.081048,1,-1,-1,-1,0.197994,0.054532,1.014220,0.304792
87,3100,85.086228,64.124260,7.915843,18.607037,1,-1,-1,-1,0.116681,0.061739,1.075186,0.350172
87,3099,71.410223,181.079610,8.199948,19.509868,1,-1,-1,-1,0.005379,0.004148,0.196343,0.032962
87,3095,85.185861,35.308489,8.134387,18.345014,1,-1,-1,-1,0.086940,0.052053,0.995247,0.298161
87,3071,16.925482,117.321996,19.329668,8.576582,1,-1,-1,-1,0.187587,0.137770,1.463597,0.479496
87,3068,-17.762759,117.030366,21.428007,8.139220,1,-1,-1,-1,0.008005,0.004817,0.150894,0.003684
87,3058,-78.053790,201.426453,8.124859,16.216710,1,-1,-1,-1,0.191345,0.152910,1.535835,0.675573
87,2979,122.530493,131.470133,18.498924,8.939729,1,-1,-1,-1,0.009476,0.005592,0.333697,0.056954
88,3122,71.362179,210.175221,8.670918,19.414546,1,-1,-1,-1,0.158011,0.105616,1.383241,0.346341
88,3112,84.793743,7.656695,8.855892,18.861985,1,-1,-1,-1,0.257577,0.170640,1.790790,0.604531
88,3101,190.029125,116.819759,16.579781,8.007899,1,-1,-1,-1,0.309545,0.059971,1.034139,0.309987
88,3100,85.202803,64.072073,7.950886,18.871302,1,-1,-1,-1,0.084522,0.045038,0.838214,0.219318
88,3099,71.400127,181.079150,8.200265,19.500943,1,-1,-1,-1,0.005067,0.003986,0.193128,0.032330
88,3095,85.153756,35.185964,8.274192,18.550702,1,-1,-1,-1,0.075409,0.039719,0.829694,0.225249
88,3071,18.888542,117.496743,19.407904,8.759153,1,-1,-1,-1,0.141818,0.099933,1.234926,0.326503
88,3068,-16.696097,117.029612,21.422090,8.130817,1,-1,-1,-1,0.007770,0.004722,0.150921,0.003911
88,3058,-78.355523,203.628571,8.411864,16.945183,1,-1,-1,-1,0.164906,0.094646,1.703045,0.583751
88,2979,122.512059,131.460298,18.535885,8.929548,1,-1,-1,-1,0.009108,0.005428,0.326643,0.054844
89,3122,71.492242,209.098750,8.594593,19.006822,1,-1,-1,-1,0.238572,0.170420,1.745518,0.567238
89,3112,84.972188,7.424222,9.297839,18.272909,1,-1,-1,-1,0.211693,0.153246,1.941645,0.745078
89,3101,189.966601,116.711656,16.513730,7.869170,1,-1,-1,-1,0.133303,0.040116,0.866835,0.248901
89,3100,85.184860,64.119608,7.950348,18.878884,1,-1,-1,-1,0.082783,0.045443,0.802069,0.219132
89,3099,71.400314,181.089980,8.199783,19.509169,1,-1,-1,-1,0.005487,0.004190,0.197958,0.033605
89,3095,85.166193,34.979179,8.182919,18.608539,1,-1,-1,-1,0.101364,0.048588,0.874705,0.280765
89,3071,21.293372,117.359056,19.539018,8.521991,1,-1,-1,-1,0.108661,0.084359,1.152669,0.333143
89,3068,-15.366809,117.029826,21.410950,8.130344,1,-1,-1,-1,0.007694,0.004722,0.150915,0.004408
89,3058,-78.261381,202.198308,8.824019,16.817957,1,-1,-1,-1,0.168771,0.142844,1.649236,0.685706
89,2979,122.529335,131.480541,18.501332,8.948598,1,-1,-1,-1,0.009476,0.005592,0.333691,0.056956
90,3122,71.514476,209.979559,8.562132,19.355378,1,-1,-1,-1,0.177875,0.122557,1.556971,0.424804
90,3101,190.200805,117.047948,16.576810,8.002594,1,-1,-1,-1,0.184807,0.041665,0.883128,0.260757
90,3100,85.210950,64.006866,7.933791,18.806594,1,-1,-1,-1,0.119446,0.062257,0.952540,0.289173
90,3099,71.410021,181.079277,8.200238,19.500880,1,-1,-1,-1,0.005653,0.004232,0.199739,0.033607
90,3095,85.352212,34.883829,8.135815,18.391910,1,-1,-1,-1,0.134453,0.080237,1.134568,0.395037
90,3071,23.279819,117.349596,19.547216,8.473181,1,-1,-1,-1,0.070696,0.058930,0.895028,0.239736
90,3068,-13.974636,117.040467,21.427233,8.138939,1,-1,-1,-1,0.007394,0.004583,0.147007,0.004070
90,3058,-78.458792,201.688998,9.506434,16.573497,1,-1,-1,-1,0.218068,0.184920,1.751312,0.816666
90,2979,122.520533,131.469864,18.518935,8.940434,1,-1,-1,-1,0.009571,0.005648,0.334121,0.056962
91,3122,71.553395,209.860310,8.537840,19.350789,1,-1,-1,-1,0.176610,0.123131,1.536214,0.437467
91,3101,190.189019,116.686328,16.258992,7.894808,1,-1,-1,-1,0.218597,0.059364,0.949502,0.326412
91,3100,85.097319,64.179380,7.888683,18.906079,1,-1,-1,-1,0.076989,0.041298,0.769091,0.183818
91,3099,71.400801,181.090820,8.208803,19.507619,1,-1,-1,-1,0.005653,0.004232,0.199772,0.033933
91,3095,85.146318,34.867648,8.104313,18.470196,1,-1,-1,-1,0.118946,0.056180,1.084532,0.345037
91,3071,24.658730,117.462791,19.468755,8.534995,1,-1,-1,-1,0.086636,0.068473,0.949446,0.283701
91,3068,-12.755465,117.039642,21.421966,8.130767,1,-1,-1,-1,0.007848,0.004769,0.148228,0.003402
91,3058,-79.145577,202.294707,9.989834,16.633019,1,-1,-1,-1,0.310809,0.289973,2.144830,1.062613
91,2979,122.529528,131.480190,18.500946,8.949466,1,-1,-1,-1,0.009571,0.005592,0.331625,0.055894
92,3122,71.433626,210.185593,8.547549,19.358185,1,-1,-1,-1,0.118322,0.082169,1.191886,0.292922
92,3101,190.201098,116.761714,16.122293,7.773739,1,-1,-1,-1,0.171297,0.047250,0.870467,0.285760
92,3100,84.972268,64.060465,7.955134,18.607190,1,-1,-1,-1,0.093332,0.051463,0.887990,0.311738
92,3099,71.409462,181.078297,8.201317,19.493025,1,-1,-1,-1,0.005118,0.003986,0.193152,0.032645
92,3095,85.385984,34.891094,8.151453,18.163821,1,-1,-1,-1,0.133504,0.078797,1.194921,0.398137
92,3071,25.742282,117.307058,19.735315,8.308723,1,-1,-1,-1,0.090012,0.067869,0.912617,0.198334
92,3068,-11.474679,117.029995,21.420260,8.130099,1,-1,-1,-1,0.007926,0.004722,0.145672,0.003335
92,3058,-78.575866,202.464131,9.418651,17.314174,1,-1,-1,-1,0.282803,0.255435,2.357050,0.936719
92,2979,122.520738,131.480243,18.508605,8.949525,1,-1,-1,-1,0.008929,0.005321,0.324008,0.054841
93,3137,85.959617,5.796647,8.593734,16.519096,1,-1,-1,-1,0.241411,0.188755,2.906984,0.866069
93,3122,71.306854,209.809516,8.662006,19.111545,1,-1,-1,-1,0.197419,0.129405,1.414973,0.410056
93,3101,190.322398,116.729004,16.154129,7.744461,1,-1,-1,-1,0.154722,0.043732,0.859231,0.275078
93,3100,85.331667,64.225845,8.041847,18.567281,1,-1,-1,-1,0.119570,0.081004,1.105500,0.397935
93,3099,71.409710,181.079109,8.191001,19.501143,1,-1,-1,-1,0.006966,0.004865,0.216829,0.037734
93,3095,85.327655,34.891635,8.149237,18.338542,1,-1,-1,-1,0.079251,0.040531,0.936375,0.275441
93,3071,27.307639,117.360056,19.580444,8.402953,1,-1,-1,-1,0.094292,0.075966,0.963250,0.281476
93,3068,-10.113409,117.030400,21.427827,8.139154,1,-1,-1,-1,0.007542,0.004629,0.144356,0.003368
93,2979,122.518418,131.469152,18.503246,8.941858,1,-1,-1,-1,0.009762,0.005648,0.333484,0.056956
94,3140,216.654956,117.095090,16.933136,8.386130,1,-1,-1,-1,0.640100,0.148034,3.075273,0.550146
94,3122,71.416458,210.651270,8.615034,19.374407,1,-1,-1,-1,0.196264,0.153918,1.578363,0.479321
94,3101,190.262284,116.963743,16.402564,7.941056,1,-1,-1,-1,0.215790,0.049537,0.966675,0.305948
94,3100,85.366725,64.041027,7.985654,18.603612,1,-1,-1,-1,0.118787,0.078194,1.136648,0.366429
94,3099,71.410662,181.090838,8.198881,19.507745,1,-1,-1,-1,0.005542,0.004232,0.200190,0.033611
94,3095,85.337521,35.240399,8.316729,18.596053,1,-1,-1,-1,0.084308,0.048127,0.891694,0.266082
94,3071,29.092851,117.459066,19.793098,8.436973,1,-1,-1,-1,0.129643,0.106021,1.111303,0.342633
94,3068,-8.635314,117.029648,21.421905,8.130743,1,-1,-1,-1,0.006829,0.004360,0.138124,0.003205
94,2979,122.520982,131.470250,18.517847,8.939497,1,-1,-1,-1,0.009860,0.005762,0.336593,0.056962
95,3140,217.014047,117.194100,17.063578,8.470011,1,-1,-1,-1,0.367706,0.080755,2.184824,0.414367
95,3122,71.368349,210.203663,8.613519,19.306687,1,-1,-1,-1,0.124009,0.083872,1.222858,0.301763
95,3101,190.083341,116.916091,16.764370,8.020093,1,-1,-1,-1,0.194996,0.055565,1.075223,0.314805
95,3100,85.231651,64.204169,7.925819,18.441925,1,-1,-1,-1,0.129968,0.067269,1.123030,0.388769
95,3099,71.410061,181.079564,8.200105,19.500585,1,-1,-1,-1,0.005379,0.004107,0.196401,0.033283
95,3095,84.976841,35.308041,8.448584,18.830053,1,-1,-1,-1,0.101440,0.049546,0.925742,0.291739
95,3071,31.413841,117.630926,19.533835,8.576088,1,-1,-1,-1,0.136059,0.098779,1.220621,0.375898
95,3068,-7.024530,117.029954,21.420232,8.130088,1,-1,-1,-1,0.006307,0.004148,0.133238,0.003173
95,2979,122.518805,131.469624,18.502558,8.940749,1,-1,-1,-1,0.009290,0.005482,0.329236,0.056425
96,3140,216.506609,117.060941,17.108795,8.327049,1,-1,-1,-1,0.338721,0.071333,1.957258,0.395397
96,3122,71.468473,210.386162,8.566920,19.497297,1,-1,-1,-1,0.114611,0.081952,1.115516,0.295874
96,3101,190.027090,116.953673,16.972780,8.031028,1,-1,-1,-1,0.116325,0.030273,0.851844,0.212955
96,3100,85.164866,63.932680,7.852601,18.488631,1,-1,-1,-1,0.099955,0.053022,0.971530,0.290844
96,3099,71.409768,181.079458,8.190737,19.510657,1,-1,-1,-1,0.005767,0.004317,0.201283,0.033933
96,3095,85.414399,34.670989,8.302637,18.019524,1,-1,-1,-1,0.079096,0.037116,0.933443,0.318750
96,3071,33.660647,117.664507,19.489482,8.632003,1,-1,-1,-1,0.194562,0.127303,1.344891,0.418052
96,3068,-5.295158,117.029883,21.410636,8.130230,1,-1,-1,-1,0.006563,0.004274,0.135542,0.002959
96,2979,122.530633,131.470594,18.498562,8.948759,1,-1,-1,-1,0.009018,0.005374,0.326301,0.054843
97,3122,71.316975,210.454977,8.637180,19.392425,1,-1,-1,-1,0.181236,0.120433,1.305160,0.374797
97,3101,190.211683,116.681205,16.557510,7.891666,1,-1,-1,-1,0.193994,0.051929,0.925762,0.302234
97,3100,85.183680,63.727908,7.861547,18.534937,1,-1,-1,-1,0.068690,0.036763,0.761371,0.217693
97,3099,71.400567,181.080517,8.199107,19.508621,1,-1,-1,-1,0.005653,0.004274,0.199728,0.033934
97,3095,85.292603,35.290678,8.243659,18.437617,1,-1,-1,-1,0.081986,0.038193,0.779066,0.239267
97,3071,36.021324,117.635473,19.176797,8.951226,1,-1,-1,-1,0.147066,0.045583,1.100806,0.228603
97,3068,-3.434914,117.029986,21.410068,8.130026,1,-1,-1,-1,0.006183,0.004026,0.130856,0.002815
97,2979,122.528543,131.469181,18.492999,8.941688,1,-1,-1,-1,0.009108,0.005374,0.326116,0.054321
98,3143,70.118013,28.517844,8.541726,17.665126,1,-1,-1,-1,0.360121,0.252149,6.041296,1.084413
98,3122,71.267033,210.451171,8.672386,19.328103,1,-1,-1,-1,0.150849,0.097088,1.248575,0.331056
98,3101,190.064211,117.085940,16.756685,8.098053,1,-1,-1,-1,0.189523,0.052985,1.027611,0.305144
98,3100,85.088598,63.790254,7.847039,18.620794,1,-1,-1,-1,0.067925,0.035347,0.698024,0.188580
98,3099,71.409380,181.078337,8.191345,19.493106,1,-1,-1,-1,0.005118,0.003986,0.191452,0.032331
98,3095,85.241291,35.232153,8.228757,18.392353,1,-1,-1,-1,0.074683,0.035007,0.726633,0.234607
98,3071,38.767874,117.541470,19.267371,8.973386,1,-1,-1,-1,0.082342,0.029972,0.869480,0.170448
98,3068,-1.435033,117.030215,21.428799,8.129567,1,-1,-1,-1,0.006628,0.004232,0.135501,0.002989
98,2979,122.521098,131.470269,18.507801,8.939458,1,-1,-1,-1,0.009383,0.005482,0.328576,0.055359
99,3122,71.579992,209.498418,8.539421,19.165732,1,-1,-1,-1,0.193342,0.130751,1.458582,0.457755
99,3101,190.195095,116.806215,16.615677,7.964543,1,-1,-1,-1,0.202784,0.054525,1.013270,0.314759
99,3100,85.289127,63.888455,7.877299,18.530893,1,-1,-1,-1,0.135151,0.089583,1.074526,0.398948
99,3099,71.410427,181.080386,8.199244,19.488952,1,-1,-1,-1,0.005221,0.004066,0.192849,0.032644
99,3095,85.114368,35.155913,8.229342,18.714041,1,-1,-1,-1,0.069897,0.033024,0.671260,0.207266
99,3071,41.654047,117.354205,19.100319,8.873755,1,-1,-1,-1,0.064841,0.025881,0.758011,0.151313
99,3068,0.715535,117.030520,21.447174,8.138920,1,-1,-1,-1,0.006498,0.004190,0.135564,0.003335
99,2979,122.530418,131.480515,18.499080,8.948824,1,-1,-1,-1,0.008929,0.005321,0.323768,0.053809
100,3122,71.397777,210.178166,8.592787,19.103907,1,-1,-1,-1,0.166406,0.110483,1.385180,0.384397
100,3101,190.142247,116.687150,16.470477,7.889292,1,-1,-1,-1,0.175525,0.050037,0.947505,0.289707
100,3100,85.193913,64.018272,7.794750,18.411551,1,-1,-1,-1,0.116815,0.081978,1.163145,0.388545
100,3099,71.410402,181.090896,8.199341,19.507799,1,-1,-1,-1,0.005597,0.004190,0.199460,0.033932
100,3095,85.167625,35.306105,8.256708,18.826472,1,-1,-1,-1,0.072555,0.033998,0.666833,0.206481
100,3071,45.232368,117.383229,18.873246,8.639416,1,-1,-1,-1,0.132727,0.093724,1.128578,0.389490
100,3068,3.014113,117.040015,21.449731,8.139898,1,-1,-1,-1,0.006370,0.004107,0.132012,0.002901
100,2979,122.520251,131.480106,18.499658,8.949797,1,-1,-1,-1,0.008753,0.005268,0.321025,0.054318
