1,2929,60.920000,181.170000,8.130000,19.200000,1,-1,-1,-1,10.000000,10.000000,10.000000,10.000000
1,2928,-10.110000,117.300000,18.760000,8.710000,1,-1,-1,-1,10.000000,10.000000,10.000000,10.000000
1,2927,153.770000,117.110000,17.620000,8.510000,1,-1,-1,-1,10.000000,10.000000,10.000000,10.000000
1,2926,182.580000,117.080000,18.020000,8.090000,1,-1,-1,-1,10.000000,10.000000,10.000000,10.000000
1,2925,122.040000,131.070000,19.440000,8.140000,1,-1,-1,-1,10.000000,10.000000,10.000000,10.000000
1,2924,-39.840000,116.880000,18.870000,7.610000,1,-1,-1,-1,10.000000,10.000000,10.000000,10.000000
1,2923,78.650000,42.140000,8.110000,18.650000,1,-1,-1,-1,10.000000,10.000000,10.000000,10.000000
1,2922,78.310000,69.350000,7.640000,16.970000,1,-1,-1,-1,10.000000,10.000000,10.000000,10.000000
2,2929,61.372525,177.912117,7.924935,17.425911,1,-1,-1,-1,0.220808,0.173544,4.288090,0.933635
2,2928,-9.618328,117.099193,18.446648,8.481616,1,-1,-1,-1,0.114126,0.052796,2.005853,0.407496
2,2927,154.512958,116.478462,16.264082,7.743090,1,-1,-1,-1,0.121183,0.068473,1.851664,0.558722
2,2926,182.902351,117.233641,18.265288,8.552713,1,-1,-1,-1,0.109651,0.060126,2.151263,0.415417
2,2925,122.040000,131.070000,19.440000,8.140000,1,-1,-1,-1,0.003118,0.002905,0.182000,0.026453
2,2924,-39.720006,116.880002,18.860012,7.609995,1,-1,-1,-1,0.003696,0.003179,0.191331,0.026191
2,2923,78.779997,42.150008,8.110007,18.659984,1,-1,-1,-1,0.003150,0.003806,0.217893,0.034627
2,2922,78.430000,69.350000,7.640000,16.970000,1,-1,-1,-1,0.003964,0.004248,0.318618,0.061082
3,2930,78.160000,12.460000,7.940000,16.390000,1,-1,-1,-1,10.000000,10.000000,10.000000,10.000000
3,2929,61.403646,176.900088,7.800546,17.469117,1,-1,-1,-1,0.131246,0.101335,2.738755,0.543402
3,2928,-10.121235,117.333407,18.784015,8.616803,1,-1,-1,-1,0.106562,0.062884,1.996001,0.335467
3,2927,154.404681,116.751513,16.936532,7.906962,1,-1,-1,-1,0.155214,0.089047,2.874260,0.526283
3,2926,182.507366,116.811121,17.911011,8.215230,1,-1,-1,-1,0.214839,0.108585,3.699348,0.568909
3,2925,122.040000,131.070000,19.440000,8.140000,1,-1,-1,-1,0.002995,0.002875,0.177674,0.025849
3,2924,-39.709801,116.890000,18.869674,7.609992,1,-1,-1,-1,0.004380,0.004600,0.220649,0.031397
3,2923,78.780033,42.139843,8.110003,18.650333,1,-1,-1,-1,0.003181,0.003804,0.218522,0.033934
3,2922,78.429970,69.360388,7.640142,16.989210,1,-1,-1,-1,0.004084,0.004332,0.314205,0.058613
4,2929,60.917712,174.616502,7.793833,16.675494,1,-1,-1,-1,0.164097,0.092500,2.182279,0.487132
4,2928,-10.238381,117.516826,18.896924,8.804758,1,-1,-1,-1,0.108922,0.054133,1.676267,0.316492
4,2927,154.424881,116.678982,17.137349,7.955795,1,-1,-1,-1,0.096451,0.055805,1.830152,0.394828
4,2926,182.783870,117.187003,18.052744,8.273082,1,-1,-1,-1,0.158919,0.079229,2.548772,0.469666
4,2925,122.040000,131.070000,19.440000,8.140000,1,-1,-1,-1,0.003022,0.002901,0.168810,0.025350
4,2924,-39.710077,116.889967,18.870259,7.610108,1,-1,-1,-1,0.004328,0.004500,0.208034,0.030798
4,2923,78.780074,42.150083,8.109886,18.649749,1,-1,-1,-1,0.003082,0.003723,0.204243,0.033607
4,2922,78.439746,69.349001,7.640509,16.972166,1,-1,-1,-1,0.003956,0.004239,0.289963,0.058054
5,2929,60.705819,174.025734,7.962421,17.694432,1,-1,-1,-1,0.122797,0.066503,1.857380,0.424733
5,2928,-10.148302,117.392409,19.020561,8.833578,1,-1,-1,-1,0.118775,0.059676,1.576520,0.325108
5,2927,154.396608,116.479147,16.829722,7.788932,1,-1,-1,-1,0.100239,0.056876,1.419767,0.379878
5,2926,182.567444,117.849865,18.363973,8.857531,1,-1,-1,-1,0.129699,0.065788,2.000013,0.346769
5,2925,122.040000,131.070000,19.440000,8.140000,1,-1,-1,-1,0.003081,0.002899,0.166011,0.025848
5,2924,-39.710349,116.879925,18.860782,7.610213,1,-1,-1,-1,0.003687,0.003236,0.176063,0.026105
5,2923,78.780062,42.150111,8.109899,18.649769,1,-1,-1,-1,0.003143,0.003796,0.196256,0.033283
5,2922,78.430091,69.360285,7.639923,16.979346,1,-1,-1,-1,0.003915,0.004194,0.278137,0.056965
6,2929,60.757770,171.917200,7.989273,18.312569,1,-1,-1,-1,0.146872,0.087791,1.737906,0.422452
6,2928,-10.039812,117.289385,18.836536,8.791143,1,-1,-1,-1,0.125636,0.078328,1.575465,0.358604
6,2927,154.572541,116.518656,16.726499,7.707832,1,-1,-1,-1,0.166049,0.101842,1.784852,0.536624
6,2926,182.614790,117.457807,18.508887,8.932567,1,-1,-1,-1,0.086570,0.053472,1.478210,0.284443
6,2925,122.040144,131.070222,19.429735,8.149534,1,-1,-1,-1,0.002989,0.002842,0.162298,0.025598
6,2924,-39.699494,116.890314,18.858966,7.619270,1,-1,-1,-1,0.004367,0.004586,0.197683,0.031703
6,2923,78.780137,42.150440,8.109743,18.659087,1,-1,-1,-1,0.003142,0.003795,0.193036,0.033283
6,2922,78.429985,69.359972,7.640052,16.980088,1,-1,-1,-1,0.004238,0.004407,0.281190,0.060283
7,2929,60.668815,169.867320,8.312409,18.903010,1,-1,-1,-1,0.102210,0.064682,1.348527,0.316200
7,2928,-9.969402,117.143071,18.799861,8.718926,1,-1,-1,-1,0.138158,0.089971,1.610883,0.399318
7,2927,154.290260,117.152538,17.024316,8.168587,1,-1,-1,-1,0.153222,0.087626,1.995851,0.558791
7,2926,182.635234,116.703876,18.098829,8.495902,1,-1,-1,-1,0.113633,0.078018,1.663035,0.440464
7,2925,122.039779,131.069757,19.440413,8.140514,1,-1,-1,-1,0.002901,0.002813,0.158096,0.025349
7,2924,-39.710540,116.879688,18.861180,7.610719,1,-1,-1,-1,0.003649,0.003202,0.171993,0.025852
7,2923,78.779924,42.149664,8.110167,18.650706,1,-1,-1,-1,0.003270,0.003871,0.194530,0.034263
7,2922,78.439084,69.337897,7.631817,16.954458,1,-1,-1,-1,0.003835,0.004150,0.266127,0.057513
8,2929,60.407662,166.293364,8.570717,18.980872,1,-1,-1,-1,0.090826,0.049796,1.230888,0.327544
8,2928,-10.500560,117.161299,18.892962,8.598697,1,-1,-1,-1,0.047164,0.014522,0.649972,0.103631
8,2927,154.311907,116.872145,16.760992,8.079942,1,-1,-1,-1,0.074757,0.058672,1.321493,0.396969
8,2926,182.647459,117.206687,18.451972,8.469713,1,-1,-1,-1,0.113521,0.060350,1.476884,0.358410
8,2925,122.039951,131.069975,19.440098,8.140050,1,-1,-1,-1,0.002872,0.002757,0.157207,0.025103
8,2924,-39.710075,116.879962,18.860173,7.610076,1,-1,-1,-1,0.003612,0.003170,0.169036,0.025598
8,2923,78.780010,42.150002,8.109991,18.649991,1,-1,-1,-1,0.003335,0.003909,0.196723,0.034597
8,2922,78.430949,69.362120,7.638154,16.975488,1,-1,-1,-1,0.003991,0.004233,0.267687,0.058602
9,2933,158.758060,130.859676,15.327372,7.784916,1,-1,-1,-1,0.112550,0.084026,1.396235,0.380155
9,2929,59.879179,162.999449,9.164632,19.028836,1,-1,-1,-1,0.144255,0.084530,1.747453,0.557397
9,2928,-9.948012,117.351199,18.691467,8.734433,1,-1,-1,-1,0.144746,0.095953,1.263880,0.388901
9,2927,154.280881,116.674262,16.458264,7.881954,1,-1,-1,-1,0.066970,0.050209,1.024839,0.342562
9,2926,182.771558,117.315968,18.344870,8.562184,1,-1,-1,-1,0.094159,0.060799,1.407682,0.342751
9,2925,122.039993,131.069997,19.440014,8.140006,1,-1,-1,-1,0.002989,0.002869,0.159413,0.025848
9,2924,-39.709992,116.879999,18.860002,7.610001,1,-1,-1,-1,0.003576,0.003139,0.168311,0.025349
9,2923,78.780417,42.150605,8.119149,18.648786,1,-1,-1,-1,0.003049,0.003719,0.187573,0.033284
9,2922,78.430176,69.350435,7.639659,16.979220,1,-1,-1,-1,0.004071,0.004318,0.266098,0.059162
10,2933,157.688452,130.833515,15.179499,7.737710,1,-1,-1,-1,0.087098,0.060363,0.942780,0.292764
10,2929,57.797080,156.303268,9.543678,16.955271,1,-1,-1,-1,0.112338,0.073519,1.175339,0.465359
10,2928,-9.961370,117.343562,18.710343,8.777639,1,-1,-1,-1,0.137198,0.087099,1.402881,0.382201
10,2927,154.144820,116.643085,16.519050,7.714469,1,-1,-1,-1,0.066875,0.048729,0.983615,0.341733
10,2926,182.714734,117.166027,18.268524,8.515134,1,-1,-1,-1,0.108821,0.052640,1.283450,0.341745
10,2925,122.039999,131.070000,19.440002,8.140001,1,-1,-1,-1,0.003018,0.002898,0.159007,0.025849
10,2924,-39.719597,116.880103,18.869242,7.609794,1,-1,-1,-1,0.003648,0.003170,0.167801,0.025349
10,2923,78.779618,42.149435,8.110805,18.651127,1,-1,-1,-1,0.003205,0.003831,0.191648,0.033606
10,2922,78.429880,69.349469,7.640249,16.971104,1,-1,-1,-1,0.004030,0.004275,0.266996,0.058607
11,2933,156.781530,130.935235,14.956936,7.681854,1,-1,-1,-1,0.083941,0.066030,0.873455,0.302299
11,2929,56.395039,157.770880,10.808673,17.916583,1,-1,-1,-1,0.252640,0.181294,2.022234,0.907962
11,2928,-10.092738,117.187837,18.738358,8.734169,1,-1,-1,-1,0.132053,0.080702,1.374666,0.376191
11,2927,154.171005,117.127257,16.934057,7.978457,1,-1,-1,-1,0.072750,0.053597,1.177892,0.365101
11,2926,182.490539,116.994655,18.150335,8.395655,1,-1,-1,-1,0.150521,0.111189,1.713566,0.533969
11,2925,122.040000,131.070000,19.440000,8.140000,1,-1,-1,-1,0.003018,0.002869,0.158656,0.025598
11,2924,-39.710377,116.879902,18.860731,7.610195,1,-1,-1,-1,0.003759,0.003202,0.170359,0.026102
11,2923,78.779965,42.149921,8.110077,18.650155,1,-1,-1,-1,0.003110,0.003755,0.189611,0.033283
11,2922,78.439805,69.349368,7.640332,16.961299,1,-1,-1,-1,0.003759,0.004067,0.259605,0.056430
12,2933,155.772926,131.035431,15.240611,7.727014,1,-1,-1,-1,0.102658,0.072407,0.901047,0.321806
12,2929,54.745111,153.935089,11.702042,18.484163,1,-1,-1,-1,0.371106,0.311235,2.919297,1.436452
12,2928,-9.993336,117.240185,18.790459,8.659404,1,-1,-1,-1,0.104048,0.066154,1.190374,0.323651
12,2927,154.220657,116.597479,16.893637,7.911509,1,-1,-1,-1,0.090172,0.051082,1.062357,0.350940
12,2926,182.678040,116.971170,17.914447,8.330162,1,-1,-1,-1,0.149708,0.075634,1.670365,0.476281
12,2925,122.040000,131.070000,19.440000,8.140000,1,-1,-1,-1,0.002988,0.002840,0.156988,0.025349
12,2924,-39.719998,116.879986,18.860072,7.610027,1,-1,-1,-1,0.003648,0.003202,0.167154,0.025104
12,2923,78.780128,42.150431,8.109750,18.659103,1,-1,-1,-1,0.003173,0.003793,0.189171,0.033283
12,2922,78.439423,69.349256,7.631202,16.961481,1,-1,-1,-1,0.003834,0.004108,0.258586,0.058048
13,2933,154.794841,130.973544,15.383360,7.751647,1,-1,-1,-1,0.085866,0.063890,0.907453,0.320550
13,2929,51.754209,149.035425,14.338294,16.550399,1,-1,-1,-1,0.586116,0.344346,3.957672,0.863053
13,2928,-10.072022,117.417253,18.761517,8.767363,1,-1,-1,-1,0.117890,0.073987,1.253732,0.350709
13,2927,154.354247,116.425775,15.963836,7.678861,1,-1,-1,-1,0.057966,0.041324,0.745461,0.289148
13,2926,182.531549,117.155454,17.872851,8.375410,1,-1,-1,-1,0.156317,0.079054,1.710694,0.483486
13,2925,122.030148,131.059876,19.459703,8.130321,1,-1,-1,-1,0.002871,0.002784,0.155367,0.024859
13,2924,-39.709615,116.890077,18.869122,7.609767,1,-1,-1,-1,0.004278,0.004493,0.188292,0.030793
13,2923,78.779903,42.149630,8.110200,18.650775,1,-1,-1,-1,0.003173,0.003831,0.190469,0.033606
13,2922,78.430585,69.350678,7.638873,16.958640,1,-1,-1,-1,0.003834,0.004149,0.257958,0.057506
14,2933,154.109375,131.322287,15.382594,7.787968,1,-1,-1,-1,0.105967,0.082274,0.926684,0.350491
14,2929,47.014137,144.494287,15.766876,16.983573,1,-1,-1,-1,0.367747,0.274061,3.859532,1.323697
14,2928,-10.577199,117.166815,18.958202,8.737393,1,-1,-1,-1,0.053237,0.021726,0.747106,0.123013
14,2927,154.449295,116.927447,17.054125,7.814417,1,-1,-1,-1,0.124918,0.073842,1.129044,0.384944
14,2926,182.632843,117.368401,18.310716,8.447405,1,-1,-1,-1,0.089766,0.058425,1.302986,0.324157
14,2925,122.039845,131.070120,19.440310,8.139673,1,-1,-1,-1,0.003172,0.002956,0.160695,0.026101
14,2924,-39.710329,116.879938,18.860704,7.610187,1,-1,-1,-1,0.003684,0.003202,0.168512,0.025601
14,2923,78.779993,42.149973,8.110018,18.650053,1,-1,-1,-1,0.003236,0.003869,0.190234,0.033933
14,2922,78.430271,69.350823,7.639463,16.968312,1,-1,-1,-1,0.003990,0.004275,0.261676,0.059158
15,2933,153.584326,131.317953,15.462571,7.811146,1,-1,-1,-1,0.084035,0.061984,0.834200,0.302995
15,2929,42.002624,140.221000,18.165187,14.997707,1,-1,-1,-1,0.156491,0.110806,2.458699,0.512224
15,2928,-10.570663,117.010729,18.990500,8.527850,1,-1,-1,-1,0.071213,0.019867,0.657718,0.125163
15,2927,154.369130,116.889424,17.337026,7.998598,1,-1,-1,-1,0.124580,0.071244,1.267759,0.404420
15,2926,182.444006,117.260589,18.013621,8.522368,1,-1,-1,-1,0.164735,0.083447,1.544196,0.465955
15,2925,122.039656,131.069908,19.430714,8.140185,1,-1,-1,-1,0.002843,0.002784,0.155102,0.025104
15,2924,-39.710032,116.879986,18.860073,7.610027,1,-1,-1,-1,0.003648,0.003201,0.167943,0.025598
15,2923,78.780134,42.150450,8.109737,18.659063,1,-1,-1,-1,0.003302,0.003908,0.191632,0.034263
15,2922,78.439313,69.348867,7.631344,16.962303,1,-1,-1,-1,0.003796,0.004067,0.255097,0.056968
16,2933,153.266984,131.407553,15.732648,8.036885,1,-1,-1,-1,0.091160,0.076884,0.915785,0.339112
16,2929,36.614074,137.185069,19.317086,14.444363,1,-1,-1,-1,0.185826,0.138365,2.587873,0.874757
16,2928,-9.866475,117.352064,18.713829,8.694064,1,-1,-1,-1,0.114216,0.073696,1.045333,0.328033
16,2927,154.341320,116.442158,16.451024,7.897360,1,-1,-1,-1,0.085450,0.066041,0.989060,0.383366
16,2926,182.423861,117.549882,18.397054,8.681105,1,-1,-1,-1,0.100336,0.047781,1.163300,0.294086
16,2925,122.040342,131.070099,19.439287,8.139803,1,-1,-1,-1,0.002958,0.002840,0.156238,0.025597
16,2924,-39.709995,116.880000,18.859998,7.609999,1,-1,-1,-1,0.003721,0.003234,0.167780,0.025349
16,2923,78.780024,42.150057,8.109956,18.659887,1,-1,-1,-1,0.003204,0.003831,0.189844,0.033934
16,2922,78.431045,69.362411,7.637956,16.984973,1,-1,-1,-1,0.004364,0.004538,0.267171,0.060283
17,2933,152.982403,131.356194,16.138207,8.131116,1,-1,-1,-1,0.107582,0.087652,1.070303,0.400418
17,2929,31.325279,133.129247,19.504935,12.695060,1,-1,-1,-1,0.228451,0.177375,2.383416,0.975577
17,2928,-10.059853,117.602502,18.722024,8.805979,1,-1,-1,-1,0.118875,0.058936,1.153733,0.335742
17,2927,154.518874,116.679472,16.596553,7.923148,1,-1,-1,-1,0.135609,0.078181,1.214267,0.448500
17,2926,182.417293,117.256468,18.314614,8.629518,1,-1,-1,-1,0.178109,0.131374,1.677469,0.580063
17,2925,122.040041,131.070016,19.439918,8.139968,1,-1,-1,-1,0.002929,0.002812,0.156145,0.025349
17,2924,-39.709991,116.880002,18.859989,7.609995,1,-1,-1,-1,0.003758,0.003233,0.169106,0.025848
17,2923,78.779878,42.149571,8.110247,18.650895,1,-1,-1,-1,0.003236,0.003869,0.189633,0.033934
17,2922,78.429889,69.349295,7.640225,16.971577,1,-1,-1,-1,0.003990,0.004232,0.260962,0.058611
18,2933,152.685938,131.366550,15.873109,8.152240,1,-1,-1,-1,0.078543,0.060161,0.820418,0.291351
18,2929,23.318899,131.780278,20.827407,10.352864,1,-1,-1,-1,0.138729,0.117251,1.998553,0.366077
18,2928,-10.535070,117.155847,18.903991,8.466241,1,-1,-1,-1,0.054236,0.015692,0.621950,0.114248
18,2927,154.468139,116.930564,17.284030,8.032358,1,-1,-1,-1,0.142508,0.087485,1.393036,0.455135
18,2926,182.428338,117.077829,17.876086,8.594494,1,-1,-1,-1,0.138096,0.086994,1.578883,0.460807
18,2925,122.040005,131.070002,19.439989,8.139996,1,-1,-1,-1,0.002958,0.002840,0.157414,0.025349
18,2924,-39.719579,116.880111,18.869197,7.609778,1,-1,-1,-1,0.003684,0.003201,0.167559,0.025849
18,2923,78.779986,42.149958,8.110031,18.650083,1,-1,-1,-1,0.003269,0.003869,0.189482,0.034263
18,2922,78.449256,69.338752,7.631399,16.962575,1,-1,-1,-1,0.003402,0.002927,0.226474,0.050834
19,2933,152.691549,131.175901,15.723507,8.059581,1,-1,-1,-1,0.097033,0.076758,0.867543,0.348400
19,2929,18.160301,130.518437,19.326859,9.148894,1,-1,-1,-1,0.148980,0.127650,1.654049,0.499191
19,2928,-10.557114,117.129035,18.912126,8.531375,1,-1,-1,-1,0.042138,0.014349,0.535884,0.098965
19,2927,154.433079,116.727275,17.234623,8.006052,1,-1,-1,-1,0.118049,0.069269,1.338817,0.428100
19,2926,182.621483,117.105505,17.923930,8.453587,1,-1,-1,-1,0.119079,0.082777,1.448325,0.416577
19,2925,122.040001,131.070000,19.439999,8.139999,1,-1,-1,-1,0.002871,0.002784,0.154621,0.024859
19,2924,-39.708828,116.890523,18.877547,7.618836,1,-1,-1,-1,0.004152,0.004404,0.187197,0.030496
19,2923,78.780131,42.150442,8.109741,18.659080,1,-1,-1,-1,0.003204,0.003831,0.187743,0.033607
19,2922,78.431687,69.363122,7.646712,16.983472,1,-1,-1,-1,0.004070,0.004317,0.258731,0.058581
20,2933,152.457230,131.188746,15.774994,8.121326,1,-1,-1,-1,0.079175,0.060671,0.867945,0.317213
20,2929,10.722878,130.699078,19.844562,8.635332,1,-1,-1,-1,0.119176,0.105577,1.393029,0.232573
20,2928,-10.017273,117.221698,18.804973,8.553339,1,-1,-1,-1,0.117965,0.060428,0.955300,0.332687
20,2927,154.344451,116.902757,17.400038,8.106350,1,-1,-1,-1,0.130052,0.073897,1.350966,0.416820
20,2926,182.497439,117.037609,18.002502,8.338897,1,-1,-1,-1,0.140940,0.072582,1.485277,0.448863
20,2925,122.040000,131.070000,19.440000,8.140000,1,-1,-1,-1,0.002988,0.002869,0.157218,0.025349
20,2924,-39.710605,116.889637,18.881224,7.610776,1,-1,-1,-1,0.004111,0.004360,0.184399,0.029625
20,2923,78.779899,42.149623,8.110205,18.650789,1,-1,-1,-1,0.003204,0.003831,0.187589,0.033933
20,2922,78.438549,69.347254,7.632908,16.965700,1,-1,-1,-1,0.004070,0.004317,0.264115,0.059161
21,2933,152.202044,131.014010,15.793188,8.120868,1,-1,-1,-1,0.097869,0.077441,0.967619,0.368546
21,2929,3.561562,130.976029,19.669641,8.505739,1,-1,-1,-1,0.146005,0.116476,1.494893,0.393001
21,2928,-10.088936,117.532026,18.733874,8.748092,1,-1,-1,-1,0.125447,0.065344,1.191673,0.388737
21,2927,154.394190,116.668185,16.806943,7.958989,1,-1,-1,-1,0.076342,0.042949,0.912187,0.311039
21,2926,182.609482,117.315170,18.282499,8.463566,1,-1,-1,-1,0.063226,0.041321,1.011760,0.259854
21,2925,122.040000,131.070000,19.440000,8.140000,1,-1,-1,-1,0.003048,0.002869,0.158572,0.025848
21,2924,-39.701083,116.889683,18.862181,7.610640,1,-1,-1,-1,0.004726,0.004817,0.195526,0.031706
21,2923,78.779987,42.149962,8.110028,18.650074,1,-1,-1,-1,0.003334,0.003908,0.190703,0.034263
21,2922,78.448979,69.327908,7.622015,16.944337,1,-1,-1,-1,0.003301,0.002898,0.224213,0.050835
22,2933,152.001611,131.109229,16.356130,8.081449,1,-1,-1,-1,0.113436,0.088311,1.130215,0.432015
22,2929,-4.343514,131.898259,19.751798,9.303475,1,-1,-1,-1,0.071528,0.059598,1.095745,0.243607
22,2928,-10.089528,117.396885,18.919829,8.773216,1,-1,-1,-1,0.116765,0.059450,1.130459,0.326833
22,2927,154.420944,116.749876,16.527611,7.977832,1,-1,-1,-1,0.094224,0.073762,1.065544,0.400647
22,2926,182.610792,117.683127,18.412879,8.684504,1,-1,-1,-1,0.131593,0.069065,1.219257,0.353647
22,2925,122.040000,131.070000,19.440000,8.140000,1,-1,-1,-1,0.003048,0.002869,0.157157,0.025598
22,2924,-39.700145,116.889946,18.860303,7.610115,1,-1,-1,-1,0.004587,0.004722,0.194074,0.032328
22,2923,78.780005,42.150008,8.109992,18.649982,1,-1,-1,-1,0.002988,0.003718,0.184301,0.033284
22,2922,78.440846,69.351653,7.628349,16.956445,1,-1,-1,-1,0.003834,0.004148,0.253951,0.058031
23,2933,151.705492,131.167849,16.113879,8.059921,1,-1,-1,-1,0.106542,0.083571,1.021073,0.391053
23,2929,-10.390025,130.286357,18.750351,8.997093,1,-1,-1,-1,0.216479,0.185890,1.514312,0.718028
23,2928,-10.409508,117.087527,18.892206,8.458537,1,-1,-1,-1,0.057964,0.016162,0.629497,0.118426
23,2927,154.450263,116.805546,17.651542,7.973994,1,-1,-1,-1,0.109257,0.061775,1.101214,0.355892
23,2926,182.581924,117.241817,18.449850,8.624104,1,-1,-1,-1,0.103745,0.071830,1.201324,0.337356
23,2925,122.040000,131.070000,19.440000,8.140000,1,-1,-1,-1,0.002814,0.002757,0.153012,0.024618
23,2924,-39.701375,116.879451,18.842818,7.601182,1,-1,-1,-1,0.003301,0.003015,0.160508,0.024622
23,2923,78.780008,42.150015,8.109986,18.649969,1,-1,-1,-1,0.003079,0.003718,0.185648,0.033283
23,2922,78.440204,69.350446,7.629595,16.959106,1,-1,-1,-1,0.003911,0.004190,0.255033,0.057506
24,2933,151.876371,131.136406,15.945471,8.017828,1,-1,-1,-1,0.100766,0.081990,0.944962,0.371373
24,2929,-19.078942,130.329331,18.638486,8.738478,1,-1,-1,-1,0.217887,0.172108,1.880854,0.755937
24,2928,-9.847754,117.425015,18.622567,8.508920,1,-1,-1,-1,0.120257,0.082322,1.056541,0.375610
24,2927,154.306603,116.838185,17.661992,8.047421,1,-1,-1,-1,0.106437,0.061734,1.148350,0.360820
24,2926,182.571630,117.371591,18.468421,8.660302,1,-1,-1,-1,0.101627,0.065377,1.217818,0.343943
24,2925,122.040000,131.070000,19.440000,8.140000,1,-1,-1,-1,0.002958,0.002840,0.155585,0.025349
24,2924,-39.708723,116.880522,18.857447,7.608926,1,-1,-1,-1,0.003079,0.002897,0.155719,0.023675
24,2923,78.780008,42.150016,8.109986,18.649968,1,-1,-1,-1,0.003301,0.003908,0.190402,0.033933
24,2922,78.431203,69.362751,7.637633,16.984302,1,-1,-1,-1,0.004070,0.004317,0.261181,0.059158
25,2933,151.926639,130.974284,15.720980,7.969058,1,-1,-1,-1,0.100706,0.078233,0.869710,0.356605
25,2929,-26.072468,130.591020,17.995773,8.840664,1,-1,-1,-1,0.318252,0.229248,2.122271,1.050001
25,2928,-10.094881,117.436630,18.736177,8.628915,1,-1,-1,-1,0.125434,0.075338,1.210534,0.386723
25,2927,154.263023,116.895198,17.269719,8.219361,1,-1,-1,-1,0.217771,0.127977,1.536835,0.569792
25,2926,182.216997,117.784070,18.537977,8.890744,1,-1,-1,-1,0.106364,0.067229,1.256161,0.331728
25,2925,122.040000,131.070000,19.440000,8.140000,1,-1,-1,-1,0.002988,0.002869,0.155585,0.025103
25,2924,-39.709339,116.890171,18.868639,7.609571,1,-1,-1,-1,0.004408,0.004629,0.189555,0.030792
25,2923,78.780008,42.150015,8.109986,18.649968,1,-1,-1,-1,0.003334,0.003947,0.192074,0.034263
25,2922,78.438977,69.337450,7.632011,16.955408,1,-1,-1,-1,0.003796,0.004067,0.255069,0.057510
26,2933,151.931437,131.137430,15.817269,8.042538,1,-1,-1,-1,0.112363,0.088270,0.958767,0.401968
26,2929,-36.289848,130.953683,18.589846,8.224893,1,-1,-1,-1,0.098392,0.043996,1.312958,0.399759
26,2928,-10.505830,117.154369,18.880262,8.589938,1,-1,-1,-1,0.051201,0.016006,0.624964,0.109460
26,2927,154.335773,116.693445,17.340347,8.157485,1,-1,-1,-1,0.163977,0.098053,1.561275,0.531047
26,2926,182.165666,117.198196,18.469218,8.750363,1,-1,-1,-1,0.176467,0.116012,1.644506,0.603967
26,2925,122.029782,131.059770,19.450461,8.130533,1,-1,-1,-1,0.002759,0.002702,0.151519,0.024618
26,2924,-39.692824,116.879040,18.835656,7.602079,1,-1,-1,-1,0.006121,0.005648,0.215860,0.034929
26,2923,78.780583,42.151142,8.118805,18.657679,1,-1,-1,-1,0.003301,0.003908,0.190432,0.033934
26,2922,78.431696,69.363456,7.646611,16.982768,1,-1,-1,-1,0.004030,0.004274,0.256774,0.058051
27,2933,151.784124,131.008922,15.861262,8.013938,1,-1,-1,-1,0.102648,0.078989,0.920711,0.372147
27,2929,-45.296745,130.820175,18.379116,8.115332,1,-1,-1,-1,0.140532,0.057708,1.330275,0.453269
27,2928,-10.000263,117.394779,18.776862,8.727856,1,-1,-1,-1,0.149904,0.099843,1.117788,0.387098
27,2927,154.453472,116.597587,17.061182,8.095582,1,-1,-1,-1,0.130553,0.089195,1.465669,0.536951
27,2926,182.262044,116.897239,18.346610,8.602741,1,-1,-1,-1,0.305935,0.169119,2.086076,0.792980
27,2925,122.039823,131.070104,19.430352,8.139709,1,-1,-1,-1,0.002900,0.002812,0.154082,0.024859
27,2924,-39.717504,116.880640,18.885014,7.598713,1,-1,-1,-1,0.005379,0.005164,0.204322,0.031102
27,2923,78.779617,42.149465,8.110801,18.661071,1,-1,-1,-1,0.003436,0.004026,0.193582,0.035271
27,2922,78.429388,69.348733,7.641260,16.972697,1,-1,-1,-1,0.003834,0.004107,0.254678,0.056965
28,2933,152.079294,131.250518,16.207795,8.053902,1,-1,-1,-1,0.108345,0.095034,1.065828,0.420616
28,2929,-53.862828,130.889819,18.090748,8.079375,1,-1,-1,-1,0.226320,0.074514,1.557161,0.574928
28,2928,-9.698685,117.172870,18.577327,8.706535,1,-1,-1,-1,0.150361,0.074011,1.291630,0.416161
28,2927,154.464754,116.419013,16.238154,7.737680,1,-1,-1,-1,0.055288,0.042966,0.798430,0.299240
28,2926,182.454404,117.177959,18.366189,8.455564,1,-1,-1,-1,0.105923,0.072220,1.407461,0.376845
28,2925,122.040388,131.070122,19.439196,8.139757,1,-1,-1,-1,0.002958,0.002840,0.155441,0.025597
28,2924,-39.699954,116.890412,18.849911,7.619056,1,-1,-1,-1,0.003721,0.003233,0.170527,0.026361
28,2923,78.779814,42.149432,8.110374,18.651174,1,-1,-1,-1,0.003436,0.004026,0.193609,0.035273
28,2922,78.438910,69.337758,7.632144,16.954635,1,-1,-1,-1,0.003911,0.004190,0.258631,0.058600
29,2942,-69.652857,118.052499,20.699239,10.288228,1,-1,-1,-1,0.668076,0.174107,3.201076,0.309503
29,2933,151.793270,131.060139,16.400688,8.081634,1,-1,-1,-1,0.116569,0.090015,1.132609,0.440104
29,2929,-64.027519,131.180883,18.570089,8.014064,1,-1,-1,-1,0.210862,0.073896,1.494772,0.473509
29,2928,-9.942032,117.443283,18.640423,8.748078,1,-1,-1,-1,0.133939,0.067257,1.301198,0.389861
29,2927,154.685776,116.835707,16.652175,7.910047,1,-1,-1,-1,0.122376,0.078000,1.163796,0.436376
29,2926,182.628013,117.499887,18.350547,8.682626,1,-1,-1,-1,0.111349,0.071833,1.323382,0.359624
29,2925,122.040047,131.070019,19.439906,8.139963,1,-1,-1,-1,0.002929,0.002840,0.154083,0.025103
29,2924,-39.710218,116.879791,18.860472,7.610511,1,-1,-1,-1,0.003611,0.003170,0.166898,0.025104
29,2923,78.779972,42.149929,8.110057,18.650141,1,-1,-1,-1,0.003204,0.003830,0.187107,0.033608
29,2922,78.431103,69.362743,7.637833,16.984189,1,-1,-1,-1,0.004111,0.004317,0.258706,0.058605
30,2942,-69.545109,117.648346,20.041215,9.826041,1,-1,-1,-1,0.359501,0.113858,2.277913,0.269669
30,2933,151.761006,130.947825,16.172731,8.032017,1,-1,-1,-1,0.089388,0.071241,0.934320,0.332148
30,2929,-74.264693,131.515990,18.908323,8.234713,1,-1,-1,-1,0.258788,0.071840,1.472340,0.451290
30,2928,-9.965689,117.213763,18.657097,8.670648,1,-1,-1,-1,0.139819,0.090649,1.320807,0.401975
30,2927,154.572489,116.795201,17.098820,7.981263,1,-1,-1,-1,0.098990,0.058915,1.121898,0.380092
30,2926,182.562479,117.484360,18.431339,8.714338,1,-1,-1,-1,0.093581,0.060599,1.198564,0.327675
30,2925,122.040006,131.070003,19.439988,8.139995,1,-1,-1,-1,0.003018,0.002897,0.156736,0.025349
30,2924,-39.710052,116.879974,18.860104,7.610050,1,-1,-1,-1,0.003402,0.003046,0.161115,0.024859
30,2923,78.780587,42.151149,8.118797,18.657666,1,-1,-1,-1,0.003301,0.003908,0.191716,0.034263
30,2922,78.439106,69.347969,7.631752,16.964266,1,-1,-1,-1,0.003911,0.004190,0.256554,0.058054
31,2942,-70.223103,118.098596,20.197048,10.138649,1,-1,-1,-1,0.446340,0.143933,2.270039,0.278660
31,2933,151.687016,131.150807,16.529472,8.081705,1,-1,-1,-1,0.108203,0.085783,1.100530,0.422529
31,2929,-83.042820,131.329119,19.414685,8.140604,1,-1,-1,-1,0.273800,0.088198,1.476025,0.325109
31,2928,-10.139113,117.164785,18.774313,8.582702,1,-1,-1,-1,0.124515,0.078981,1.233475,0.369420
31,2927,154.326019,116.511396,16.808950,7.860104,1,-1,-1,-1,0.083644,0.067198,1.076228,0.398314
31,2926,182.610066,117.442608,18.553588,8.560626,1,-1,-1,-1,0.092597,0.061141,1.158848,0.340760
31,2925,122.040001,131.070001,19.439999,8.139999,1,-1,-1,-1,0.002871,0.002812,0.154048,0.025349
31,2924,-39.699281,116.890397,18.858486,7.619082,1,-1,-1,-1,0.004235,0.004492,0.186214,0.031396
31,2923,78.780076,42.150164,8.119852,18.659674,1,-1,-1,-1,0.003269,0.003869,0.190175,0.033934
31,2922,78.430838,69.361662,7.638365,16.976514,1,-1,-1,-1,0.004321,0.004448,0.266862,0.060287
32,2942,-39.817600,94.925418,10.520865,22.450203,1,-1,-1,-1,1.458413,0.525538,3.014635,0.030083
32,2933,151.535546,130.939762,16.051498,8.023549,1,-1,-1,-1,0.098888,0.073949,0.931634,0.346694
32,2929,-92.483237,131.420001,19.490329,8.308588,1,-1,-1,-1,0.181606,0.068591,1.319157,0.335555
32,2928,-9.922343,117.201648,18.697307,8.617841,1,-1,-1,-1,0.115657,0.073914,1.166889,0.353842
32,2927,154.375278,116.614046,17.130778,7.898917,1,-1,-1,-1,0.139048,0.086548,1.312962,0.484268
32,2926,182.862448,117.251518,18.258986,8.681828,1,-1,-1,-1,0.104341,0.058308,1.147069,0.324104
32,2925,122.040000,131.070000,19.440000,8.140000,1,-1,-1,-1,0.002929,0.002812,0.155322,0.025598
32,2924,-39.699880,116.890056,18.859768,7.619897,1,-1,-1,-1,0.004541,0.004722,0.193234,0.032016
32,2923,78.779410,42.148844,8.111213,18.652350,1,-1,-1,-1,0.003334,0.003947,0.191712,0.034932
32,2922,78.448599,69.337397,7.622739,16.955399,1,-1,-1,-1,0.003470,0.002956,0.225247,0.051324
33,2933,151.639395,130.932143,15.975606,8.034518,1,-1,-1,-1,0.108287,0.080385,0.948097,0.368136
33,2929,-98.804738,131.360424,19.579479,8.543694,1,-1,-1,-1,0.276637,0.113934,1.478387,0.255960
33,2928,-9.809285,117.073144,18.616326,8.594002,1,-1,-1,-1,0.113486,0.084211,1.244972,0.410252
33,2927,154.416721,116.818169,17.278915,7.993034,1,-1,-1,-1,0.228094,0.143983,1.691652,0.637128
33,2926,182.729381,116.806559,17.944647,8.537443,1,-1,-1,-1,0.226720,0.175072,1.613871,0.665127
33,2925,122.040000,131.070000,19.440000,8.140000,1,-1,-1,-1,0.002958,0.002840,0.155320,0.025598
33,2924,-39.710292,116.889691,18.870630,7.610668,1,-1,-1,-1,0.004278,0.004492,0.188532,0.030502
33,2923,78.779914,42.149809,8.110172,18.650380,1,-1,-1,-1,0.003269,0.003869,0.190099,0.034597
33,2922,78.431594,69.352969,7.636889,16.973854,1,-1,-1,-1,0.004030,0.004274,0.256988,0.058583
34,2933,151.656307,130.965125,15.917671,8.015540,1,-1,-1,-1,0.093561,0.071868,0.874503,0.351140
34,2928,-9.711659,117.447021,18.489281,8.731383,1,-1,-1,-1,0.133435,0.067293,1.303469,0.395075
34,2927,154.354482,116.664227,17.302083,8.017181,1,-1,-1,-1,0.104434,0.060807,1.266572,0.411032
34,2926,182.713063,117.465593,18.222858,8.656349,1,-1,-1,-1,0.106371,0.066967,1.332295,0.359457
34,2925,122.040000,131.070000,19.440000,8.140000,1,-1,-1,-1,0.002988,0.002869,0.155297,0.025103
34,2924,-39.710093,116.889958,18.870188,7.610088,1,-1,-1,-1,0.004408,0.004583,0.191597,0.031098
34,2923,78.779991,42.149979,8.110018,18.650041,1,-1,-1,-1,0.003048,0.003718,0.183680,0.032964
34,2922,78.439496,69.349254,7.630972,16.971532,1,-1,-1,-1,0.003834,0.004148,0.254155,0.058054
35,2933,151.580717,131.159759,16.303053,8.046560,1,-1,-1,-1,0.105310,0.086579,1.046617,0.421516
35,2928,-10.146234,117.506323,18.743168,8.799471,1,-1,-1,-1,0.107603,0.064127,1.188137,0.337307
35,2927,154.358156,116.850211,17.529891,8.062238,1,-1,-1,-1,0.122979,0.072456,1.273823,0.403727
35,2926,182.597717,117.523434,18.456034,8.554648,1,-1,-1,-1,0.106385,0.056682,1.195559,0.340260
35,2925,122.040000,131.070000,19.440000,8.140000,1,-1,-1,-1,0.002900,0.002784,0.153928,0.025103
35,2924,-39.710407,116.879909,18.860851,7.610243,1,-1,-1,-1,0.003796,0.003266,0.168587,0.025601
35,2923,78.780003,42.150005,8.109995,18.649988,1,-1,-1,-1,0.003141,0.003793,0.185064,0.033606
35,2922,78.430592,69.350661,7.638856,16.968678,1,-1,-1,-1,0.004193,0.004404,0.262263,0.059721
36,2933,151.691844,130.979028,16.248539,7.943698,1,-1,-1,-1,0.092677,0.073258,0.933744,0.362601
36,2928,-9.581399,117.174542,18.455443,8.769391,1,-1,-1,-1,0.169025,0.084936,1.399753,0.458492
36,2927,154.333250,116.637795,17.060381,8.063799,1,-1,-1,-1,0.133564,0.115009,1.357724,0.504132
36,2926,182.583618,117.389205,18.430905,8.732020,1,-1,-1,-1,0.128652,0.085680,1.330483,0.394926
36,2925,122.040000,131.070000,19.440000,8.140000,1,-1,-1,-1,0.002900,0.002812,0.155230,0.025103
36,2924,-39.710052,116.879979,18.860102,7.610039,1,-1,-1,-1,0.003721,0.003233,0.168100,0.026102
36,2923,78.780004,42.150009,8.109991,18.649980,1,-1,-1,-1,0.003236,0.003869,0.188234,0.033933
36,2922,78.430101,69.350190,7.639797,16.969620,1,-1,-1,-1,0.004452,0.004583,0.268910,0.062021
37,2933,151.383529,130.973014,16.003973,7.981730,1,-1,-1,-1,0.076866,0.057243,0.790846,0.298907
37,2928,-10.404439,117.079903,18.788871,8.555694,1,-1,-1,-1,0.054843,0.016652,0.649317,0.116140
37,2927,154.409812,116.764864,17.269987,8.051754,1,-1,-1,-1,0.150066,0.086838,1.427554,0.476615
37,2926,182.609726,117.180229,18.625514,8.615313,1,-1,-1,-1,0.162288,0.090771,1.494529,0.493385
37,2925,122.040000,131.070000,19.440000,8.140000,1,-1,-1,-1,0.002958,0.002840,0.156590,0.025349
37,2924,-39.719582,116.880111,18.869197,7.609776,1,-1,-1,-1,0.003721,0.003233,0.166626,0.025350
37,2923,78.780135,42.150457,8.109730,18.659050,1,-1,-1,-1,0.003172,0.003793,0.188285,0.033934
37,2922,78.439389,69.349275,7.631186,16.971449,1,-1,-1,-1,0.003796,0.004107,0.252425,0.056976
38,2933,151.607824,131.144756,16.240563,8.026821,1,-1,-1,-1,0.113086,0.090575,1.008638,0.424825
38,2928,-10.071949,117.416311,18.847279,8.643436,1,-1,-1,-1,0.090628,0.045389,0.857228,0.266416
38,2927,154.271956,116.615098,16.817080,7.971079,1,-1,-1,-1,0.081591,0.061221,1.078179,0.377209
38,2926,182.319378,117.166261,18.449406,8.544777,1,-1,-1,-1,0.205458,0.109103,1.715792,0.591788
38,2925,122.040000,131.070000,19.440000,8.140000,1,-1,-1,-1,0.002929,0.002812,0.155240,0.025349
38,2924,-39.709993,116.889976,18.869906,7.609965,1,-1,-1,-1,0.004193,0.004448,0.186133,0.030793
38,2923,78.780024,42.150062,8.109951,18.659877,1,-1,-1,-1,0.003172,0.003830,0.186671,0.033607
38,2922,78.431519,69.362651,7.646963,16.984544,1,-1,-1,-1,0.004030,0.004274,0.259943,0.058600
39,2933,151.446720,130.962316,15.835374,7.926232,1,-1,-1,-1,0.066189,0.049636,0.723748,0.252772
39,2928,-10.085544,117.471611,18.755292,8.680052,1,-1,-1,-1,0.125038,0.062849,1.082093,0.354162
39,2927,154.350711,116.401924,15.726901,7.869181,1,-1,-1,-1,0.097764,0.071781,0.898166,0.389637
39,2926,181.715625,116.742238,17.446657,8.423304,1,-1,-1,-1,0.256433,0.196938,1.799054,0.758184
39,2925,122.040000,131.070000,19.440000,8.140000,1,-1,-1,-1,0.002988,0.002840,0.156554,0.025598
39,2924,-39.710766,116.879807,18.851598,7.610447,1,-1,-1,-1,0.003611,0.003170,0.165507,0.025353
39,2923,78.780003,42.150008,8.109994,18.659987,1,-1,-1,-1,0.003301,0.003908,0.188195,0.033933
39,2922,78.429321,69.348560,7.641396,16.973050,1,-1,-1,-1,0.004111,0.004317,0.260214,0.059162
40,2933,151.794712,131.268115,16.544617,7.994056,1,-1,-1,-1,0.112969,0.091358,1.087430,0.439527
40,2928,-9.511323,117.193136,18.311212,8.714215,1,-1,-1,-1,0.128890,0.060569,1.211191,0.387770
40,2927,154.587733,116.961327,16.609713,7.933829,1,-1,-1,-1,0.128537,0.074575,1.191303,0.431115
40,2926,182.363958,117.516095,18.314257,8.426322,1,-1,-1,-1,0.126871,0.069626,1.385959,0.399439
40,2925,122.040000,131.070000,19.440000,8.140000,1,-1,-1,-1,0.002929,0.002812,0.155206,0.025103
40,2924,-39.709692,116.880082,18.859345,7.609834,1,-1,-1,-1,0.003872,0.003332,0.169405,0.026357
40,2923,78.780458,42.150703,8.119054,18.658596,1,-1,-1,-1,0.003334,0.003908,0.191419,0.034596
40,2922,78.438725,69.337092,7.632514,16.946002,1,-1,-1,-1,0.003872,0.004148,0.258105,0.057510
41,2933,151.429850,131.110921,16.114622,8.013948,1,-1,-1,-1,0.071384,0.054103,0.792286,0.286068
41,2928,-9.755305,117.124428,18.621305,8.595324,1,-1,-1,-1,0.100871,0.064712,1.073237,0.314453
41,2927,154.612843,116.839820,16.882741,8.046218,1,-1,-1,-1,0.147358,0.095852,1.395909,0.514191
41,2926,182.676375,117.287134,18.321220,8.518003,1,-1,-1,-1,0.131241,0.088178,1.421424,0.435046
41,2925,122.040000,131.070000,19.440000,8.140000,1,-1,-1,-1,0.003079,0.002897,0.157886,0.025848
41,2924,-39.709959,116.880014,18.859917,7.609969,1,-1,-1,-1,0.003647,0.003201,0.166576,0.025849
41,2923,78.779611,42.149424,8.110809,18.661153,1,-1,-1,-1,0.003079,0.003755,0.185100,0.032963
41,2922,78.431093,69.362708,7.637853,16.974247,1,-1,-1,-1,0.004193,0.004404,0.264237,0.059719
42,2933,151.608654,131.234043,16.266239,8.085509,1,-1,-1,-1,0.115086,0.093089,1.024679,0.429142
42,2928,-10.186600,117.391767,18.775469,8.744409,1,-1,-1,-1,0.108293,0.065341,1.094088,0.320115
42,2927,154.427973,116.748753,16.932420,8.013376,1,-1,-1,-1,0.093813,0.051094,1.094608,0.351885
42,2926,182.714933,117.591116,18.537332,8.682297,1,-1,-1,-1,0.104665,0.053071,1.155963,0.311909
42,2925,122.040000,131.070000,19.440000,8.140000,1,-1,-1,-1,0.002958,0.002840,0.155201,0.025598
42,2924,-39.709993,116.880002,18.859984,7.609994,1,-1,-1,-1,0.003611,0.003138,0.163654,0.025350
42,2923,78.779813,42.149435,8.110374,18.651165,1,-1,-1,-1,0.003172,0.003792,0.188089,0.033933
42,2922,78.439111,69.338018,7.631741,16.954236,1,-1,-1,-1,0.003834,0.004148,0.254074,0.057511
43,2933,151.717393,131.185290,16.171096,8.126684,1,-1,-1,-1,0.105493,0.084322,0.993238,0.393684
43,2928,-10.070755,117.417980,18.744355,8.807909,1,-1,-1,-1,0.128674,0.081083,1.196930,0.363481
43,2927,154.449376,116.986393,17.315821,8.114154,1,-1,-1,-1,0.141684,0.082523,1.282609,0.421588
43,2926,182.678505,117.734944,18.510371,8.821286,1,-1,-1,-1,0.117555,0.058839,1.177252,0.322390
43,2925,122.040000,131.070000,19.440000,8.140000,1,-1,-1,-1,0.003048,0.002869,0.157857,0.025849
43,2924,-39.709997,116.880000,18.859994,7.609997,1,-1,-1,-1,0.003611,0.003138,0.166427,0.025598
43,2923,78.779970,42.149924,8.110061,18.650149,1,-1,-1,-1,0.003204,0.003792,0.188144,0.033934
43,2922,78.440164,69.350815,7.629674,16.968207,1,-1,-1,-1,0.003872,0.004148,0.253630,0.057505
44,2933,151.460343,131.064280,15.962499,8.092003,1,-1,-1,-1,0.098855,0.075336,0.913026,0.368842
44,2928,-9.885927,117.268707,18.728780,8.673781,1,-1,-1,-1,0.104644,0.051554,1.068531,0.320485
44,2927,154.338692,116.876413,17.042306,8.148462,1,-1,-1,-1,0.163965,0.134075,1.501773,0.556302
44,2926,182.302455,117.283835,18.347553,8.799748,1,-1,-1,-1,0.250383,0.138530,1.715916,0.687822
44,2925,122.040000,131.070000,19.440000,8.140000,1,-1,-1,-1,0.003079,0.002897,0.157893,0.025849
44,2924,-39.719579,116.880113,18.869190,7.609773,1,-1,-1,-1,0.003540,0.003138,0.163621,0.025349
44,2923,78.780130,42.150449,8.109739,18.659065,1,-1,-1,-1,0.003269,0.003908,0.189724,0.034596
44,2922,78.430564,69.350359,7.638911,16.959322,1,-1,-1,-1,0.004070,0.004317,0.259748,0.059158
45,2933,151.677274,131.153743,15.998712,8.160135,1,-1,-1,-1,0.130870,0.100360,1.059991,0.437979
45,2928,-10.175803,117.281037,18.900808,8.638301,1,-1,-1,-1,0.102545,0.062870,1.085959,0.337765
45,2927,154.335795,117.334657,17.487489,8.338591,1,-1,-1,-1,0.240556,0.130064,1.762755,0.605117
45,2926,180.868389,116.967410,16.853635,8.792178,1,-1,-1,-1,0.207922,0.180125,1.588183,0.850910
45,2925,122.040000,131.070000,19.440000,8.140000,1,-1,-1,-1,0.002958,0.002812,0.155162,0.025350
45,2924,-39.709651,116.890307,18.859256,7.619255,1,-1,-1,-1,0.004633,0.004769,0.193899,0.032637
45,2923,78.780024,42.150061,8.109953,18.659880,1,-1,-1,-1,0.003110,0.003792,0.184984,0.033608
45,2922,78.439448,69.349368,7.631068,16.961262,1,-1,-1,-1,0.003796,0.004107,0.251756,0.057510
46,2933,151.682248,131.118276,15.967606,8.085175,1,-1,-1,-1,0.102759,0.078291,0.951941,0.380205
46,2928,-9.877960,117.375261,18.652282,8.758577,1,-1,-1,-1,0.157587,0.105897,1.339668,0.440638
46,2927,154.303638,116.643962,17.240098,8.076320,1,-1,-1,-1,0.101651,0.056844,1.245049,0.393933
46,2926,182.374732,117.561782,18.085178,8.689092,1,-1,-1,-1,0.143363,0.083994,1.437768,0.420052
46,2925,122.040000,131.070000,19.440000,8.140000,1,-1,-1,-1,0.002900,0.002812,0.155101,0.025103
46,2924,-39.710244,116.889733,18.870450,7.610582,1,-1,-1,-1,0.004070,0.004404,0.183501,0.030502
46,2923,78.780003,42.150008,8.109994,18.659986,1,-1,-1,-1,0.003269,0.003869,0.188012,0.033933
46,2922,78.449232,69.338683,7.621507,16.952711,1,-1,-1,-1,0.003402,0.002927,0.222432,0.050832
47,2949,206.726304,117.475991,16.482812,7.742104,1,-1,-1,-1,0.433630,0.109741,3.786161,0.892465
47,2933,151.362589,131.077943,15.950522,8.004784,1,-1,-1,-1,0.093515,0.070516,0.898259,0.354558
47,2928,-9.853749,117.190540,18.645596,8.760919,1,-1,-1,-1,0.093011,0.065486,1.171576,0.342510
47,2927,154.403969,116.929023,16.966910,8.135570,1,-1,-1,-1,0.200172,0.122288,1.504977,0.568770
47,2926,182.594404,117.351521,18.085817,8.720521,1,-1,-1,-1,0.204873,0.108046,1.718776,0.600613
47,2925,122.040000,131.070000,19.440000,8.140000,1,-1,-1,-1,0.002958,0.002840,0.155089,0.025597
47,2924,-39.710454,116.879885,18.860944,7.610290,1,-1,-1,-1,0.003647,0.003170,0.166769,0.025852
47,2923,78.779999,42.150000,8.110001,18.660002,1,-1,-1,-1,0.003301,0.003947,0.189668,0.034596
47,2922,78.440885,69.351796,7.628271,16.966243,1,-1,-1,-1,0.003990,0.004232,0.254218,0.058031
48,2933,151.582582,131.002948,16.154761,7.965187,1,-1,-1,-1,0.085180,0.067877,0.872027,0.342505
48,2928,-10.445163,117.091944,18.889968,8.611707,1,-1,-1,-1,0.071301,0.019489,0.690730,0.125197
48,2927,154.326483,116.805064,16.856439,8.145503,1,-1,-1,-1,0.135762,0.107418,1.449854,0.516972
48,2926,182.493794,117.494559,18.404283,8.650520,1,-1,-1,-1,0.121845,0.059561,1.291361,0.364736
48,2925,122.040000,131.070000,19.440000,8.140000,1,-1,-1,-1,0.002900,0.002812,0.153735,0.025349
48,2924,-39.710059,116.879976,18.860117,7.610045,1,-1,-1,-1,0.003684,0.003233,0.166423,0.025598
48,2923,78.779867,42.149549,8.110265,18.650938,1,-1,-1,-1,0.003236,0.003869,0.188097,0.033934
48,2922,78.439707,69.338633,7.630586,16.942919,1,-1,-1,-1,0.003721,0.004066,0.251451,0.056965
49,2933,151.236597,131.117638,15.956238,8.043181,1,-1,-1,-1,0.095130,0.072487,0.890331,0.357238
49,2928,-9.853847,117.450645,18.536398,8.686742,1,-1,-1,-1,0.151583,0.077863,1.166708,0.430658
49,2927,154.556261,116.595244,16.411133,8.109207,1,-1,-1,-1,0.165275,0.096987,1.279474,0.501102
49,2926,182.306591,117.123888,18.115224,8.632724,1,-1,-1,-1,0.166426,0.108790,1.518240,0.489555
49,2925,122.040000,131.070000,19.440000,8.140000,1,-1,-1,-1,0.002988,0.002840,0.156396,0.025349
49,2924,-39.700053,116.889951,18.860015,7.610006,1,-1,-1,-1,0.005017,0.004963,0.200497,0.033275
49,2923,78.780111,42.150399,8.109778,18.659165,1,-1,-1,-1,0.003334,0.003908,0.191246,0.034596
49,2922,78.440103,69.340433,7.629795,16.949081,1,-1,-1,-1,0.003950,0.004232,0.255383,0.058600
50,2933,151.655623,131.198263,16.173102,8.121703,1,-1,-1,-1,0.122866,0.102189,1.089518,0.454744
50,2928,-10.049751,117.547693,18.667038,8.724570,1,-1,-1,-1,0.116980,0.058354,1.120909,0.341943
50,2927,154.479677,116.878615,16.948832,8.146352,1,-1,-1,-1,0.146633,0.082786,1.349178,0.466609
50,2926,182.460475,117.182626,18.198187,8.503186,1,-1,-1,-1,0.117124,0.057885,1.283901,0.375234
50,2925,122.040000,131.070000,19.440000,8.140000,1,-1,-1,-1,0.002958,0.002840,0.155081,0.025103
50,2924,-39.708782,116.890554,18.867606,7.618857,1,-1,-1,-1,0.004070,0.004360,0.185165,0.030503
50,2923,78.779890,42.149608,8.110219,18.650819,1,-1,-1,-1,0.003172,0.003830,0.186521,0.033608
50,2922,78.431377,69.363369,7.637286,16.982934,1,-1,-1,-1,0.004235,0.004404,0.261722,0.059723
51,2933,151.674434,131.060894,16.207108,8.118260,1,-1,-1,-1,0.138407,0.109211,1.156104,0.468361
51,2928,-9.845850,117.258070,18.618867,8.694983,1,-1,-1,-1,0.128785,0.084114,1.212287,0.384014
51,2927,154.366461,117.224795,17.370485,8.332804,1,-1,-1,-1,0.164059,0.100422,1.524362,0.518702
51,2926,181.616347,116.512611,17.026891,8.348479,1,-1,-1,-1,0.301806,0.245240,1.546173,0.840230
51,2925,122.040000,131.070000,19.440000,8.140000,1,-1,-1,-1,0.003079,0.002897,0.159136,0.025848
51,2924,-39.710945,116.879587,18.861927,7.610921,1,-1,-1,-1,0.003796,0.003299,0.169654,0.025601
51,2923,78.780113,42.150401,8.109773,18.659160,1,-1,-1,-1,0.003236,0.003869,0.187976,0.033933
51,2922,78.439602,69.338294,7.640722,16.953733,1,-1,-1,-1,0.003911,0.004190,0.255754,0.058058
52,2933,151.563562,131.151864,16.098481,8.105319,1,-1,-1,-1,0.100018,0.075449,0.952709,0.373874
52,2928,-10.007547,117.354022,18.772421,8.690917,1,-1,-1,-1,0.103689,0.064184,1.086241,0.307033
52,2927,154.423959,117.052341,17.889248,8.292250,1,-1,-1,-1,0.104927,0.063633,1.199845,0.346748
52,2926,182.829617,117.106489,17.573011,8.268894,1,-1,-1,-1,0.123851,0.060477,1.342846,0.416269
52,2925,122.040000,131.070000,19.440000,8.140000,1,-1,-1,-1,0.002814,0.002756,0.152435,0.024618
52,2924,-39.719720,116.880053,18.869471,7.609891,1,-1,-1,-1,0.003684,0.003233,0.166437,0.025598
52,2923,78.779890,42.149604,8.110221,18.650829,1,-1,-1,-1,0.003269,0.003869,0.187999,0.034263
52,2922,78.448947,69.338895,7.622109,16.962176,1,-1,-1,-1,0.003402,0.002927,0.224282,0.050833
53,2933,151.424877,130.963928,15.968716,8.113084,1,-1,-1,-1,0.121822,0.089037,1.027465,0.417865
53,2928,-9.983427,117.285156,18.871234,8.640706,1,-1,-1,-1,0.121865,0.062320,1.114626,0.344434
53,2927,154.270571,116.510461,17.069357,8.146763,1,-1,-1,-1,0.135705,0.075237,1.168228,0.432750
53,2926,182.745442,117.298822,18.015767,8.355827,1,-1,-1,-1,0.115642,0.075928,1.321259,0.395546
53,2925,122.040000,131.070000,19.440000,8.140000,1,-1,-1,-1,0.003079,0.002926,0.156335,0.025597
53,2924,-39.710402,116.879893,18.860766,7.610211,1,-1,-1,-1,0.003647,0.003201,0.164936,0.025598
53,2923,78.780113,42.150401,8.109775,18.659161,1,-1,-1,-1,0.003236,0.003869,0.187987,0.034264
53,2922,78.440514,69.340557,7.629010,16.958879,1,-1,-1,-1,0.003872,0.004148,0.254146,0.057485
54,2933,151.840609,131.061772,16.135551,8.025946,1,-1,-1,-1,0.117740,0.091636,1.052200,0.430790
54,2928,-10.449125,117.124630,18.872109,8.575874,1,-1,-1,-1,0.055265,0.015846,0.611359,0.111212
54,2927,154.238946,116.966477,17.497386,8.170868,1,-1,-1,-1,0.155473,0.105052,1.466639,0.541066
54,2926,182.639727,117.521756,18.273386,8.536451,1,-1,-1,-1,0.153753,0.087406,1.373250,0.431682
54,2925,122.040000,131.070000,19.440000,8.140000,1,-1,-1,-1,0.003079,0.002926,0.156398,0.025598
54,2924,-39.710765,116.879583,18.861530,7.600861,1,-1,-1,-1,0.003796,0.003266,0.167759,0.025349
54,2923,78.779888,42.149597,8.110225,18.650844,1,-1,-1,-1,0.003334,0.003947,0.191176,0.034933
54,2922,78.431243,69.362770,7.637552,16.984181,1,-1,-1,-1,0.004030,0.004317,0.257429,0.059158
55,2933,151.556838,131.007540,16.183914,8.040608,1,-1,-1,-1,0.102652,0.075370,1.037080,0.393809
55,2928,-10.478046,117.216482,18.961690,8.534524,1,-1,-1,-1,0.048197,0.014926,0.535836,0.102606
55,2927,154.248353,116.837291,17.465512,8.152441,1,-1,-1,-1,0.112830,0.064254,1.268765,0.389956
55,2926,182.443140,117.050877,18.338086,8.462852,1,-1,-1,-1,0.205196,0.153108,1.702349,0.630765
55,2925,122.040000,131.070000,19.440000,8.140000,1,-1,-1,-1,0.002958,0.002840,0.156391,0.025349
55,2924,-39.718981,116.880458,18.867995,7.609050,1,-1,-1,-1,0.003647,0.003170,0.164944,0.025349
55,2923,78.780112,42.150394,8.109776,18.659176,1,-1,-1,-1,0.003110,0.003755,0.186457,0.032964
55,2922,78.448364,69.326460,7.623209,16.947384,1,-1,-1,-1,0.003368,0.002927,0.224285,0.051322
56,2933,151.916026,131.509585,16.800367,8.157917,1,-1,-1,-1,0.140576,0.107964,1.282128,0.486890
56,2928,-10.136615,117.534818,18.787008,8.674254,1,-1,-1,-1,0.121180,0.060984,0.960291,0.335349
56,2927,154.287570,116.911895,17.223113,8.198414,1,-1,-1,-1,0.175063,0.100265,1.455420,0.505557
56,2926,182.284502,117.241388,18.397672,8.356036,1,-1,-1,-1,0.153906,0.079277,1.521677,0.478434
56,2925,122.040000,131.070000,19.440000,8.140000,1,-1,-1,-1,0.002988,0.002869,0.155031,0.025103
56,2924,-39.710287,116.879944,18.860536,7.610110,1,-1,-1,-1,0.003834,0.003299,0.169188,0.026102
56,2923,78.779887,42.149595,8.110226,18.650847,1,-1,-1,-1,0.003334,0.003947,0.191113,0.034931
56,2922,78.440689,69.351298,7.628661,16.957160,1,-1,-1,-1,0.003872,0.004148,0.252063,0.057486
57,2933,151.497278,131.093894,16.245352,8.079992,1,-1,-1,-1,0.087867,0.067378,0.901045,0.337177
57,2928,-9.910163,117.359178,18.712228,8.715010,1,-1,-1,-1,0.112509,0.071779,1.072236,0.333698
57,2927,154.288425,116.758282,17.355490,8.194410,1,-1,-1,-1,0.329807,0.215510,1.960334,0.816933
57,2926,182.483573,117.436902,18.449761,8.591529,1,-1,-1,-1,0.112814,0.061197,1.223645,0.352597
57,2925,122.040000,131.070000,19.440000,8.140000,1,-1,-1,-1,0.002958,0.002812,0.156351,0.025597
57,2924,-39.706475,116.911840,18.862912,7.645905,1,-1,-1,-1,0.004321,0.004583,0.190652,0.034587
57,2923,78.779980,42.149949,8.110039,18.650100,1,-1,-1,-1,0.003172,0.003830,0.186435,0.033608
57,2922,78.430806,69.351137,7.638424,16.957727,1,-1,-1,-1,0.003990,0.004232,0.257281,0.058051
58,2933,151.440319,130.862107,16.139452,7.893263,1,-1,-1,-1,0.127259,0.096680,1.021498,0.452470
58,2928,-10.402131,117.149563,18.841550,8.558385,1,-1,-1,-1,0.050199,0.014937,0.594548,0.108120
58,2927,154.353550,116.977462,17.769225,8.227870,1,-1,-1,-1,0.158481,0.097716,1.635237,0.500482
58,2926,182.491774,117.471062,18.430289,8.671990,1,-1,-1,-1,0.095329,0.061723,1.156011,0.329752
58,2925,122.040000,131.070000,19.440000,8.140000,1,-1,-1,-1,0.002900,0.002784,0.155016,0.025349
58,2924,-39.722630,116.878651,18.865362,7.613011,1,-1,-1,-1,0.003647,0.003201,0.166800,0.025355
58,2923,78.780132,42.150449,8.109736,18.659066,1,-1,-1,-1,0.003172,0.003792,0.187893,0.033933
58,2922,78.449517,69.339576,7.630869,16.960902,1,-1,-1,-1,0.003470,0.002985,0.226094,0.051810
59,2933,151.587015,131.046484,16.265771,7.983935,1,-1,-1,-1,0.096316,0.072612,0.970894,0.370071
59,2928,-10.270244,117.339667,18.884110,8.554241,1,-1,-1,-1,0.106822,0.067015,0.973936,0.342920
59,2927,154.277980,116.811748,17.567860,8.235764,1,-1,-1,-1,0.198510,0.120607,1.734778,0.585742
59,2926,182.407832,117.126543,18.507456,8.484210,1,-1,-1,-1,0.112251,0.068485,1.231563,0.394009
59,2925,122.040000,131.070000,19.440000,8.140000,1,-1,-1,-1,0.002929,0.002840,0.154986,0.025349
59,2924,-39.710472,116.879812,18.860874,7.610374,1,-1,-1,-1,0.003575,0.003107,0.164893,0.025598
59,2923,78.779892,42.149610,8.110215,18.650816,1,-1,-1,-1,0.003269,0.003869,0.187920,0.034263
59,2922,78.439815,69.339272,7.630447,16.951489,1,-1,-1,-1,0.003911,0.004190,0.254106,0.058034
60,2933,151.578536,131.119188,16.096619,8.047699,1,-1,-1,-1,0.092611,0.069832,0.878543,0.346069
60,2928,-9.738785,117.371331,18.545186,8.678602,1,-1,-1,-1,0.109341,0.052517,1.080524,0.344310
60,2927,154.294907,116.852983,17.631936,8.248351,1,-1,-1,-1,0.124015,0.071354,1.374993,0.413802
60,2926,182.441944,117.195900,18.174535,8.449232,1,-1,-1,-1,0.144512,0.071812,1.378702,0.443543
60,2925,122.040000,131.070000,19.440000,8.140000,1,-1,-1,-1,0.003018,0.002897,0.157691,0.025598
60,2924,-39.710461,116.879856,18.850956,7.610284,1,-1,-1,-1,0.003721,0.003233,0.167709,0.026102
60,2923,78.780114,42.150405,8.109771,18.659153,1,-1,-1,-1,0.003269,0.003869,0.189505,0.034264
60,2922,78.431732,69.363296,7.646536,16.973130,1,-1,-1,-1,0.004030,0.004274,0.257312,0.058053
61,2933,151.580561,130.982368,16.003770,8.016519,1,-1,-1,-1,0.101510,0.075975,0.893464,0.354870
61,2928,-9.511148,117.170318,18.446666,8.645110,1,-1,-1,-1,0.128687,0.062873,1.164150,0.376029
61,2927,154.183724,116.728067,17.280566,8.218252,1,-1,-1,-1,0.160781,0.092360,1.412622,0.495726
61,2926,182.495044,116.969831,18.185485,8.367734,1,-1,-1,-1,0.219056,0.138742,1.732545,0.654455
61,2925,122.040000,131.070000,19.440000,8.140000,1,-1,-1,-1,0.002988,0.002840,0.156373,0.025598
61,2924,-39.709662,116.880093,18.859287,7.609811,1,-1,-1,-1,0.003684,0.003170,0.164897,0.025598
61,2923,78.780021,42.150055,8.109957,18.659891,1,-1,-1,-1,0.003172,0.003792,0.186358,0.033607
61,2922,78.448703,69.337617,7.632531,16.954964,1,-1,-1,-1,0.003470,0.002956,0.226055,0.051319
62,2933,151.510907,131.030861,15.980748,8.046896,1,-1,-1,-1,0.114371,0.084221,1.008550,0.413212
62,2928,-9.922431,117.363620,18.632389,8.685429,1,-1,-1,-1,0.108546,0.067210,1.094523,0.321174
62,2927,154.376700,116.763076,16.901653,8.217520,1,-1,-1,-1,0.146565,0.082761,1.302230,0.453352
62,2926,182.555707,116.895395,18.326079,8.279556,1,-1,-1,-1,0.271937,0.196150,2.020747,0.809260
62,2925,122.039626,131.069890,19.430774,8.140221,1,-1,-1,-1,0.002871,0.002784,0.153650,0.025349
62,2924,-39.709954,116.880016,18.859908,7.609965,1,-1,-1,-1,0.003721,0.003201,0.167695,0.025849
62,2923,78.779869,42.149551,8.110262,18.650934,1,-1,-1,-1,0.003301,0.003908,0.189448,0.034263
62,2922,78.430991,69.352207,7.638137,16.975381,1,-1,-1,-1,0.004152,0.004360,0.260186,0.059699
63,2933,151.723521,131.147659,16.081456,8.056330,1,-1,-1,-1,0.101688,0.081948,0.977385,0.389637
63,2928,-9.822050,116.971252,18.749848,8.539803,1,-1,-1,-1,0.124138,0.073168,1.189276,0.407201
63,2927,154.372660,116.891351,16.954125,8.169385,1,-1,-1,-1,0.162633,0.091592,1.420805,0.493959
63,2926,182.574026,117.159219,18.149392,8.337563,1,-1,-1,-1,0.130532,0.064528,1.503182,0.434152
63,2925,122.040337,131.070097,19.439298,8.139806,1,-1,-1,-1,0.002929,0.002812,0.154937,0.025103
63,2924,-39.709992,116.880002,18.859984,7.609993,1,-1,-1,-1,0.003611,0.003170,0.166309,0.025598
63,2923,78.780110,42.150392,8.109780,18.659180,1,-1,-1,-1,0.003204,0.003830,0.187923,0.033607
63,2922,78.439229,69.348443,7.631503,16.963196,1,-1,-1,-1,0.003796,0.004107,0.251391,0.056970
64,2933,151.682464,131.113352,16.082418,8.030810,1,-1,-1,-1,0.098824,0.077471,0.934404,0.376739
64,2928,-9.900818,117.125918,18.729814,8.525708,1,-1,-1,-1,0.143428,0.096726,1.279557,0.423853
64,2927,154.380042,116.924809,17.262031,8.158309,1,-1,-1,-1,0.097454,0.054103,1.148515,0.348104
64,2926,182.791610,117.362352,18.299361,8.417232,1,-1,-1,-1,0.097231,0.061733,1.256186,0.347380
64,2925,122.040041,131.070016,19.439919,8.139968,1,-1,-1,-1,0.003018,0.002840,0.156306,0.025349
64,2924,-39.699246,116.890411,18.858413,7.619049,1,-1,-1,-1,0.004408,0.004629,0.188915,0.031702
64,2923,78.779888,42.149602,8.110224,18.650832,1,-1,-1,-1,0.003236,0.003869,0.187877,0.033933
64,2922,78.440025,69.350309,7.629950,16.969347,1,-1,-1,-1,0.003721,0.004026,0.249016,0.056425
65,2933,151.691543,131.044407,16.239879,8.031597,1,-1,-1,-1,0.105349,0.081910,1.004208,0.395211
65,2928,-10.098418,117.280176,18.779810,8.586584,1,-1,-1,-1,0.105729,0.065454,1.104511,0.323712
65,2927,154.388343,117.153130,17.344903,8.275892,1,-1,-1,-1,0.210281,0.126701,1.530564,0.534974
65,2926,182.469838,117.154239,18.251740,8.400555,1,-1,-1,-1,0.255386,0.173664,1.693914,0.691156
65,2925,122.030033,131.070002,19.439989,8.139996,1,-1,-1,-1,0.003018,0.002869,0.156325,0.025598
65,2924,-39.710536,116.879694,18.861143,7.610701,1,-1,-1,-1,0.003575,0.003107,0.165285,0.025602
65,2923,78.779980,42.149949,8.110039,18.650101,1,-1,-1,-1,0.003172,0.003792,0.187868,0.033934
65,2922,78.439863,69.349462,7.630273,16.961116,1,-1,-1,-1,0.003684,0.004026,0.248909,0.056960
66,2933,151.487564,131.022537,16.002260,7.933554,1,-1,-1,-1,0.098853,0.073234,0.883933,0.363547
66,2928,-10.129011,117.471003,18.856048,8.733247,1,-1,-1,-1,0.077649,0.053017,0.960132,0.270266
66,2927,154.467314,116.725610,16.927536,8.258388,1,-1,-1,-1,0.213950,0.131140,1.564739,0.590925
66,2926,182.494989,117.413825,18.430995,8.553998,1,-1,-1,-1,0.107558,0.051741,1.184422,0.330428
66,2925,122.039971,131.070000,19.439999,8.139999,1,-1,-1,-1,0.003018,0.002869,0.156320,0.025349
66,2924,-39.709660,116.890038,18.869280,7.609838,1,-1,-1,-1,0.004321,0.004537,0.187290,0.030793
66,2923,78.780132,42.150449,8.109737,18.659066,1,-1,-1,-1,0.003172,0.003792,0.187861,0.033934
66,2922,78.439976,69.349934,7.630047,16.960132,1,-1,-1,-1,0.003796,0.004107,0.252923,0.056962
67,2933,151.464417,130.882743,16.111437,7.931063,1,-1,-1,-1,0.097001,0.071161,0.912879,0.356073
67,2928,-9.888547,117.196664,18.650240,8.681349,1,-1,-1,-1,0.136505,0.090542,1.193591,0.399489
67,2927,154.381273,116.505448,16.642977,8.003818,1,-1,-1,-1,0.099615,0.078436,1.211337,0.445514
67,2926,182.427385,117.839805,18.620172,8.774120,1,-1,-1,-1,0.161853,0.090532,1.437769,0.485067
67,2925,122.040000,131.070000,19.440000,8.140000,1,-1,-1,-1,0.002929,0.002812,0.154964,0.025103
67,2924,-39.709955,116.890017,18.869914,7.609969,1,-1,-1,-1,0.004633,0.004722,0.192650,0.031707
67,2923,78.780024,42.150062,8.109951,18.659877,1,-1,-1,-1,0.003236,0.003869,0.187853,0.033607
67,2922,78.449154,69.328285,7.621661,16.943587,1,-1,-1,-1,0.003301,0.002897,0.222151,0.050830
68,2933,151.603894,131.153520,16.314013,8.004626,1,-1,-1,-1,0.103424,0.081116,0.983150,0.399099
68,2928,-9.997553,117.171661,18.766431,8.594297,1,-1,-1,-1,0.111632,0.069248,1.190752,0.374709
68,2927,154.430908,116.531862,16.997969,7.931616,1,-1,-1,-1,0.130877,0.081155,1.308137,0.470569
68,2926,181.283667,116.958908,16.952649,8.762853,1,-1,-1,-1,0.191980,0.145317,1.419702,0.733091
68,2925,122.030027,131.070000,19.440000,8.140000,1,-1,-1,-1,0.002988,0.002840,0.156286,0.025597
68,2924,-39.700490,116.889874,18.860942,7.610256,1,-1,-1,-1,0.004496,0.004629,0.192782,0.031708
68,2923,78.779868,42.149548,8.110263,18.650940,1,-1,-1,-1,0.003334,0.003908,0.191043,0.034596
68,2922,78.440525,69.330503,7.628988,16.938974,1,-1,-1,-1,0.003872,0.004190,0.253805,0.058031
69,2933,151.422211,131.008136,16.201745,7.953728,1,-1,-1,-1,0.085237,0.063569,0.869474,0.334987
69,2928,-9.602643,117.318947,18.314209,8.687157,1,-1,-1,-1,0.217868,0.162317,1.606562,0.633092
69,2927,154.407610,116.949638,16.827293,8.145066,1,-1,-1,-1,0.165178,0.137669,1.494196,0.546372
69,2926,182.469151,117.510440,17.986935,8.780315,1,-1,-1,-1,0.147028,0.081501,1.376675,0.423191
69,2925,122.039970,131.070000,19.440000,8.140000,1,-1,-1,-1,0.003079,0.002926,0.157666,0.025598
69,2924,-39.710019,116.880010,18.860111,7.610042,1,-1,-1,-1,0.003796,0.003266,0.168216,0.026361
69,2923,78.780110,42.150394,8.109779,18.659174,1,-1,-1,-1,0.003301,0.003908,0.189512,0.033934
69,2922,78.440266,69.340768,7.629467,16.948330,1,-1,-1,-1,0.003990,0.004232,0.257170,0.058604
70,2933,151.457827,131.097537,16.019493,7.926178,1,-1,-1,-1,0.077550,0.058313,0.790822,0.299876
70,2928,-10.045819,117.443706,18.641725,8.671226,1,-1,-1,-1,0.125345,0.064431,1.279850,0.366397
70,2927,154.567541,116.892541,17.002202,8.188294,1,-1,-1,-1,0.216140,0.150018,1.726704,0.667202
70,2926,182.640187,117.300028,18.358214,8.611137,1,-1,-1,-1,0.131500,0.070529,1.314313,0.393232
70,2925,122.040000,131.070000,19.440000,8.140000,1,-1,-1,-1,0.003018,0.002869,0.156325,0.025598
70,2924,-39.710006,116.879996,18.860012,7.610005,1,-1,-1,-1,0.003796,0.003266,0.167716,0.026358
70,2923,78.779888,42.149602,8.110223,18.650832,1,-1,-1,-1,0.003269,0.003869,0.187874,0.033934
70,2922,78.432025,69.364227,7.645950,16.981225,1,-1,-1,-1,0.004152,0.004360,0.259361,0.059162
71,2933,151.529974,131.077922,16.034134,7.992470,1,-1,-1,-1,0.087487,0.065937,0.844442,0.321658
71,2928,-9.359181,117.309258,18.294977,8.755613,1,-1,-1,-1,0.132401,0.071123,1.342123,0.431800
71,2927,154.468036,116.869406,16.911180,8.260171,1,-1,-1,-1,0.208758,0.183518,1.767880,0.672628
71,2926,182.517365,117.361874,18.348899,8.600858,1,-1,-1,-1,0.118913,0.058333,1.212299,0.352771
71,2925,122.040000,131.070000,19.440000,8.140000,1,-1,-1,-1,0.003018,0.002869,0.156297,0.025598
71,2924,-39.699226,116.890423,18.858365,7.619018,1,-1,-1,-1,0.004773,0.004865,0.195346,0.032955
71,2923,78.780111,42.150395,8.109778,18.659175,1,-1,-1,-1,0.003079,0.003755,0.184675,0.033607
71,2922,78.438485,69.336908,7.633030,16.956504,1,-1,-1,-1,0.003872,0.004148,0.253286,0.057510
72,2933,151.361557,131.027984,15.835233,7.980514,1,-1,-1,-1,0.084356,0.064121,0.795380,0.315710
72,2928,-9.769187,117.303054,18.553383,8.659185,1,-1,-1,-1,0.099973,0.048653,1.069827,0.311755
72,2927,154.323163,116.902381,17.359519,8.167536,1,-1,-1,-1,0.109210,0.062082,1.295143,0.391842
72,2926,182.742965,117.320686,18.393064,8.528818,1,-1,-1,-1,0.102662,0.065317,1.217988,0.363250
72,2925,122.040000,131.070000,19.440000,8.140000,1,-1,-1,-1,0.002900,0.002812,0.154941,0.025103
72,2924,-39.699855,116.890066,18.859717,7.619875,1,-1,-1,-1,0.004452,0.004629,0.191208,0.032018
72,2923,78.779889,42.149604,8.110222,18.650829,1,-1,-1,-1,0.003141,0.003792,0.186161,0.033933
72,2922,78.439709,69.339357,7.630582,16.951279,1,-1,-1,-1,0.003950,0.004190,0.257113,0.058051
73,2933,151.657317,131.095244,16.202566,7.994983,1,-1,-1,-1,0.128356,0.099350,1.073735,0.461903
73,2928,-9.893504,117.201270,18.690651,8.605648,1,-1,-1,-1,0.116445,0.075869,1.116108,0.355023
73,2927,154.250108,116.875054,17.537266,8.211816,1,-1,-1,-1,0.141928,0.081064,1.323726,0.425397
73,2926,182.486984,117.165629,18.291449,8.452173,1,-1,-1,-1,0.134471,0.067220,1.303771,0.419776
73,2925,122.040000,131.070000,19.440000,8.140000,1,-1,-1,-1,0.002814,0.002756,0.150922,0.024618
73,2924,-39.709947,116.890008,18.859981,7.619992,1,-1,-1,-1,0.004541,0.004722,0.194338,0.032017
73,2923,78.779980,42.149948,8.110040,18.650102,1,-1,-1,-1,0.003172,0.003792,0.187772,0.033934
73,2922,78.450074,69.340451,7.629792,16.959066,1,-1,-1,-1,0.003301,0.002869,0.222228,0.049874
74,2933,151.562544,130.995166,16.070629,7.991162,1,-1,-1,-1,0.086984,0.063629,0.921919,0.343699
74,2928,-9.898423,117.506433,18.724670,8.693003,1,-1,-1,-1,0.134667,0.069190,1.193785,0.376863
74,2927,154.424472,116.636603,16.959808,8.135423,1,-1,-1,-1,0.135016,0.076745,1.202369,0.431482
74,2926,182.597599,117.537636,18.379147,8.685136,1,-1,-1,-1,0.101846,0.065970,1.220751,0.331055
74,2925,122.039619,131.069886,19.430790,8.140227,1,-1,-1,-1,0.002929,0.002812,0.156186,0.025349
74,2924,-39.700875,116.889531,18.861660,7.610989,1,-1,-1,-1,0.004869,0.004914,0.199366,0.032961
74,2923,78.779999,42.149996,8.110003,18.650006,1,-1,-1,-1,0.003172,0.003830,0.187807,0.033607
74,2922,78.440248,69.350698,7.629581,16.968488,1,-1,-1,-1,0.003950,0.004190,0.255767,0.058028
75,2933,151.464315,130.944648,15.940847,7.958815,1,-1,-1,-1,0.102395,0.075237,0.895924,0.354705
75,2928,-9.722343,117.001211,18.789287,8.556785,1,-1,-1,-1,0.100915,0.056150,1.077191,0.346500
75,2927,154.455781,116.930007,17.467161,8.166650,1,-1,-1,-1,0.172580,0.105066,1.411710,0.488186
75,2926,182.586655,117.339233,18.382544,8.567245,1,-1,-1,-1,0.106343,0.069150,1.253874,0.369621
75,2925,122.040335,131.070096,19.439301,8.139807,1,-1,-1,-1,0.002958,0.002840,0.154928,0.025103
75,2924,-39.710101,116.879971,18.860274,7.610119,1,-1,-1,-1,0.003721,0.003233,0.168316,0.026106
75,2923,78.780135,42.150461,8.109729,18.659042,1,-1,-1,-1,0.003269,0.003908,0.189394,0.034596
75,2922,78.439571,69.338320,7.630857,16.943560,1,-1,-1,-1,0.003990,0.004274,0.257185,0.059721
76,2933,151.466562,131.114565,15.915672,7.989511,1,-1,-1,-1,0.081350,0.061185,0.813696,0.317560
76,2928,-9.670972,117.285536,18.567499,8.646004,1,-1,-1,-1,0.105367,0.051007,1.043334,0.317108
76,2927,154.527352,116.701486,16.380839,8.104532,1,-1,-1,-1,0.093102,0.079793,1.016874,0.386481
76,2926,182.578977,117.290632,18.441546,8.744853,1,-1,-1,-1,0.090980,0.059449,1.062354,0.278730
76,2925,122.040040,131.070015,19.439921,8.139969,1,-1,-1,-1,0.002787,0.002756,0.152231,0.024859
76,2924,-39.710019,116.879991,18.860035,7.610014,1,-1,-1,-1,0.003436,0.003046,0.162010,0.024860
76,2923,78.779894,42.149619,8.110213,18.650797,1,-1,-1,-1,0.003079,0.003755,0.184684,0.032963
76,2922,78.430880,69.351730,7.638274,16.956380,1,-1,-1,-1,0.003950,0.004190,0.255185,0.058058
77,2933,151.427847,130.995466,15.963748,7.975688,1,-1,-1,-1,0.092506,0.069784,0.899639,0.352857
77,2928,-9.669424,117.303828,18.535355,8.668148,1,-1,-1,-1,0.120792,0.081001,1.149507,0.365889
77,2927,154.532030,116.831471,17.296653,8.036427,1,-1,-1,-1,0.091736,0.055117,1.012527,0.336802
77,2926,182.539141,117.313552,18.608331,8.608183,1,-1,-1,-1,0.078308,0.056661,0.992076,0.281282
77,2925,122.040005,131.070002,19.439990,8.139996,1,-1,-1,-1,0.002843,0.002784,0.152181,0.025103
77,2924,-39.700035,116.879998,18.860001,7.610001,1,-1,-1,-1,0.003647,0.003201,0.166123,0.025597
77,2923,78.779981,42.149950,8.110038,18.650098,1,-1,-1,-1,0.003236,0.003830,0.187714,0.034262
77,2922,78.439515,69.349576,7.630932,16.960851,1,-1,-1,-1,0.003911,0.004190,0.257142,0.058604
78,2933,151.515997,131.055358,16.073939,7.959559,1,-1,-1,-1,0.116364,0.091501,1.007371,0.424591
78,2928,-9.898304,117.244118,18.782553,8.609833,1,-1,-1,-1,0.079191,0.050093,0.919267,0.259147
78,2927,154.361651,116.890807,17.372563,8.105471,1,-1,-1,-1,0.126176,0.072429,1.180252,0.408673
78,2926,182.577594,117.285161,18.556484,8.574028,1,-1,-1,-1,0.104208,0.051499,1.026638,0.315724
78,2925,122.040001,131.070000,19.439999,8.140000,1,-1,-1,-1,0.002900,0.002812,0.153506,0.024859
78,2924,-39.669703,116.880114,18.869178,7.609769,1,-1,-1,-1,0.003684,0.003201,0.164778,0.025598
78,2923,78.780131,42.150445,8.109739,18.659074,1,-1,-1,-1,0.003172,0.003792,0.186203,0.033607
78,2922,78.439774,69.339314,7.630451,16.951489,1,-1,-1,-1,0.003872,0.004190,0.255164,0.058605
79,2933,151.588552,131.236524,16.113301,8.022759,1,-1,-1,-1,0.116620,0.089972,1.036255,0.428407
79,2928,-9.408517,117.378830,18.769028,8.696266,1,-1,-1,-1,0.100472,0.049078,0.967857,0.305022
79,2927,154.359661,116.932371,17.399218,8.204563,1,-1,-1,-1,0.211280,0.128093,1.532520,0.567817
79,2926,182.243211,117.210966,18.375177,8.548778,1,-1,-1,-1,0.136909,0.069743,1.220265,0.412322
79,2925,122.040000,131.070000,19.440000,8.140000,1,-1,-1,-1,0.003048,0.002869,0.157574,0.025848
79,2924,-39.591750,116.879375,18.853038,7.601277,1,-1,-1,-1,0.003872,0.003332,0.169049,0.026102
79,2923,78.780024,42.150062,8.109951,18.659878,1,-1,-1,-1,0.003204,0.003830,0.187742,0.033933
79,2922,78.430938,69.351893,7.638159,16.966057,1,-1,-1,-1,0.003911,0.004190,0.255075,0.057508
80,2933,151.437091,131.058297,16.221549,7.950320,1,-1,-1,-1,0.087727,0.066053,0.898527,0.344421
80,2928,-9.123666,117.157381,18.892057,8.619272,1,-1,-1,-1,0.136853,0.068433,1.100310,0.370231
80,2927,154.168964,116.639456,17.626257,8.059879,1,-1,-1,-1,0.104313,0.061343,1.208702,0.388716
80,2926,182.336395,117.551143,18.611849,8.685972,1,-1,-1,-1,0.089496,0.043350,0.975878,0.260774
80,2925,122.040000,131.070000,19.440000,8.140000,1,-1,-1,-1,0.003018,0.002869,0.156286,0.025849
80,2924,-39.469461,116.880425,18.858166,7.609115,1,-1,-1,-1,0.003647,0.003170,0.164829,0.025104
80,2923,78.780003,42.150008,8.109994,18.659985,1,-1,-1,-1,0.003172,0.003792,0.186195,0.033283
80,2922,78.430349,69.361000,7.639298,16.977889,1,-1,-1,-1,0.004111,0.004360,0.259170,0.059158
81,2933,151.571620,130.992445,15.891069,7.933613,1,-1,-1,-1,0.088367,0.066591,0.799576,0.324317
81,2928,-8.453202,117.209543,18.882344,8.598931,1,-1,-1,-1,0.171136,0.116004,1.393312,0.518944
81,2927,154.316977,116.764103,17.019900,8.170097,1,-1,-1,-1,0.152203,0.085708,1.271431,0.452105
81,2926,182.705437,117.397656,18.544046,8.678795,1,-1,-1,-1,0.136686,0.070366,1.211386,0.379716
81,2925,122.040000,131.070000,19.440000,8.140000,1,-1,-1,-1,0.002900,0.002784,0.154909,0.025350
81,2924,-39.270107,116.890157,18.868706,7.609598,1,-1,-1,-1,0.004541,0.004675,0.191969,0.031702
81,2923,78.779867,42.149546,8.110266,18.650944,1,-1,-1,-1,0.003204,0.003869,0.187732,0.034263
81,2922,78.430234,69.360801,7.639529,16.988379,1,-1,-1,-1,0.003911,0.004190,0.253183,0.057510
82,2933,151.390952,130.943405,15.732839,7.879791,1,-1,-1,-1,0.077565,0.056143,0.701997,0.278998
82,2928,-8.393929,117.663844,19.165282,8.830713,1,-1,-1,-1,0.107915,0.053133,1.103243,0.318207
82,2927,154.339927,116.786731,16.724279,8.173206,1,-1,-1,-1,0.126917,0.069229,1.152474,0.404098
82,2926,182.180089,117.269697,18.340380,8.685087,1,-1,-1,-1,0.098178,0.060020,1.187980,0.359820
82,2925,122.040000,131.070000,19.440000,8.140000,1,-1,-1,-1,0.003079,0.002897,0.158960,0.025848
82,2924,-38.991497,116.879834,18.851469,7.610394,1,-1,-1,-1,0.003647,0.003233,0.166700,0.025852
82,2923,78.779976,42.149940,8.110047,18.650119,1,-1,-1,-1,0.003141,0.003792,0.186186,0.033284
82,2922,78.430842,69.361582,7.648274,16.996817,1,-1,-1,-1,0.004193,0.004360,0.259073,0.059158
83,2933,151.520849,130.905411,15.946948,7.873224,1,-1,-1,-1,0.105157,0.086473,0.901505,0.386727
83,2928,-7.086212,117.354335,18.820503,8.736158,1,-1,-1,-1,0.143169,0.099256,1.298539,0.444367
83,2927,154.413824,116.901855,17.049581,8.190195,1,-1,-1,-1,0.189424,0.112910,1.484630,0.550254
83,2926,182.429540,116.919235,18.142398,8.586722,1,-1,-1,-1,0.195095,0.137330,1.549798,0.559711
83,2925,122.039604,131.069882,19.430822,8.140236,1,-1,-1,-1,0.003269,0.003015,0.163206,0.026615
83,2924,-38.621818,116.879571,18.851597,7.600886,1,-1,-1,-1,0.003647,0.003201,0.166196,0.025350
83,2923,78.779998,42.149994,8.110004,18.650010,1,-1,-1,-1,0.003269,0.003869,0.187723,0.033933
83,2922,78.429197,69.358268,7.641643,16.983563,1,-1,-1,-1,0.004030,0.004274,0.257252,0.059163
84,2933,151.526188,131.006169,15.742211,7.892490,1,-1,-1,-1,0.090133,0.067300,0.814049,0.334273
84,2928,-6.115229,117.354545,18.868345,8.600035,1,-1,-1,-1,0.108673,0.069282,1.147312,0.347976
84,2927,154.448248,117.198439,17.048872,8.306934,1,-1,-1,-1,0.233767,0.138154,1.751290,0.615298
84,2926,182.644394,117.558587,18.290981,8.752948,1,-1,-1,-1,0.139402,0.070747,1.381573,0.388216
84,2925,122.040335,131.070096,19.439301,8.139809,1,-1,-1,-1,0.003018,0.002869,0.156375,0.025598
84,2924,-38.141824,116.879832,18.841058,7.600330,1,-1,-1,-1,0.003721,0.003266,0.167616,0.026102
84,2923,78.780136,42.150464,8.109727,18.659034,1,-1,-1,-1,0.003402,0.003986,0.190951,0.034932
84,2922,78.438870,69.347671,7.632224,16.964818,1,-1,-1,-1,0.003758,0.004107,0.251059,0.057510
85,2933,151.677690,131.208980,15.924933,7.993200,1,-1,-1,-1,0.107210,0.082618,0.936012,0.397189
85,2928,-5.172752,117.251882,19.046943,8.549788,1,-1,-1,-1,0.039827,0.016163,0.577597,0.097758
85,2927,154.446451,116.808845,17.120863,8.237484,1,-1,-1,-1,0.125501,0.070750,1.366955,0.428257
85,2926,182.554907,117.271908,18.237683,8.726761,1,-1,-1,-1,0.194652,0.099405,1.620761,0.554444
85,2925,122.040040,131.070015,19.439921,8.139969,1,-1,-1,-1,0.002958,0.002840,0.153559,0.025103
85,2924,-37.551203,116.880098,18.849256,7.599799,1,-1,-1,-1,0.003721,0.003266,0.167642,0.025849
85,2923,78.779891,42.149605,8.110219,18.650826,1,-1,-1,-1,0.003301,0.003869,0.191030,0.034597
85,2922,78.439786,69.349527,7.630428,16.960945,1,-1,-1,-1,0.003834,0.004148,0.254858,0.058051
86,2933,151.736064,131.069645,15.855287,8.004306,1,-1,-1,-1,0.113396,0.086641,0.927370,0.399726
86,2928,-4.065315,117.209044,18.942216,8.641461,1,-1,-1,-1,0.047251,0.017648,0.544927,0.105312
86,2927,154.313615,116.964126,17.547880,8.243650,1,-1,-1,-1,0.113576,0.064138,1.205947,0.360337
86,2926,182.564785,117.472327,18.378495,8.666953,1,-1,-1,-1,0.095868,0.063029,1.267414,0.351289
86,2925,122.030033,131.070002,19.439990,8.139996,1,-1,-1,-1,0.003079,0.002926,0.157554,0.026101
86,2924,-36.842695,116.879784,18.831574,7.600428,1,-1,-1,-1,0.003990,0.003399,0.172006,0.026615
86,2923,78.780114,42.150404,8.109772,18.659157,1,-1,-1,-1,0.003236,0.003869,0.189424,0.033934
86,2922,78.430939,69.351946,7.638158,16.976029,1,-1,-1,-1,0.003872,0.004190,0.252972,0.058053
87,2933,151.721731,130.879797,16.071495,7.905771,1,-1,-1,-1,0.104515,0.081961,0.949901,0.377477
87,2928,-2.835399,117.127165,19.062690,8.726418,1,-1,-1,-1,0.038239,0.014068,0.502617,0.092769
87,2927,154.183485,116.839212,17.867694,8.220967,1,-1,-1,-1,0.169152,0.104948,1.405617,0.485859
87,2926,182.540207,117.255922,18.414091,8.611008,1,-1,-1,-1,0.142973,0.069792,1.266560,0.395879
87,2925,122.039972,131.070000,19.439999,8.140000,1,-1,-1,-1,0.002958,0.002812,0.154915,0.025350
87,2924,-36.030704,116.880313,18.857732,7.599371,1,-1,-1,-1,0.003368,0.003046,0.162044,0.024619
87,2923,78.780022,42.150057,8.109956,18.659889,1,-1,-1,-1,0.003334,0.003908,0.190983,0.034596
87,2922,78.439211,69.348382,7.631541,16.963313,1,-1,-1,-1,0.003721,0.004066,0.250868,0.056965
88,2933,151.572077,131.059277,16.024288,7.965712,1,-1,-1,-1,0.084454,0.064177,0.841774,0.328702
88,2928,-1.203541,117.447071,19.093896,8.647978,1,-1,-1,-1,0.099205,0.050908,0.838385,0.294173
88,2927,154.286263,116.549755,16.298953,8.098752,1,-1,-1,-1,0.088850,0.063647,0.920859,0.361155
88,2926,182.573617,117.727155,18.549310,8.721988,1,-1,-1,-1,0.143719,0.076689,1.351604,0.399618
88,2925,122.040000,131.070000,19.440000,8.140000,1,-1,-1,-1,0.002958,0.002840,0.154865,0.025349
88,2924,-34.992843,116.879832,18.841291,7.600334,1,-1,-1,-1,0.003236,0.002985,0.159077,0.024618
88,2923,78.780003,42.150008,8.109994,18.659986,1,-1,-1,-1,0.003204,0.003869,0.187823,0.034264
88,2922,78.439695,69.339104,7.630612,16.951902,1,-1,-1,-1,0.003872,0.004148,0.252797,0.058049
89,2933,151.654152,130.985659,16.209571,7.959780,1,-1,-1,-1,0.102374,0.077381,0.947574,0.380203
89,2928,0.389596,117.377177,19.043958,8.701716,1,-1,-1,-1,0.110268,0.057725,0.983813,0.321308
89,2927,154.360537,116.780007,17.010154,8.035933,1,-1,-1,-1,0.102411,0.058313,1.045742,0.366524
89,2926,182.548848,117.357596,18.538125,8.689705,1,-1,-1,-1,0.073553,0.046831,1.034478,0.273292
89,2925,122.040000,131.070000,19.440000,8.140000,1,-1,-1,-1,0.002900,0.002812,0.153522,0.025103
89,2924,-33.723272,116.869893,18.830918,7.600266,1,-1,-1,-1,0.003402,0.003076,0.161790,0.025349
89,2923,78.779868,42.149550,8.110264,18.650936,1,-1,-1,-1,0.003204,0.003830,0.186161,0.033934
89,2922,78.449378,69.339168,7.621213,16.951656,1,-1,-1,-1,0.003436,0.002927,0.221993,0.050833
90,2933,151.719520,131.186442,16.447438,8.028563,1,-1,-1,-1,0.112322,0.089050,1.073710,0.433170
90,2928,3.480722,117.096596,19.024463,8.645017,1,-1,-1,-1,0.043869,0.014934,0.557018,0.100362
90,2927,154.402429,116.983507,17.125443,8.116168,1,-1,-1,-1,0.195225,0.117993,1.463780,0.580785
90,2926,182.353927,117.356092,18.646664,8.572650,1,-1,-1,-1,0.088275,0.043312,0.948327,0.274503
90,2925,122.030028,131.070000,19.440000,8.140000,1,-1,-1,-1,0.003048,0.002897,0.157543,0.025597
90,2924,-32.242965,116.880530,18.837495,7.608802,1,-1,-1,-1,0.004452,0.004675,0.190248,0.031396
90,2923,78.780111,42.150396,8.109779,18.659170,1,-1,-1,-1,0.003334,0.003947,0.189286,0.034263
90,2922,78.431776,69.353381,7.636525,16.973033,1,-1,-1,-1,0.004070,0.004274,0.257663,0.059137
91,2933,151.616988,130.841539,16.105461,8.035983,1,-1,-1,-1,0.109392,0.077506,1.009653,0.391139
91,2928,4.914533,117.252672,19.388916,8.538076,1,-1,-1,-1,0.130077,0.070898,0.948028,0.335141
91,2927,154.283654,116.952969,17.085333,8.128927,1,-1,-1,-1,0.136926,0.076201,1.355451,0.460869
91,2926,182.464507,117.773144,18.717346,8.809315,1,-1,-1,-1,0.155938,0.084021,1.283795,0.419362
91,2925,122.039970,131.070000,19.440000,8.140000,1,-1,-1,-1,0.003048,0.002897,0.157615,0.025849
91,2924,-30.703914,116.869722,18.841009,7.600645,1,-1,-1,-1,0.003758,0.003266,0.166640,0.025107
91,2923,78.779888,42.149602,8.110224,18.650833,1,-1,-1,-1,0.003236,0.003869,0.187770,0.033934
91,2922,78.431316,69.362810,7.647328,16.994228,1,-1,-1,-1,0.004278,0.004404,0.263357,0.059163
92,2933,151.631948,131.124346,16.494319,8.079790,1,-1,-1,-1,0.114452,0.089051,1.122443,0.440237
92,2928,7.175032,117.281780,19.147322,8.859067,1,-1,-1,-1,0.049277,0.021716,0.641858,0.113203
92,2927,154.285906,116.638228,17.085816,8.066349,1,-1,-1,-1,0.118970,0.067899,1.226485,0.416582
92,2926,182.447798,117.448567,18.699755,8.675360,1,-1,-1,-1,0.085526,0.055656,1.107964,0.311161
92,2925,122.040000,131.070000,19.440000,8.140000,1,-1,-1,-1,0.003048,0.002897,0.157614,0.025598
92,2924,-29.232369,116.880176,18.858303,7.599558,1,-1,-1,-1,0.004193,0.004448,0.184065,0.029909
92,2923,78.779980,42.149947,8.110041,18.650104,1,-1,-1,-1,0.003236,0.003869,0.187729,0.034263
92,2922,78.429147,69.347952,7.641742,16.974305,1,-1,-1,-1,0.003950,0.004190,0.255315,0.058056
93,2933,151.551781,130.838583,15.943528,7.972033,1,-1,-1,-1,0.086903,0.063595,0.830217,0.309715
93,2928,9.112473,117.487575,19.071742,9.063315,1,-1,-1,-1,0.051524,0.021483,0.652194,0.118533
93,2927,154.542310,117.187655,17.329929,8.282408,1,-1,-1,-1,0.149813,0.104984,1.444833,0.480073
93,2926,182.580877,117.476141,18.523329,8.647055,1,-1,-1,-1,0.076829,0.050520,1.038522,0.289532
93,2925,122.040000,131.070000,19.440000,8.140000,1,-1,-1,-1,0.002900,0.002784,0.154902,0.025103
93,2924,-27.643166,116.869956,18.850580,7.600143,1,-1,-1,-1,0.003647,0.003170,0.165084,0.024621
93,2923,78.780131,42.150445,8.109739,18.659074,1,-1,-1,-1,0.003141,0.003792,0.186145,0.033607
93,2922,78.439145,69.348754,7.631670,16.972495,1,-1,-1,-1,0.004152,0.004360,0.259087,0.059160
94,2933,151.391875,130.911883,16.126421,7.963962,1,-1,-1,-1,0.099618,0.076658,0.906780,0.378632
94,2928,11.107717,117.148352,18.875170,8.797443,1,-1,-1,-1,0.075946,0.026130,0.710567,0.140297
94,2927,154.172968,116.824632,17.790962,8.155031,1,-1,-1,-1,0.095583,0.055709,1.131358,0.334230
94,2926,181.287297,117.141056,17.257806,8.694522,1,-1,-1,-1,0.201037,0.153707,1.354865,0.656289
94,2925,122.040000,131.070000,19.440000,8.140000,1,-1,-1,-1,0.003018,0.002869,0.156200,0.025848
94,2924,-25.933683,116.869601,18.851456,7.590819,1,-1,-1,-1,0.003575,0.003138,0.163296,0.024142
94,2923,78.779434,42.148900,8.101161,18.652236,1,-1,-1,-1,0.003236,0.003869,0.187683,0.033933
94,2922,78.430684,69.361116,7.638670,16.977653,1,-1,-1,-1,0.004030,0.004274,0.259240,0.058607
95,2933,151.590186,131.069393,16.086026,8.052394,1,-1,-1,-1,0.097007,0.076008,0.915165,0.370482
95,2928,13.307387,116.942907,19.853682,8.319214,1,-1,-1,-1,0.089112,0.067696,0.880782,0.194554
95,2927,154.294879,116.965618,17.732973,8.253203,1,-1,-1,-1,0.230047,0.123372,1.577526,0.601177
95,2926,182.512633,117.252080,17.965501,8.463108,1,-1,-1,-1,0.168005,0.087870,1.456802,0.508350
95,2925,122.040000,131.070000,19.440000,8.140000,1,-1,-1,-1,0.002958,0.002840,0.154872,0.025598
95,2924,-24.082740,116.870071,18.859378,7.589849,1,-1,-1,-1,0.003470,0.003046,0.161857,0.023907
95,2923,78.780967,42.151689,8.118007,18.656586,1,-1,-1,-1,0.003172,0.003792,0.187718,0.033934
95,2922,78.439303,69.348875,7.631357,16.972374,1,-1,-1,-1,0.003911,0.004190,0.255131,0.058605
96,2933,151.338685,131.070998,16.068646,7.992931,1,-1,-1,-1,0.098788,0.073898,0.917001,0.372598
96,2928,16.143475,116.247651,19.214779,8.308877,1,-1,-1,-1,0.111174,0.064128,1.118397,0.399619
96,2927,154.367353,117.009630,17.521444,8.300797,1,-1,-1,-1,0.180732,0.107427,1.619703,0.538159
96,2926,183.060255,117.182000,18.143551,8.499629,1,-1,-1,-1,0.132949,0.068587,1.340338,0.408335
96,2925,122.040000,131.070000,19.440000,8.140000,1,-1,-1,-1,0.003079,0.002926,0.157554,0.026102
96,2924,-22.092457,116.860155,18.869121,7.589736,1,-1,-1,-1,0.003141,0.002926,0.154971,0.022326
96,2923,78.779547,42.149133,8.110939,18.651770,1,-1,-1,-1,0.003204,0.003830,0.187716,0.033934
96,2922,78.438770,69.337125,7.622496,16.945938,1,-1,-1,-1,0.003911,0.004190,0.254957,0.058054
97,2933,151.572390,131.114636,16.340806,7.995603,1,-1,-1,-1,0.092628,0.073198,0.931986,0.370045
97,2928,18.683371,117.178648,18.679827,9.005130,1,-1,-1,-1,0.070042,0.023950,0.788688,0.150508
97,2927,154.200486,116.739474,17.151943,8.271025,1,-1,-1,-1,0.119413,0.093472,1.433197,0.493286
97,2926,182.481977,117.160593,18.443717,8.389526,1,-1,-1,-1,0.206271,0.110876,1.507426,0.534227
97,2925,122.040000,131.070000,19.440000,8.140000,1,-1,-1,-1,0.002929,0.002812,0.154892,0.025104
97,2924,-19.953054,116.869995,18.869859,7.589945,1,-1,-1,-1,0.003236,0.002956,0.156195,0.023215
97,2923,78.779933,42.149851,8.110134,18.650296,1,-1,-1,-1,0.003204,0.003830,0.187713,0.033607
97,2922,78.431699,69.353520,7.636599,16.972709,1,-1,-1,-1,0.004070,0.004317,0.256991,0.058604
98,2933,151.701611,131.196200,16.439087,8.016054,1,-1,-1,-1,0.094310,0.078154,0.974800,0.380759
98,2928,21.553324,116.123352,19.067218,8.449576,1,-1,-1,-1,0.107018,0.058193,0.973474,0.311646
98,2927,154.285352,116.889815,17.532897,8.257440,1,-1,-1,-1,0.143352,0.085111,1.400818,0.443715
98,2926,182.436866,117.158913,18.207941,8.411061,1,-1,-1,-1,0.206724,0.156260,1.786907,0.668701
98,2925,122.038944,131.069492,19.432141,8.131044,1,-1,-1,-1,0.003236,0.003015,0.160298,0.026101
98,2924,-17.681490,116.860610,18.887120,7.598799,1,-1,-1,-1,0.002929,0.002756,0.150877,0.021893
98,2923,78.779991,42.149979,8.110018,18.650041,1,-1,-1,-1,0.003236,0.003869,0.189300,0.033933
98,2922,78.439975,69.349507,7.639979,16.961064,1,-1,-1,-1,0.003834,0.004148,0.252988,0.058054
99,2933,151.355679,131.042236,16.312941,8.017693,1,-1,-1,-1,0.095196,0.073217,0.920070,0.367931
99,2928,24.860812,117.609406,18.911288,9.339619,1,-1,-1,-1,0.123008,0.083336,1.400429,0.590050
99,2927,154.199603,116.683511,17.880776,8.019423,1,-1,-1,-1,0.075659,0.046398,0.995429,0.305036
99,2926,182.399190,117.074127,18.182481,8.287688,1,-1,-1,-1,0.153927,0.080039,1.579880,0.505980
99,2925,122.040870,131.070425,19.438233,8.139123,1,-1,-1,-1,0.002871,0.002784,0.153597,0.024860
99,2924,-15.182716,116.860181,18.898873,7.599630,1,-1,-1,-1,0.002958,0.002784,0.150785,0.021468
99,2923,78.780136,42.150461,8.109729,18.659042,1,-1,-1,-1,0.003402,0.003986,0.190940,0.034596
99,2922,78.439533,69.349744,7.630974,16.970473,1,-1,-1,-1,0.003911,0.004190,0.254854,0.057506
100,2933,151.341198,130.989161,16.096006,8.056078,1,-1,-1,-1,0.093462,0.070494,0.883802,0.356372
100,2928,28.459169,117.600652,18.810437,9.998153,1,-1,-1,-1,0.149883,0.116172,1.810984,0.813411
100,2927,154.300396,116.577907,16.863513,7.963162,1,-1,-1,-1,0.084286,0.046327,0.854049,0.317147
100,2926,182.653685,117.718380,18.298809,8.573441,1,-1,-1,-1,0.131586,0.068557,1.407977,0.390556
100,2925,122.040127,131.070055,19.439746,8.139890,1,-1,-1,-1,0.002958,0.002840,0.154816,0.025103
100,2924,-12.444651,116.859545,18.891991,7.590929,1,-1,-1,-1,0.003018,0.002840,0.152100,0.021679
100,2923,78.780026,42.150066,8.109948,18.659870,1,-1,-1,-1,0.003402,0.003986,0.192593,0.034597
100,2922,78.430792,69.361347,7.638457,16.977183,1,-1,-1,-1,0.004452,0.004583,0.267384,0.061432
