1,2424,130.790000,105.560000,20.300000,8.000000,1,-1,-1,-1,10.000000,10.000000,10.000000,10.000000
1,2423,61.880000,245.900000,8.540000,19.050000,1,-1,-1,-1,10.000000,10.000000,10.000000,10.000000
1,2422,152.310000,131.440000,18.160000,8.460000,1,-1,-1,-1,10.000000,10.000000,10.000000,10.000000
1,2421,81.500000,-136.140000,8.170000,19.230000,1,-1,-1,-1,10.000000,10.000000,10.000000,10.000000
1,2420,-52.350000,131.200000,18.050000,8.260000,1,-1,-1,-1,10.000000,10.000000,10.000000,10.000000
1,2419,-19.790000,116.830000,16.110000,7.930000,1,-1,-1,-1,10.000000,10.000000,10.000000,10.000000
1,2418,-24.090000,131.400000,17.600000,8.150000,1,-1,-1,-1,10.000000,10.000000,10.000000,10.000000
1,2417,6.650000,117.390000,19.050000,8.630000,1,-1,-1,-1,10.000000,10.000000,10.000000,10.000000
1,2416,82.050000,-173.080000,8.050000,15.310000,1,-1,-1,-1,10.000000,10.000000,10.000000,10.000000
1,2415,122.350000,130.790000,18.830000,7.580000,1,-1,-1,-1,10.000000,10.000000,10.000000,10.000000
1,2414,61.160000,216.530000,8.120000,18.650000,1,-1,-1,-1,10.000000,10.000000,10.000000,10.000000
1,2413,61.990000,187.650000,7.640000,16.980000,1,-1,-1,-1,10.000000,10.000000,10.000000,10.000000
2,2425,11.280000,-280.530000,15.440000,21.100000,1,-1,-1,-1,10.000000,10.000000,10.000000,10.000000
2,2424,130.400236,105.589928,20.689548,7.960143,1,-1,-1,-1,0.496343,0.155467,2.762107,0.018469
2,2422,151.638413,131.670692,17.983243,8.398608,1,-1,-1,-1,0.453625,0.231928,8.460636,1.337007
2,2421,81.490990,-136.182264,8.308017,19.164529,1,-1,-1,-1,0.264354,0.043226,1.779072,0.255764
2,2420,-52.786677,131.028488,18.053408,8.233037,1,-1,-1,-1,0.630967,0.378574,12.743178,1.929336
2,2419,-19.790726,116.980370,16.241451,8.029256,1,-1,-1,-1,0.093439,0.074176,1.625975,0.444322
2,2418,-23.645384,131.412410,17.140756,8.015182,1,-1,-1,-1,0.286371,0.197636,6.083997,1.223931
2,2417,6.819869,117.390056,18.980261,8.609887,1,-1,-1,-1,0.047814,0.038338,1.068401,0.216566
2,2416,82.049981,-173.069963,8.050038,15.329926,1,-1,-1,-1,0.008648,0.004985,0.297078,0.080674
2,2415,122.350013,130.789995,18.829974,7.570011,1,-1,-1,-1,0.003311,0.003054,0.183829,0.023468
2,2414,61.159997,216.530008,8.120007,18.659984,1,-1,-1,-1,0.003026,0.003693,0.213578,0.033943
2,2413,61.990006,187.649986,7.639988,16.970028,1,-1,-1,-1,0.003925,0.004206,0.321820,0.060477
3,2422,151.728721,131.569127,18.533046,8.557304,1,-1,-1,-1,0.297536,0.159813,5.279236,0.750350
3,2421,81.612922,-135.931106,8.125266,19.219381,1,-1,-1,-1,0.241921,0.048543,1.719310,0.220281
3,2420,-53.052715,131.262823,18.696998,8.706396,1,-1,-1,-1,0.123811,0.081483,2.697798,0.435623
3,2419,-18.993564,117.071219,15.689735,8.008985,1,-1,-1,-1,0.099410,0.073002,1.454035,0.345339
3,2418,-23.513153,131.364305,17.021636,8.080495,1,-1,-1,-1,0.241951,0.143334,3.905660,0.685082
3,2417,7.088134,117.462678,18.753548,8.444643,1,-1,-1,-1,0.055853,0.045273,1.132115,0.211951
3,2416,82.050066,-173.090546,8.049867,15.311134,1,-1,-1,-1,0.008556,0.004983,0.290536,0.075586
3,2415,122.349900,130.780058,18.810207,7.569886,1,-1,-1,-1,0.004166,0.003512,0.199973,0.025102
3,2414,61.159998,216.529839,8.120003,18.650329,1,-1,-1,-1,0.003149,0.003804,0.216379,0.033283
3,2413,61.990026,187.650055,7.639947,16.969886,1,-1,-1,-1,0.003884,0.004162,0.308135,0.057514
4,2422,151.568389,131.615741,18.697936,8.817862,1,-1,-1,-1,0.280487,0.148232,4.726481,0.706735
4,2421,81.520260,-135.961055,8.220814,19.232636,1,-1,-1,-1,0.197935,0.040738,1.386326,0.198410
4,2420,-52.469695,131.171303,18.282139,8.483825,1,-1,-1,-1,0.121678,0.073403,2.356826,0.426395
4,2419,-19.881149,117.221556,16.361282,8.080013,1,-1,-1,-1,0.107808,0.079086,1.606398,0.389806
4,2418,-23.826282,131.435282,17.382655,8.141615,1,-1,-1,-1,0.128139,0.080215,2.520210,0.462596
4,2417,7.030220,117.371785,18.769384,8.439700,1,-1,-1,-1,0.051081,0.040733,0.974431,0.204909
4,2416,82.049819,-173.079524,8.040405,15.318844,1,-1,-1,-1,0.008440,0.004874,0.268867,0.074861
4,2415,122.350513,130.790142,18.818925,7.569653,1,-1,-1,-1,0.003440,0.003111,0.173949,0.022991
4,2414,61.160100,216.530371,8.119799,18.659223,1,-1,-1,-1,0.003145,0.003760,0.204192,0.033606
4,2413,61.989938,187.629386,7.640124,16.951352,1,-1,-1,-1,0.003726,0.004073,0.284572,0.056963
5,2422,151.319993,131.653788,18.355143,8.562621,1,-1,-1,-1,0.198918,0.098703,2.926328,0.534786
5,2421,81.495706,-135.872670,8.249417,19.363439,1,-1,-1,-1,0.176634,0.038173,1.170426,0.184961
5,2420,-52.405671,131.182700,18.264993,8.336868,1,-1,-1,-1,0.144972,0.073887,2.179579,0.437617
5,2419,-19.837184,117.080400,16.420193,8.059785,1,-1,-1,-1,0.111227,0.084348,1.509932,0.401970
5,2418,-23.817365,131.354253,17.222664,8.239935,1,-1,-1,-1,0.140786,0.092806,2.391194,0.488494
5,2417,6.831465,117.405038,18.843017,8.503239,1,-1,-1,-1,0.057457,0.044610,0.937860,0.211594
5,2416,82.050726,-173.068868,8.048453,15.327578,1,-1,-1,-1,0.009688,0.005544,0.274881,0.079146
5,2415,122.350880,130.790419,18.828203,7.579140,1,-1,-1,-1,0.003687,0.003236,0.173838,0.023674
5,2414,61.160007,216.530022,8.119986,18.659958,1,-1,-1,-1,0.003206,0.003834,0.198021,0.033933
5,2413,61.999574,187.629363,7.630825,16.941221,1,-1,-1,-1,0.003915,0.004152,0.277952,0.058049
6,2422,151.476781,131.655485,17.523838,8.263462,1,-1,-1,-1,0.237467,0.136123,2.782392,0.661270
6,2421,81.531882,-136.522909,8.173740,19.042507,1,-1,-1,-1,0.296711,0.062259,1.429387,0.266013
6,2420,-52.759075,131.295002,18.507136,8.445545,1,-1,-1,-1,0.119346,0.073423,1.872248,0.408793
6,2419,-19.359556,117.148416,15.972934,8.069853,1,-1,-1,-1,0.104315,0.074115,1.240463,0.364004
6,2418,-23.039865,131.136734,16.594559,7.933883,1,-1,-1,-1,0.125980,0.070057,1.615506,0.424844
6,2417,8.845691,117.344304,16.782872,8.305452,1,-1,-1,-1,0.085325,0.064707,1.019733,0.335000
6,2416,82.050009,-173.080287,8.049981,15.320687,1,-1,-1,-1,0.008177,0.004869,0.251429,0.074185
6,2415,122.349129,130.789593,18.821769,7.570844,1,-1,-1,-1,0.003542,0.003140,0.168388,0.023216
6,2414,61.159992,216.529982,8.120016,18.660038,1,-1,-1,-1,0.003238,0.003871,0.196519,0.034263
6,2413,62.000930,187.641947,7.638119,16.955912,1,-1,-1,-1,0.003913,0.004151,0.271786,0.057506
7,2422,151.505831,131.607762,17.227606,8.248943,1,-1,-1,-1,0.421777,0.240020,3.386123,0.844108
7,2421,81.509386,-136.327079,8.202148,18.980287,1,-1,-1,-1,0.286603,0.056494,1.341797,0.251273
7,2420,-52.993971,131.348402,18.546548,8.588191,1,-1,-1,-1,0.077729,0.054941,1.303431,0.275852
7,2419,-19.377673,117.082690,15.894397,8.057619,1,-1,-1,-1,0.100912,0.070402,1.133768,0.358742
7,2418,-23.265453,131.549234,16.741308,8.170079,1,-1,-1,-1,0.185488,0.105342,1.954702,0.500318
7,2417,7.156600,117.486119,18.422074,8.392882,1,-1,-1,-1,0.051911,0.041901,0.841247,0.211691
7,2416,82.049498,-173.080402,8.041067,15.320780,1,-1,-1,-1,0.008093,0.004868,0.247601,0.073474
7,2415,122.350485,130.790300,18.819023,7.579373,1,-1,-1,-1,0.003686,0.003235,0.169902,0.024141
7,2414,61.159991,216.529980,8.120018,18.660040,1,-1,-1,-1,0.003142,0.003756,0.192915,0.033607
7,2413,61.990272,187.640504,7.639533,16.958969,1,-1,-1,-1,0.003952,0.004234,0.268012,0.058051
8,2422,152.222826,131.368796,17.673063,8.252720,1,-1,-1,-1,0.245906,0.072211,1.890301,0.325022
8,2421,81.551973,-136.301195,8.114155,18.946820,1,-1,-1,-1,0.261051,0.055315,1.291097,0.250687
8,2420,-52.982711,131.233192,18.706990,8.601968,1,-1,-1,-1,0.159385,0.093009,1.669137,0.433705
8,2419,-19.372676,116.991959,15.918819,8.020709,1,-1,-1,-1,0.089958,0.068922,0.990404,0.340215
8,2418,-23.847611,131.507946,17.131947,8.309874,1,-1,-1,-1,0.257035,0.191828,2.621359,0.688168
8,2417,6.712952,117.370489,18.802678,8.453933,1,-1,-1,-1,0.044797,0.036155,0.729546,0.177563
8,2416,82.041483,-173.057953,8.057020,15.335617,1,-1,-1,-1,0.008172,0.005430,0.264687,0.082121
8,2415,122.350331,130.790098,18.829304,7.579808,1,-1,-1,-1,0.003541,0.003170,0.167504,0.023907
8,2414,61.159992,216.529983,8.120015,18.660035,1,-1,-1,-1,0.003237,0.003832,0.193293,0.033933
8,2413,61.990211,187.650685,7.639578,16.968509,1,-1,-1,-1,0.003912,0.004191,0.265546,0.058604
9,2422,152.574683,131.380686,17.955325,8.302132,1,-1,-1,-1,0.398581,0.098247,1.772507,0.345671
9,2421,81.572705,-136.052048,8.115689,19.160884,1,-1,-1,-1,0.220280,0.050685,1.200987,0.229341
9,2420,-53.157308,131.272188,18.765387,8.691183,1,-1,-1,-1,0.131652,0.068276,1.513090,0.371587
9,2419,-19.228996,116.792338,15.792353,7.862696,1,-1,-1,-1,0.080951,0.060249,0.831197,0.300139
9,2418,-23.970524,131.530610,17.468141,8.312451,1,-1,-1,-1,0.188311,0.127150,2.384945,0.604534
9,2417,6.770458,117.450796,19.012784,8.539212,1,-1,-1,-1,0.048326,0.039799,0.737833,0.197246
9,2416,82.049370,-173.070754,8.051170,15.331667,1,-1,-1,-1,0.009113,0.005270,0.257282,0.078454
9,2415,122.348978,130.789529,18.822075,7.570972,1,-1,-1,-1,0.003612,0.003202,0.166804,0.023216
9,2414,61.159993,216.529985,8.120013,18.660030,1,-1,-1,-1,0.003173,0.003793,0.190774,0.033607
9,2413,61.990053,187.640170,7.639894,16.969734,1,-1,-1,-1,0.004031,0.004233,0.268218,0.058054
10,2422,152.402276,131.334616,17.986144,8.319556,1,-1,-1,-1,0.258224,0.072890,1.544461,0.298084
10,2421,81.571467,-136.162493,8.108461,19.137821,1,-1,-1,-1,0.235669,0.053122,1.195584,0.239990
10,2420,-53.102673,131.440046,18.624608,8.898710,1,-1,-1,-1,0.127528,0.082982,1.661988,0.389186
10,2419,-19.309714,116.899969,15.673334,7.940747,1,-1,-1,-1,0.077831,0.060169,0.812210,0.293511
10,2418,-23.531534,131.220247,17.060330,8.144076,1,-1,-1,-1,0.175248,0.106075,1.901049,0.549323
10,2417,6.832591,117.331685,18.951051,8.488190,1,-1,-1,-1,0.056298,0.045100,0.804389,0.223817
10,2416,82.084588,-173.138635,7.990755,15.248166,1,-1,-1,-1,0.008169,0.004770,0.239358,0.074875
10,2415,122.350850,130.790403,18.828265,7.579165,1,-1,-1,-1,0.003612,0.003202,0.166304,0.023906
10,2414,61.159879,216.529574,8.120242,18.650886,1,-1,-1,-1,0.003237,0.003870,0.193386,0.034263
10,2413,61.990729,187.651254,7.648506,16.977371,1,-1,-1,-1,0.004194,0.004361,0.271503,0.059721
11,2422,151.854734,131.543253,17.902627,8.321232,1,-1,-1,-1,0.281243,0.155123,2.152827,0.632539
11,2421,81.592044,-135.783810,8.154843,19.212521,1,-1,-1,-1,0.275628,0.063030,1.259097,0.252234
11,2420,-52.914265,131.141210,18.886746,8.830674,1,-1,-1,-1,0.127290,0.062541,1.395801,0.339520
11,2419,-20.147806,117.163807,16.382349,8.009215,1,-1,-1,-1,0.121040,0.096100,1.218647,0.462102
11,2418,-24.073491,131.128982,17.457460,8.045112,1,-1,-1,-1,0.108412,0.068195,1.480615,0.393410
11,2417,6.952469,117.435979,18.848633,8.508506,1,-1,-1,-1,0.053149,0.042966,0.788743,0.217483
11,2416,82.055960,-173.070970,8.048093,15.310905,1,-1,-1,-1,0.009021,0.005217,0.252180,0.076263
11,2415,122.349014,130.789543,18.822008,7.570948,1,-1,-1,-1,0.003951,0.003399,0.173322,0.024617
11,2414,61.160108,216.540355,8.119785,18.659188,1,-1,-1,-1,0.003173,0.003793,0.191292,0.033934
11,2413,61.990485,187.661811,7.649034,17.006197,1,-1,-1,-1,0.004194,0.004405,0.268453,0.059726
12,2422,151.079829,131.465733,17.411177,8.280817,1,-1,-1,-1,0.411196,0.397783,2.725089,0.985167
12,2421,81.544977,-136.361719,8.157081,19.111265,1,-1,-1,-1,0.217215,0.049654,1.157007,0.236983
12,2420,-53.041287,131.179451,18.652612,8.726982,1,-1,-1,-1,0.130632,0.085158,1.539775,0.429080
12,2419,-19.450783,117.055006,16.077049,7.881181,1,-1,-1,-1,0.086365,0.064352,0.879682,0.315636
12,2418,-23.689462,131.728439,17.497299,8.280158,1,-1,-1,-1,0.199977,0.113302,1.774714,0.538659
12,2417,6.905350,117.429648,18.959211,8.472468,1,-1,-1,-1,0.046893,0.038994,0.717657,0.195038
12,2416,82.050325,-173.079249,8.049434,15.318535,1,-1,-1,-1,0.008584,0.005013,0.247874,0.076270
12,2415,122.349884,130.789952,18.820228,7.570095,1,-1,-1,-1,0.003612,0.003202,0.167211,0.023675
12,2414,61.160017,216.530083,8.119965,18.659910,1,-1,-1,-1,0.003173,0.003831,0.189211,0.033607
12,2413,61.998962,187.647666,7.642046,16.984880,1,-1,-1,-1,0.003911,0.004190,0.258941,0.057511
13,2422,151.650109,131.661788,17.503134,8.345649,1,-1,-1,-1,0.393940,0.227515,3.128531,0.950088
13,2421,81.584300,-136.329687,8.123446,19.018159,1,-1,-1,-1,0.197656,0.045502,1.105306,0.230747
13,2420,-52.738181,131.349829,18.753037,8.938471,1,-1,-1,-1,0.190462,0.094409,1.648034,0.425816
13,2419,-19.820674,116.891936,16.274450,7.922682,1,-1,-1,-1,0.084526,0.066695,0.931975,0.332454
13,2418,-24.360734,131.417211,18.104753,8.303786,1,-1,-1,-1,0.190561,0.126751,1.811374,0.517087
13,2417,6.755845,117.343733,19.036440,8.458010,1,-1,-1,-1,0.039784,0.034365,0.645309,0.177201
13,2416,82.050208,-173.069316,8.049585,15.328500,1,-1,-1,-1,0.008168,0.004817,0.243127,0.073484
13,2415,122.350676,130.790377,18.818644,7.579215,1,-1,-1,-1,0.003873,0.003299,0.169773,0.024378
13,2414,61.159999,216.529999,8.120001,18.660002,1,-1,-1,-1,0.003302,0.003908,0.193757,0.034263
13,2413,61.990539,187.660743,7.648966,16.988405,1,-1,-1,-1,0.004152,0.004317,0.264363,0.059158
14,2422,152.086647,131.815661,18.035104,8.539486,1,-1,-1,-1,0.294962,0.153213,2.767737,0.691961
14,2421,81.555877,-136.209750,8.155071,19.004605,1,-1,-1,-1,0.276756,0.059446,1.164422,0.253858
14,2420,-52.997310,131.148193,18.649167,8.730482,1,-1,-1,-1,0.116563,0.076930,1.532145,0.402035
14,2419,-19.275586,116.911052,15.836488,7.971925,1,-1,-1,-1,0.076941,0.057288,0.800811,0.279358
14,2418,-23.467789,131.607282,16.984150,8.566689,1,-1,-1,-1,0.198487,0.146344,1.726120,0.573915
14,2417,6.756427,117.407134,18.988797,8.517233,1,-1,-1,-1,0.056715,0.045464,0.750338,0.210723
14,2416,82.059367,-173.070413,8.041189,15.330835,1,-1,-1,-1,0.008842,0.005165,0.250623,0.077685
14,2415,122.350070,130.790033,18.819857,7.579937,1,-1,-1,-1,0.003834,0.003299,0.169612,0.024378
14,2414,61.159997,216.529993,8.120006,18.660015,1,-1,-1,-1,0.003141,0.003793,0.188691,0.033607
14,2413,61.989864,187.649457,7.650276,16.981221,1,-1,-1,-1,0.004321,0.004448,0.268398,0.060290
15,2422,151.598341,131.624443,18.082382,8.497580,1,-1,-1,-1,0.285633,0.156049,2.631265,0.709351
15,2421,81.549385,-135.958946,8.103068,19.233322,1,-1,-1,-1,0.229797,0.052543,1.106419,0.229447
15,2419,-19.367209,116.979052,15.818479,8.018219,1,-1,-1,-1,0.104369,0.076005,0.909043,0.347521
15,2418,-23.615782,132.400574,16.847334,8.932476,1,-1,-1,-1,0.328269,0.289032,2.328018,0.860114
15,2417,6.628032,117.379842,19.011994,8.570344,1,-1,-1,-1,0.042978,0.035721,0.666382,0.170099
15,2416,82.050451,-173.080107,8.049180,15.320357,1,-1,-1,-1,0.008498,0.005013,0.244435,0.074872
15,2415,122.349970,130.789990,18.820057,7.580023,1,-1,-1,-1,0.003470,0.003107,0.165066,0.023216
15,2414,61.159997,216.529992,8.120007,18.660016,1,-1,-1,-1,0.003141,0.003831,0.188345,0.033933
15,2413,61.989170,187.618570,7.641698,16.973125,1,-1,-1,-1,0.003950,0.004232,0.261685,0.059167
16,2422,151.460755,131.177758,18.251727,8.441725,1,-1,-1,-1,0.220372,0.120347,2.245333,0.599421
16,2421,81.544681,-135.926162,8.144563,19.174113,1,-1,-1,-1,0.184312,0.038604,0.982378,0.200322
16,2419,-19.487201,116.998224,16.103318,7.888238,1,-1,-1,-1,0.074155,0.057291,0.811093,0.284477
16,2418,-23.042495,133.265991,17.099384,9.060763,1,-1,-1,-1,0.412483,0.275840,2.886766,1.153200
16,2417,6.728012,117.199831,19.049258,8.527834,1,-1,-1,-1,0.058900,0.048610,0.770939,0.221052
16,2416,82.050632,-173.079456,8.058665,15.318906,1,-1,-1,-1,0.008086,0.004865,0.239910,0.074165
16,2415,122.350330,130.790094,18.829304,7.579814,1,-1,-1,-1,0.003721,0.003234,0.167721,0.023906
16,2414,61.159997,216.500094,8.120006,18.660015,1,-1,-1,-1,0.003172,0.003793,0.188147,0.033607
16,2413,61.999075,187.249688,7.631815,16.963335,1,-1,-1,-1,0.003834,0.004107,0.256839,0.057510
17,2422,151.189307,131.395788,18.449035,8.491271,1,-1,-1,-1,0.151661,0.076992,1.662934,0.446178
17,2421,81.571241,-135.335278,8.096381,19.193913,1,-1,-1,-1,0.153819,0.036054,0.894048,0.188158
17,2419,-19.394829,116.966986,15.855855,7.860666,1,-1,-1,-1,0.076118,0.062931,0.772490,0.283764
17,2418,-23.130363,132.100478,16.748480,8.524474,1,-1,-1,-1,0.210301,0.191586,2.080806,0.749759
17,2417,6.728628,117.382885,18.975619,8.499500,1,-1,-1,-1,0.053584,0.043754,0.751252,0.205168
17,2416,82.049492,-173.060523,8.051100,15.320857,1,-1,-1,-1,0.008668,0.005114,0.245449,0.075554
17,2415,122.349299,130.789615,18.831404,7.570800,1,-1,-1,-1,0.003721,0.003233,0.169104,0.023907
17,2414,61.160311,216.340764,8.129349,18.649599,1,-1,-1,-1,0.003301,0.003908,0.191213,0.034263
17,2413,62.011341,186.515088,7.647177,16.975062,1,-1,-1,-1,0.003990,0.004274,0.260535,0.059158
18,2422,151.029749,131.467182,18.184399,8.606775,1,-1,-1,-1,0.269209,0.206327,2.139198,0.701801
18,2421,81.474542,-134.362491,8.192519,19.095442,1,-1,-1,-1,0.142780,0.033357,0.899821,0.194269
18,2420,-52.937351,131.738993,18.432717,8.757421,1,-1,-1,-1,0.134949,0.067915,1.528521,0.523613
18,2419,-18.818008,116.633059,15.363493,7.757897,1,-1,-1,-1,0.122757,0.093227,0.921516,0.406348
18,2418,-22.028374,131.913039,15.693499,8.159768,1,-1,-1,-1,0.139751,0.109086,1.352303,0.561569
18,2417,6.518055,117.322165,19.229866,8.499757,1,-1,-1,-1,0.045514,0.039339,0.665493,0.178940
18,2416,82.049779,-173.020858,8.050441,15.311431,1,-1,-1,-1,0.008006,0.004769,0.237490,0.072799
18,2415,122.349887,130.789951,18.830228,7.570097,1,-1,-1,-1,0.003576,0.003170,0.164674,0.023216
18,2414,61.169544,215.990518,8.120884,18.651292,1,-1,-1,-1,0.003368,0.003947,0.194420,0.034933
18,2413,61.972845,185.255949,7.744233,16.739548,1,-1,-1,-1,0.005542,0.005063,0.309945,0.072048
19,2422,151.228777,130.850693,18.138835,8.616725,1,-1,-1,-1,0.193146,0.147271,2.051964,0.583063
19,2421,81.447062,-131.384085,8.256997,19.979864,1,-1,-1,-1,0.368680,0.057149,1.022897,0.143934
19,2420,-52.948442,131.753044,18.533656,8.817742,1,-1,-1,-1,0.155632,0.083443,1.637674,0.543003
19,2419,-19.288894,117.133993,15.723821,7.764114,1,-1,-1,-1,0.081501,0.061266,0.821505,0.320318
19,2418,-22.682789,131.057885,16.241789,7.984147,1,-1,-1,-1,0.072883,0.055740,1.001901,0.340873
19,2417,6.712025,117.420169,19.308862,8.444589,1,-1,-1,-1,0.038618,0.036401,0.635420,0.170914
19,2416,82.039477,-172.891074,8.041239,15.311153,1,-1,-1,-1,0.007249,0.004448,0.227423,0.070118
19,2415,122.349618,130.789885,18.820797,7.570229,1,-1,-1,-1,0.003505,0.003107,0.163067,0.023444
19,2414,61.180047,215.402312,8.119849,18.659283,1,-1,-1,-1,0.003576,0.004107,0.196023,0.035615
19,2413,62.067511,183.928806,7.644715,16.967558,1,-1,-1,-1,0.003505,0.002986,0.227780,0.051352
20,2422,151.161560,130.990633,18.149464,8.305364,1,-1,-1,-1,0.068387,0.046513,1.144003,0.298516
20,2421,81.431595,-129.584147,8.284313,20.444482,1,-1,-1,-1,0.420984,0.073840,1.096775,0.110618
20,2420,-53.413625,131.252247,18.721574,8.661840,1,-1,-1,-1,0.147916,0.108109,1.637032,0.524479
20,2419,-19.779022,117.229572,15.974618,7.666058,1,-1,-1,-1,0.085149,0.071137,0.923855,0.345350
20,2418,-23.547489,130.628605,16.958725,7.985916,1,-1,-1,-1,0.104221,0.053518,1.092565,0.351906
20,2417,6.571463,117.182424,19.415735,8.317245,1,-1,-1,-1,0.050057,0.040872,0.642326,0.156670
20,2416,82.082300,-172.773232,7.965313,15.206018,1,-1,-1,-1,0.007543,0.005216,0.238415,0.080598
20,2415,122.350345,130.790100,18.829275,7.569799,1,-1,-1,-1,0.003684,0.003201,0.165805,0.023674
20,2414,61.209232,214.531127,8.111400,18.643106,1,-1,-1,-1,0.003301,0.003869,0.192648,0.034598
20,2413,62.087673,182.087301,7.485136,16.946877,1,-1,-1,-1,0.003990,0.004232,0.258577,0.058583
21,2422,151.526647,131.585853,17.947272,8.374428,1,-1,-1,-1,0.209433,0.131256,1.585736,0.542714
21,2421,81.358030,-128.901058,8.250560,19.904375,1,-1,-1,-1,0.143259,0.029419,0.743105,0.109308
21,2420,-53.247856,130.965831,18.670016,8.421693,1,-1,-1,-1,0.145173,0.089285,1.465677,0.455959
21,2419,-20.578397,117.339768,16.497655,7.884088,1,-1,-1,-1,0.089209,0.071847,1.076372,0.378826
21,2418,-23.581063,129.746490,17.242818,7.865223,1,-1,-1,-1,0.131022,0.096612,1.363271,0.513106
21,2417,6.512365,117.181637,19.430399,8.381599,1,-1,-1,-1,0.056159,0.046326,0.692258,0.187051
21,2416,82.047027,-172.340472,8.035933,15.287077,1,-1,-1,-1,0.007848,0.004769,0.234770,0.072145
21,2415,122.340758,130.790390,18.828547,7.579190,1,-1,-1,-1,0.003470,0.003107,0.164350,0.023216
21,2414,61.239538,213.392929,8.100801,18.650746,1,-1,-1,-1,0.003269,0.003869,0.189214,0.034264
21,2413,62.025648,180.029531,7.419447,16.933490,1,-1,-1,-1,0.004321,0.004448,0.266042,0.059161
22,2422,151.793829,131.629147,18.031029,8.585352,1,-1,-1,-1,0.186782,0.148678,1.798549,0.545410
22,2421,81.394713,-125.665907,8.206988,20.274147,1,-1,-1,-1,0.077114,0.021700,0.533965,0.051434
22,2420,-53.169141,130.992218,18.626411,8.323007,1,-1,-1,-1,0.155735,0.095118,1.444625,0.504101
22,2419,-19.979934,117.154127,16.340354,8.160849,1,-1,-1,-1,0.158788,0.127006,1.257536,0.491356
22,2418,-23.157257,129.789596,16.728735,8.005132,1,-1,-1,-1,0.089491,0.066721,1.103031,0.385262
22,2417,6.886141,117.399415,19.297277,8.594544,1,-1,-1,-1,0.054590,0.042903,0.652700,0.168176
22,2416,82.030872,-171.909174,8.038433,15.315381,1,-1,-1,-1,0.007036,0.004360,0.226896,0.069463
22,2415,122.348964,130.789540,18.822034,7.570951,1,-1,-1,-1,0.003758,0.003266,0.167122,0.023674
22,2414,61.260401,211.974576,8.109091,18.648628,1,-1,-1,-1,0.003172,0.003793,0.189038,0.033934
22,2413,61.777571,177.718722,7.675546,16.961385,1,-1,-1,-1,0.003436,0.002985,0.226022,0.051322
23,2422,151.514223,131.278741,17.354756,8.599318,1,-1,-1,-1,0.220639,0.201595,1.886246,0.705164
23,2421,81.201434,-124.222478,8.292843,19.648785,1,-1,-1,-1,0.199500,0.039681,0.788635,0.198140
23,2420,-52.989318,131.343699,18.401060,8.605900,1,-1,-1,-1,0.187079,0.130769,1.672502,0.554432
23,2419,-19.698911,116.655869,16.378152,8.172673,1,-1,-1,-1,0.144018,0.115626,1.266334,0.501598
23,2418,-23.383385,129.680656,16.758620,7.977576,1,-1,-1,-1,0.275933,0.230645,1.799038,0.797154
23,2417,7.417045,117.168279,18.885106,8.329409,1,-1,-1,-1,0.039378,0.038951,0.769223,0.231935
23,2416,82.020080,-171.371551,8.039914,15.310278,1,-1,-1,-1,0.005221,0.003644,0.171224,0.056461
23,2415,122.359010,130.789701,18.801979,7.570597,1,-1,-1,-1,0.004278,0.003572,0.177490,0.025847
23,2414,61.300247,210.255639,8.109322,18.667813,1,-1,-1,-1,0.003204,0.003831,0.187351,0.033607
23,2413,61.497639,175.067366,7.995495,17.059618,1,-1,-1,-1,0.004278,0.004448,0.264252,0.060265
24,2422,151.617051,131.843844,17.526604,8.801355,1,-1,-1,-1,0.354011,0.232247,2.384519,0.868082
24,2421,81.011997,-122.503295,8.545042,18.836252,1,-1,-1,-1,0.447637,0.109600,1.253921,0.384194
24,2420,-51.583802,131.479577,17.434143,8.641278,1,-1,-1,-1,0.266286,0.224009,1.826303,0.796221
24,2419,-18.824192,117.387703,15.676222,8.401572,1,-1,-1,-1,0.062035,0.050169,0.653795,0.228726
24,2418,-22.303277,129.281973,16.249112,7.878359,1,-1,-1,-1,0.265935,0.227504,1.837149,0.877833
24,2417,7.802366,117.613219,18.636895,8.672472,1,-1,-1,-1,0.049102,0.044145,0.847207,0.242027
24,2416,82.010756,-170.680437,8.048508,15.327131,1,-1,-1,-1,0.005487,0.003755,0.174502,0.058048
24,2415,122.351390,130.790570,18.817218,7.578830,1,-1,-1,-1,0.003684,0.003233,0.165821,0.023908
24,2414,61.340306,208.205910,8.119179,18.659195,1,-1,-1,-1,0.003436,0.003986,0.193698,0.034596
24,2413,61.163934,172.125425,8.392996,17.204838,1,-1,-1,-1,0.004541,0.004629,0.272255,0.062023
25,2422,151.812992,131.715218,18.185522,8.904678,1,-1,-1,-1,0.216031,0.120929,2.256400,0.672715
25,2421,80.798865,-116.791922,8.656102,19.683575,1,-1,-1,-1,0.237762,0.050640,0.978951,0.207542
25,2420,-52.249921,131.048589,17.770450,8.443507,1,-1,-1,-1,0.269843,0.191802,2.062383,0.744417
25,2419,-19.403788,117.167018,16.010713,8.603703,1,-1,-1,-1,0.105994,0.084078,0.965105,0.408810
25,2418,-22.016785,129.861625,16.084498,8.053230,1,-1,-1,-1,0.183094,0.133582,1.530511,0.713336
25,2417,7.591611,117.512749,18.556255,8.647040,1,-1,-1,-1,0.050553,0.046774,0.946070,0.299439
25,2416,82.034302,-169.960862,7.961534,15.218932,1,-1,-1,-1,0.004587,0.003332,0.160056,0.054329
25,2415,122.359435,130.789685,18.821060,7.570663,1,-1,-1,-1,0.003834,0.003332,0.169882,0.024378
25,2414,61.379827,205.895942,8.120171,18.650789,1,-1,-1,-1,0.003796,0.004274,0.203835,0.037016
25,2413,60.794725,168.874761,8.821438,17.376456,1,-1,-1,-1,0.004278,0.004448,0.266019,0.060871
26,2422,152.166641,131.260793,18.186215,8.595754,1,-1,-1,-1,0.372154,0.103558,1.784419,0.394855
26,2421,79.780611,-112.481697,9.247808,20.079326,1,-1,-1,-1,0.161427,0.045022,0.857554,0.170037
26,2420,-53.268358,131.377534,18.256463,8.411870,1,-1,-1,-1,0.172267,0.114121,1.661606,0.456769
26,2419,-19.176280,117.176914,16.061428,8.565026,1,-1,-1,-1,0.119738,0.095940,1.046964,0.485521
26,2418,-21.718557,129.294800,15.777813,7.992395,1,-1,-1,-1,0.257612,0.207941,1.646000,0.814547
26,2417,7.018969,117.304623,19.043441,8.428865,1,-1,-1,-1,0.047276,0.046331,1.000001,0.295754
26,2416,81.994268,-168.914889,8.021501,15.305190,1,-1,-1,-1,0.003872,0.003015,0.155625,0.049866
26,2415,122.349553,130.779874,18.811016,7.570315,1,-1,-1,-1,0.004321,0.003608,0.178895,0.025349
26,2414,61.430354,203.318324,8.128975,18.648556,1,-1,-1,-1,0.004633,0.004817,0.218120,0.040369
26,2413,60.005940,165.487468,9.430253,17.553922,1,-1,-1,-1,0.002732,0.002545,0.205740,0.045772
27,2422,151.690911,130.784693,17.514438,8.488569,1,-1,-1,-1,0.384770,0.278627,2.316034,0.934260
27,2421,78.333400,-109.467869,10.223270,20.024626,1,-1,-1,-1,0.171694,0.054509,0.921771,0.228310
27,2420,-52.859388,132.103158,18.448184,8.712187,1,-1,-1,-1,0.184229,0.140671,1.789700,0.624860
27,2419,-19.737740,116.695971,16.049766,8.307880,1,-1,-1,-1,0.231130,0.177582,1.485392,0.862140
27,2418,-23.460470,129.544301,16.499167,8.108881,1,-1,-1,-1,0.157496,0.098592,1.695138,0.725668
27,2417,7.309982,117.406562,19.225628,8.559676,1,-1,-1,-1,0.051033,0.053482,1.139861,0.323828
27,2416,81.980476,-167.861255,8.029077,15.308777,1,-1,-1,-1,0.003575,0.002840,0.150165,0.049383
27,2415,122.350353,130.780099,18.819253,7.569795,1,-1,-1,-1,0.004030,0.003433,0.173012,0.024859
27,2414,61.489624,200.417160,8.130440,18.631796,1,-1,-1,-1,0.004408,0.004675,0.214901,0.039226
27,2413,58.262891,162.142327,10.688467,17.842199,1,-1,-1,-1,0.002305,0.002303,0.192343,0.042369
28,2422,151.502640,131.564498,17.597473,8.646947,1,-1,-1,-1,0.267724,0.208539,2.803072,1.087539
28,2421,76.159738,-104.319196,11.730670,20.441933,1,-1,-1,-1,0.150709,0.054015,1.022222,0.270239
28,2419,-19.201462,117.089374,15.664798,8.285300,1,-1,-1,-1,0.259691,0.200644,1.607904,1.023084
28,2418,-23.605986,130.917701,16.661021,8.621171,1,-1,-1,-1,0.293157,0.269786,2.265808,1.173694
28,2417,7.392887,117.526168,18.921968,8.583966,1,-1,-1,-1,0.085720,0.060543,1.287802,0.582700
28,2416,81.960247,-166.651621,8.029607,15.318791,1,-1,-1,-1,0.003911,0.003015,0.155373,0.050813
28,2415,122.349662,130.779902,18.810712,7.570189,1,-1,-1,-1,0.004194,0.003502,0.175834,0.025349
28,2414,61.558446,197.216268,8.112802,18.615437,1,-1,-1,-1,0.004773,0.004914,0.220144,0.041156
28,2413,56.396720,158.397764,12.032033,18.093874,1,-1,-1,-1,0.003018,0.002729,0.214033,0.047519
29,2422,151.883825,131.169441,17.663586,8.707437,1,-1,-1,-1,0.301758,0.217395,3.279968,1.098017
29,2421,73.987224,-100.220325,13.016890,20.408487,1,-1,-1,-1,0.200019,0.105820,1.518103,0.556397
29,2419,-19.193103,116.819131,15.858671,8.095423,1,-1,-1,-1,0.242232,0.162099,1.693276,1.140019
29,2418,-24.008353,129.996585,17.142742,8.825023,1,-1,-1,-1,0.203727,0.138965,2.400743,1.029080
29,2417,7.280976,118.026124,18.901928,8.796274,1,-1,-1,-1,0.150557,0.102092,1.742903,0.886207
29,2416,81.931278,-165.300800,8.047550,15.336228,1,-1,-1,-1,0.004541,0.003365,0.165162,0.053289
29,2415,122.351394,130.790553,18.827146,7.578804,1,-1,-1,-1,0.003436,0.003107,0.161315,0.023445
29,2414,61.630420,194.157828,8.118831,18.627388,1,-1,-1,-1,0.003872,0.004317,0.202613,0.037024
29,2413,54.416485,154.186088,13.354323,18.214921,1,-1,-1,-1,0.003911,0.004190,0.252722,0.056934
30,2422,151.216869,132.903956,17.689391,9.483020,1,-1,-1,-1,0.341242,0.172666,3.253825,1.069479
30,2421,71.182963,-95.871809,14.718865,20.515161,1,-1,-1,-1,0.224679,0.118553,1.759562,0.653848
30,2419,-19.401835,117.085174,16.021081,8.248927,1,-1,-1,-1,0.154477,0.114886,1.392220,0.962946
30,2418,-24.363033,130.171790,17.809240,8.719165,1,-1,-1,-1,0.107188,0.069431,1.713305,0.591709
30,2417,7.023883,117.749015,19.015010,9.023105,1,-1,-1,-1,0.114870,0.075422,1.833571,0.884451
30,2416,81.910584,-163.823047,8.058902,15.329575,1,-1,-1,-1,0.005824,0.003947,0.178606,0.058589
30,2415,122.349475,130.789691,18.831052,7.570651,1,-1,-1,-1,0.003611,0.003170,0.163822,0.023444
30,2414,61.680054,191.803372,8.119772,18.629480,1,-1,-1,-1,0.003721,0.004232,0.200390,0.036664
30,2413,50.896917,150.333794,15.518151,17.832311,1,-1,-1,-1,0.003236,0.002840,0.217561,0.048930
31,2440,112.325314,179.121771,12.209295,25.881492,1,-1,-1,-1,0.844746,0.233934,2.785900,0.169841
31,2420,-57.028873,129.970252,17.883215,8.923585,1,-1,-1,-1,0.869263,0.722912,4.636350,2.508237
31,2419,-19.107017,116.392472,15.750393,7.972770,1,-1,-1,-1,0.224940,0.153635,1.663343,1.077146
31,2418,-23.840585,130.309730,17.520246,8.300465,1,-1,-1,-1,0.212401,0.093207,1.724620,0.687194
31,2417,7.317718,117.330203,18.867108,8.942248,1,-1,-1,-1,0.163435,0.099450,1.980109,1.025110
31,2416,81.899619,-162.183930,8.050841,15.339772,1,-1,-1,-1,0.007321,0.004492,0.227896,0.070714
31,2415,122.359483,130.789843,18.821002,7.570314,1,-1,-1,-1,0.003758,0.003299,0.169591,0.023906
31,2414,61.709779,190.159246,8.120467,18.611771,1,-1,-1,-1,0.003575,0.004107,0.198605,0.036311
31,2413,46.881733,146.223928,16.932547,17.181941,1,-1,-1,-1,0.005273,0.005113,0.280069,0.064358
32,2420,-53.494420,129.951918,18.782099,8.633345,1,-1,-1,-1,0.149162,0.089982,1.880773,0.470493
32,2419,-19.194483,116.740901,15.635406,7.908216,1,-1,-1,-1,0.354105,0.256010,1.999435,1.437183
32,2418,-24.187908,131.105103,17.747629,8.389040,1,-1,-1,-1,0.144726,0.104264,1.614112,0.507668
32,2417,6.970123,117.144142,19.039280,8.569980,1,-1,-1,-1,0.105896,0.074005,1.242230,0.327470
32,2416,81.860963,-160.402589,8.068255,15.338556,1,-1,-1,-1,0.004918,0.003537,0.169371,0.055404
32,2415,122.350365,130.790094,18.829308,7.569813,1,-1,-1,-1,0.003647,0.003233,0.165347,0.023674
32,2414,61.730157,189.277691,8.119772,18.619157,1,-1,-1,-1,0.003505,0.004066,0.195197,0.035616
32,2413,42.779859,141.804773,18.042228,15.762416,1,-1,-1,-1,0.004496,0.004629,0.269962,0.061455
33,2420,-52.576051,129.675127,18.308921,8.526191,1,-1,-1,-1,0.119092,0.080464,1.457801,0.426386
33,2419,-20.280547,117.182878,16.412549,8.133909,1,-1,-1,-1,0.191274,0.141319,1.746767,0.626730
33,2418,-23.513523,130.915487,17.113719,8.135426,1,-1,-1,-1,0.122336,0.085177,1.333897,0.490107
33,2417,6.762109,117.501377,19.195944,8.681785,1,-1,-1,-1,0.174908,0.093239,1.603703,0.790509
33,2416,81.866026,-158.540587,8.027993,15.283733,1,-1,-1,-1,0.006897,0.004148,0.216556,0.067472
33,2415,122.350363,130.790288,18.819310,7.579396,1,-1,-1,-1,0.003721,0.003233,0.165235,0.023906
33,2414,61.730016,189.084549,8.120182,18.610760,1,-1,-1,-1,0.003647,0.004148,0.200054,0.036662
33,2413,38.543219,138.725844,18.507581,13.814340,1,-1,-1,-1,0.002678,0.002571,0.205469,0.045773
34,2422,150.745054,131.247055,15.653392,7.862166,1,-1,-1,-1,0.235309,0.216563,1.640455,0.790480
34,2420,-52.809768,129.560838,18.560506,8.630702,1,-1,-1,-1,0.218162,0.135247,1.802698,0.672187
34,2419,-21.581085,117.213949,17.630039,8.273932,1,-1,-1,-1,0.172269,0.133704,1.660010,0.516042
34,2418,-22.530261,130.900696,16.361995,8.047754,1,-1,-1,-1,0.144681,0.121555,1.240315,0.545584
34,2417,6.513326,117.115404,19.345488,8.540621,1,-1,-1,-1,0.088059,0.063611,1.002308,0.255630
34,2416,81.794738,-156.386565,8.090791,15.364687,1,-1,-1,-1,0.005273,0.003718,0.176559,0.056992
34,2415,122.349733,130.789758,18.830500,7.570517,1,-1,-1,-1,0.003684,0.003233,0.165206,0.023674
34,2414,61.730101,189.084738,8.119985,18.609978,1,-1,-1,-1,0.003540,0.004107,0.196812,0.035962
34,2413,34.587991,136.437525,18.467631,12.325710,1,-1,-1,-1,0.002900,0.002702,0.208858,0.047074
35,2443,108.343585,179.104966,11.895045,25.561170,1,-1,-1,-1,1.237113,0.295231,4.129681,0.240599
35,2422,150.705143,131.225817,15.255387,7.721832,1,-1,-1,-1,0.222041,0.234583,1.498382,0.756504
35,2420,-53.217900,130.393154,18.609730,9.132724,1,-1,-1,-1,0.205322,0.123246,2.085945,0.805128
35,2419,-20.133729,117.232343,16.842663,8.184147,1,-1,-1,-1,0.440551,0.178474,1.787655,0.930765
35,2418,-22.708975,130.995819,16.165756,8.115283,1,-1,-1,-1,0.177335,0.163443,1.376556,0.603490
35,2417,6.684422,117.369383,18.794149,8.767167,1,-1,-1,-1,0.102407,0.074537,1.094612,0.328487
35,2416,81.778852,-154.197237,8.082375,15.344792,1,-1,-1,-1,0.007926,0.004769,0.231340,0.071370
35,2415,122.350656,130.790360,18.828689,7.579250,1,-1,-1,-1,0.003647,0.003201,0.166613,0.023444
35,2414,61.730243,189.085843,8.119679,18.618920,1,-1,-1,-1,0.003436,0.004026,0.195042,0.035616
35,2413,30.969932,134.262257,18.262762,10.915407,1,-1,-1,-1,0.003334,0.003755,0.240223,0.053788
36,2443,108.250398,179.781651,11.889144,25.722612,1,-1,-1,-1,1.467446,0.408722,3.490301,0.037966
36,2422,150.736259,131.098543,15.284805,7.593993,1,-1,-1,-1,0.234946,0.148838,1.478079,0.741788
36,2420,-53.144036,130.033020,18.756265,9.109186,1,-1,-1,-1,0.139537,0.088517,1.770611,0.582825
36,2419,-20.915933,117.209229,17.294251,8.307318,1,-1,-1,-1,0.254191,0.184205,1.947711,0.702867
36,2418,-23.176569,130.926000,16.538251,7.823496,1,-1,-1,-1,0.126061,0.087925,1.343407,0.534850
36,2417,6.517468,117.287581,18.717894,8.632373,1,-1,-1,-1,0.079846,0.064762,0.977652,0.257770
36,2416,81.749628,-151.833953,8.070940,15.359725,1,-1,-1,-1,0.005487,0.003755,0.176810,0.057003
36,2415,122.350084,130.790037,18.829834,7.579928,1,-1,-1,-1,0.003796,0.003299,0.166618,0.023906
36,2414,61.730470,189.085926,8.129187,18.609291,1,-1,-1,-1,0.003721,0.004232,0.199942,0.036662
36,2413,27.670531,132.800332,17.887299,9.655589,1,-1,-1,-1,0.002787,0.002596,0.206301,0.046199
37,2443,108.048953,180.000629,12.141116,25.741320,1,-1,-1,-1,1.223311,0.340470,2.808252,0.031408
37,2422,150.938609,131.165782,15.220012,7.557413,1,-1,-1,-1,0.147633,0.143697,1.184770,0.611272
37,2420,-52.826807,130.014637,18.482593,8.700554,1,-1,-1,-1,0.152835,0.090790,1.643419,0.532530
37,2419,-22.585967,117.263573,18.813928,8.585816,1,-1,-1,-1,0.142671,0.099342,1.353475,0.349933
37,2418,-23.027855,130.960530,16.569572,7.786945,1,-1,-1,-1,0.152599,0.109075,1.386858,0.583656
37,2417,6.177880,116.848820,17.906359,8.489625,1,-1,-1,-1,0.119414,0.084940,1.168025,0.398244
37,2416,81.710882,-149.364028,8.088377,15.349511,1,-1,-1,-1,0.006001,0.003986,0.180187,0.059717
37,2415,122.349987,130.789996,18.830027,7.580011,1,-1,-1,-1,0.003721,0.003266,0.166596,0.024141
37,2414,61.730272,189.086646,8.129601,18.618779,1,-1,-1,-1,0.003611,0.004148,0.198373,0.035962
37,2413,24.585769,132.370027,17.635637,9.118965,1,-1,-1,-1,0.003236,0.002869,0.219416,0.049375
38,2422,150.868723,131.319252,15.213186,7.656411,1,-1,-1,-1,0.157059,0.099978,1.092102,0.517985
38,2420,-52.618173,130.993882,18.364051,8.685998,1,-1,-1,-1,0.221182,0.118377,1.839666,0.590563
38,2419,-19.871623,116.850906,16.745402,8.071663,1,-1,-1,-1,0.231979,0.075405,1.051656,0.484526
38,2418,-23.056221,130.885265,16.604442,7.764290,1,-1,-1,-1,0.256116,0.193650,1.747871,0.799860
38,2417,7.154997,117.330401,18.666042,8.336203,1,-1,-1,-1,0.156544,0.053573,1.155465,0.420092
38,2416,81.679738,-146.714065,8.080678,15.359895,1,-1,-1,-1,0.005067,0.003608,0.172694,0.055901
38,2415,122.349161,130.789746,18.811755,7.580510,1,-1,-1,-1,0.004193,0.003537,0.175378,0.025102
38,2414,61.730111,189.086539,8.129911,18.619785,1,-1,-1,-1,0.003647,0.004148,0.199973,0.036662
38,2413,21.778419,131.941262,17.438966,8.702334,1,-1,-1,-1,0.003990,0.004232,0.258507,0.059132
39,2422,150.830128,131.268206,15.097523,7.580967,1,-1,-1,-1,0.171572,0.177645,1.166925,0.628481
39,2420,-52.729336,131.172070,18.618676,8.533485,1,-1,-1,-1,0.143545,0.080611,1.500858,0.458426
39,2419,-19.017397,117.019530,15.939866,7.881611,1,-1,-1,-1,0.167094,0.054064,0.966952,0.446053
39,2418,-22.452734,130.938011,16.111804,7.712849,1,-1,-1,-1,0.256437,0.216907,1.758771,0.847038
39,2417,6.951838,117.179935,18.916013,8.321843,1,-1,-1,-1,0.120262,0.045898,1.100624,0.370666
39,2416,81.639781,-143.955656,8.080659,15.342302,1,-1,-1,-1,0.006061,0.004026,0.180044,0.059714
39,2415,122.349547,130.779709,18.820865,7.570676,1,-1,-1,-1,0.003990,0.003433,0.171094,0.024379
39,2414,61.730074,189.086805,8.129971,18.619933,1,-1,-1,-1,0.003647,0.004148,0.199989,0.036663
39,2413,19.287666,131.558596,17.287412,8.318929,1,-1,-1,-1,0.003911,0.004148,0.256015,0.058607
40,2422,150.828138,131.272842,15.197758,7.603921,1,-1,-1,-1,0.263253,0.271899,1.527872,0.847759
40,2420,-52.952684,131.153368,18.691320,8.540429,1,-1,-1,-1,0.102858,0.055119,1.155209,0.343506
40,2419,-18.514146,116.873772,15.398656,7.744788,1,-1,-1,-1,0.232928,0.062287,1.029710,0.486635
40,2418,-22.577543,131.212516,16.111088,7.866085,1,-1,-1,-1,0.313116,0.265179,1.991465,1.000198
40,2417,6.519076,116.799421,19.248559,8.335694,1,-1,-1,-1,0.116662,0.084820,1.085988,0.265685
40,2416,81.636751,-141.048270,8.036543,15.346251,1,-1,-1,-1,0.007394,0.004448,0.225703,0.070062
40,2415,122.349921,130.789930,18.820155,7.570071,1,-1,-1,-1,0.004111,0.003467,0.172458,0.025103
40,2414,61.730066,189.087012,8.129982,18.619958,1,-1,-1,-1,0.003834,0.004274,0.201646,0.037019
40,2413,17.052739,131.222660,17.175115,7.990473,1,-1,-1,-1,0.004321,0.004492,0.268423,0.061436
41,2443,108.377087,178.843489,11.904482,24.996939,1,-1,-1,-1,0.970846,0.291709,2.906454,0.467601
41,2422,150.928239,131.345857,15.454286,7.684025,1,-1,-1,-1,0.175160,0.146683,1.423701,0.640463
41,2420,-48.430109,118.962607,19.268674,8.505624,1,-1,-1,-1,0.272263,0.106789,1.392713,0.334205
41,2419,-19.311786,117.131793,15.882077,7.976824,1,-1,-1,-1,0.216430,0.172206,1.426274,0.601437
41,2418,-22.034460,130.978316,15.614329,7.750742,1,-1,-1,-1,0.423966,0.330857,2.103651,1.103132
41,2417,7.005203,116.996907,19.089803,8.341960,1,-1,-1,-1,0.131110,0.094180,1.222293,0.399034
41,2416,81.572118,-137.993730,8.066127,15.337127,1,-1,-1,-1,0.007248,0.004404,0.225416,0.068808
41,2415,122.349998,130.789999,18.820003,7.570001,1,-1,-1,-1,0.004152,0.003502,0.173952,0.024859
41,2414,61.730191,189.097829,8.129714,18.628998,1,-1,-1,-1,0.003575,0.004107,0.196652,0.035963
41,2413,15.105783,130.955293,17.047292,7.691210,1,-1,-1,-1,0.002988,0.002729,0.213974,0.047558
42,2422,150.950179,131.385806,15.315110,7.700723,1,-1,-1,-1,0.214659,0.208290,1.427792,0.712201
42,2420,-47.314024,116.961090,19.061741,8.316249,1,-1,-1,-1,0.121356,0.045114,1.168493,0.336135
42,2419,-21.675461,117.586044,17.748499,8.340300,1,-1,-1,-1,0.152716,0.120328,1.440425,0.475877
42,2418,-22.247899,130.934756,15.433630,7.745104,1,-1,-1,-1,0.321965,0.297517,2.005323,0.965843
42,2417,6.786705,116.943081,19.217877,8.310516,1,-1,-1,-1,0.159525,0.110132,1.294428,0.411397
42,2416,81.538935,-134.797347,8.052367,15.332856,1,-1,-1,-1,0.008497,0.004963,0.238634,0.074828
42,2415,122.340413,130.790115,18.829204,7.569770,1,-1,-1,-1,0.003470,0.003107,0.160985,0.022991
42,2414,61.729937,189.087309,8.130210,18.620814,1,-1,-1,-1,0.003505,0.004066,0.194849,0.035616
42,2413,13.387425,130.687757,16.923066,7.417352,1,-1,-1,-1,0.002731,0.002596,0.207120,0.046187
43,2422,152.399949,131.567881,16.913056,7.926919,1,-1,-1,-1,0.267405,0.076574,1.327853,0.318070
43,2420,-47.538636,116.936269,19.275887,8.064586,1,-1,-1,-1,0.118804,0.050497,1.073920,0.208180
43,2419,-19.449671,116.447684,16.093188,7.877131,1,-1,-1,-1,0.129228,0.039044,0.998204,0.368799
43,2418,-24.189195,131.437465,17.710826,8.418927,1,-1,-1,-1,0.079252,0.030728,1.015790,0.196820
43,2417,6.772508,116.737902,19.191624,8.197148,1,-1,-1,-1,0.117058,0.085207,1.186108,0.356583
43,2416,81.472734,-131.451431,8.084850,15.371676,1,-1,-1,-1,0.007394,0.004537,0.195900,0.064453
43,2415,122.349618,130.779932,18.820724,7.570197,1,-1,-1,-1,0.003872,0.003365,0.169258,0.024378
43,2414,61.730023,189.087837,8.130032,18.620084,1,-1,-1,-1,0.003505,0.004066,0.196426,0.035616
43,2413,11.906709,130.670595,16.803963,7.341484,1,-1,-1,-1,0.002328,0.002350,0.196753,0.043191
44,2454,-8.091288,-84.304931,20.224619,8.560693,1,-1,-1,-1,0.227407,0.144702,3.040707,0.374426
44,2422,150.624982,131.338378,16.166527,7.876354,1,-1,-1,-1,0.153451,0.143803,1.231076,0.533352
44,2420,-47.482417,117.089887,19.400371,8.124111,1,-1,-1,-1,0.242532,0.089693,1.305865,0.282016
44,2419,-21.192211,117.352886,17.197529,8.183468,1,-1,-1,-1,0.211382,0.154801,1.444142,0.564541
44,2418,-23.131959,130.805909,16.986149,8.219655,1,-1,-1,-1,0.214863,0.194388,1.384835,0.634378
44,2417,7.207864,116.823660,18.934253,8.255747,1,-1,-1,-1,0.076977,0.055659,0.931653,0.260911
44,2416,81.439460,-127.936666,8.081160,15.352922,1,-1,-1,-1,0.006563,0.004190,0.186729,0.061455
44,2415,122.359933,130.789956,18.820069,7.570026,1,-1,-1,-1,0.003575,0.003201,0.163677,0.023216
44,2414,61.730038,189.088088,8.129994,18.619986,1,-1,-1,-1,0.003505,0.004066,0.196447,0.035616
44,2413,10.594076,130.663586,16.777157,7.304409,1,-1,-1,-1,0.003334,0.002926,0.222513,0.050798
45,2454,-13.853792,-84.726901,20.498827,8.554283,1,-1,-1,-1,0.154334,0.118012,1.840719,0.142370
45,2443,108.274353,179.215762,11.929329,25.398983,1,-1,-1,-1,0.971677,0.273879,2.498696,0.295589
45,2422,150.650277,131.357612,15.656088,7.842935,1,-1,-1,-1,0.123537,0.074189,0.945088,0.428421
45,2420,-47.711447,117.097867,19.735818,8.132533,1,-1,-1,-1,0.180987,0.066052,1.176456,0.188443
45,2419,-21.298806,117.088193,18.527436,8.299706,1,-1,-1,-1,0.183495,0.133880,1.400327,0.415388
45,2418,-24.365381,131.451781,17.668179,8.438146,1,-1,-1,-1,0.127611,0.041470,1.072907,0.237620
45,2417,7.365233,116.950495,18.716964,8.450142,1,-1,-1,-1,0.083514,0.059974,0.952682,0.273923
45,2416,81.389979,-124.235570,8.080276,15.350566,1,-1,-1,-1,0.006183,0.004066,0.181797,0.060869
45,2415,122.341193,130.790513,18.827723,7.578944,1,-1,-1,-1,0.003834,0.003332,0.167837,0.023906
45,2414,61.730039,189.098205,8.129987,18.619971,1,-1,-1,-1,0.003575,0.004148,0.196428,0.035961
45,2413,9.467074,130.654666,16.759337,7.299537,1,-1,-1,-1,0.004030,0.004232,0.260425,0.059698
46,2454,-18.638154,-84.491087,19.922584,8.567371,1,-1,-1,-1,0.154250,0.122177,1.838424,0.365730
46,2443,108.115131,179.876901,12.092783,25.586986,1,-1,-1,-1,0.964442,0.298456,2.130664,0.056443
46,2422,150.948586,131.478967,15.792488,7.863692,1,-1,-1,-1,0.139652,0.107952,1.091893,0.517138
46,2420,-47.350705,116.996586,19.808858,8.045513,1,-1,-1,-1,0.120507,0.050543,1.051931,0.142590
46,2419,-20.556482,117.428971,18.775467,8.609647,1,-1,-1,-1,0.206073,0.152617,1.635017,0.558728
46,2418,-22.547307,130.733600,16.507713,8.083678,1,-1,-1,-1,0.139712,0.113622,1.108416,0.492763
46,2417,7.466526,116.954656,18.577359,8.521042,1,-1,-1,-1,0.129496,0.090592,1.188364,0.391666
46,2416,81.330736,-120.384770,8.088818,15.358283,1,-1,-1,-1,0.006694,0.004274,0.186350,0.062025
46,2415,122.358564,130.789432,18.812799,7.571169,1,-1,-1,-1,0.003834,0.003332,0.169358,0.024141
46,2414,61.730036,189.088453,8.129986,18.619969,1,-1,-1,-1,0.003611,0.004148,0.198066,0.036310
46,2413,8.514092,130.645655,16.696984,7.282558,1,-1,-1,-1,0.002787,0.002596,0.211849,0.048471
47,2454,-24.312670,-84.392568,21.186331,8.509738,1,-1,-1,-1,0.112245,0.097306,1.038966,0.013435
47,2443,108.107631,179.949635,12.095013,25.747569,1,-1,-1,-1,1.034328,0.331760,2.070520,0.050829
47,2422,150.596735,131.242779,15.335361,7.758825,1,-1,-1,-1,0.169722,0.122924,1.107926,0.556194
47,2420,-47.551720,117.079512,19.817329,8.077029,1,-1,-1,-1,0.086938,0.042903,0.906384,0.133433
47,2419,-19.403904,116.677952,16.471944,8.172360,1,-1,-1,-1,0.226721,0.092047,1.361973,0.572511
47,2418,-22.948901,130.941854,16.471975,8.046457,1,-1,-1,-1,0.158297,0.107341,1.258779,0.539033
47,2417,7.850899,116.896918,18.114485,8.506115,1,-1,-1,-1,0.155362,0.105193,1.416872,0.496165
47,2416,81.317637,-116.467505,8.054677,15.390587,1,-1,-1,-1,0.008840,0.005705,0.258696,0.083581
47,2415,122.351329,130.790542,18.827344,7.578886,1,-1,-1,-1,0.003684,0.003233,0.165058,0.023907
47,2414,61.730033,189.098527,8.129986,18.619969,1,-1,-1,-1,0.003611,0.004148,0.199760,0.036311
47,2413,7.691336,130.659023,16.711607,7.295983,1,-1,-1,-1,0.003048,0.002702,0.219314,0.049852
48,2457,-77.080271,117.212556,18.071458,8.101060,1,-1,-1,-1,0.356884,0.092403,3.433129,0.609408
48,2454,-28.449014,-84.822455,20.640823,8.459581,1,-1,-1,-1,0.245480,0.227008,1.962255,0.243106
48,2443,108.107255,179.271556,12.155255,25.660544,1,-1,-1,-1,0.703829,0.192731,1.863032,0.167945
48,2422,150.824791,131.340840,15.232596,7.720600,1,-1,-1,-1,0.188928,0.192413,1.274191,0.695842
48,2420,-48.119558,117.082884,19.909304,8.130516,1,-1,-1,-1,0.127248,0.050492,0.936060,0.149375
48,2419,-19.043299,116.610831,15.764715,8.009096,1,-1,-1,-1,0.218070,0.104248,1.588217,0.691329
48,2418,-23.688946,131.233116,17.324345,8.089706,1,-1,-1,-1,0.153151,0.045551,1.069474,0.254016
48,2417,7.265402,117.076385,18.751542,8.541102,1,-1,-1,-1,0.100142,0.070624,1.108612,0.297660
48,2416,81.250330,-112.557472,8.069722,15.344667,1,-1,-1,-1,0.007926,0.004675,0.231972,0.070823
48,2415,122.350173,130.790071,18.829656,7.579860,1,-1,-1,-1,0.003758,0.003299,0.166388,0.023907
48,2414,61.730170,189.099154,8.129710,18.628983,1,-1,-1,-1,0.003758,0.004232,0.199789,0.036663
48,2413,6.989778,130.658886,16.705260,7.307259,1,-1,-1,-1,0.002731,0.002520,0.210627,0.047534
49,2457,-76.800724,117.255964,17.644082,8.075029,1,-1,-1,-1,0.491460,0.133663,4.243210,0.830510
49,2454,-31.633029,-85.182315,19.892577,8.269594,1,-1,-1,-1,0.175269,0.129875,1.827602,0.283877
49,2443,108.265784,179.101100,11.840907,25.953687,1,-1,-1,-1,0.956067,0.314598,2.053729,0.094918
49,2422,151.141924,131.192240,15.287430,7.615196,1,-1,-1,-1,0.218728,0.184521,1.394257,0.802113
49,2420,-48.548704,117.108222,20.281324,8.137852,1,-1,-1,-1,0.194315,0.071732,1.052840,0.138318
49,2419,-20.430626,117.121066,17.526382,8.168533,1,-1,-1,-1,0.212370,0.173236,1.677400,0.515178
49,2418,-24.042920,131.409588,17.542232,8.299746,1,-1,-1,-1,0.266547,0.067142,1.238870,0.340639
49,2417,7.675750,116.974744,18.312331,8.535688,1,-1,-1,-1,0.114356,0.078874,1.187459,0.369636
49,2416,81.191134,-108.563375,8.087896,15.347858,1,-1,-1,-1,0.006244,0.004066,0.182756,0.059761
49,2415,122.350006,130.790003,18.829990,7.579996,1,-1,-1,-1,0.003796,0.003266,0.166403,0.024141
49,2414,61.730050,189.098937,8.129941,18.629852,1,-1,-1,-1,0.003402,0.003986,0.194802,0.035275
49,2413,6.407168,130.657644,16.689795,7.299938,1,-1,-1,-1,0.003048,0.002702,0.219233,0.049850
50,2457,-77.193619,117.131282,18.724092,8.017944,1,-1,-1,-1,0.597463,0.169586,3.756056,0.442036
50,2454,-34.626245,-84.915876,18.985862,8.298835,1,-1,-1,-1,0.275751,0.196181,2.272392,0.629147
50,2443,108.278867,179.671916,11.879245,25.796178,1,-1,-1,-1,1.083902,0.366910,2.263681,0.125916
50,2422,151.056685,131.082382,15.620076,7.574196,1,-1,-1,-1,0.156869,0.117202,1.301655,0.594399
50,2420,-48.140654,117.058609,19.730765,8.161707,1,-1,-1,-1,0.164963,0.067245,1.180445,0.293003
50,2418,-23.520145,131.079821,17.068278,8.321190,1,-1,-1,-1,0.222972,0.061742,1.128016,0.336542
50,2417,7.499443,117.053644,18.435456,8.494169,1,-1,-1,-1,0.095341,0.073220,1.103545,0.315937
50,2416,81.148777,-104.516329,8.072619,15.343265,1,-1,-1,-1,0.007321,0.004537,0.227385,0.069411
50,2415,122.358029,130.789240,18.803979,7.571552,1,-1,-1,-1,0.003872,0.003332,0.169278,0.024617
50,2414,61.729889,189.088523,8.130261,18.620945,1,-1,-1,-1,0.003575,0.004107,0.196299,0.035961
50,2413,5.901082,130.648763,16.711128,7.306290,1,-1,-1,-1,0.003505,0.003869,0.249974,0.056405
51,2443,108.352250,179.772385,11.820427,25.740607,1,-1,-1,-1,1.128309,0.364799,2.429517,0.226578
51,2422,150.938844,131.253448,15.554508,7.635657,1,-1,-1,-1,0.266730,0.258276,1.586693,0.858276
51,2420,-47.838297,116.980328,19.803814,8.106773,1,-1,-1,-1,0.286761,0.095795,1.395769,0.277582
51,2418,-23.818656,131.364794,17.122223,8.446313,1,-1,-1,-1,0.283179,0.073832,1.231072,0.383571
51,2417,7.822032,117.013679,18.189453,8.451729,1,-1,-1,-1,0.111236,0.084204,1.217352,0.387299
51,2416,81.090712,-100.442078,8.078739,15.366924,1,-1,-1,-1,0.005379,0.003718,0.174959,0.056998
51,2415,122.360132,130.790014,18.809700,7.569971,1,-1,-1,-1,0.003721,0.003233,0.166440,0.023675
51,2414,61.730132,189.099409,8.129771,18.629143,1,-1,-1,-1,0.003540,0.004107,0.194681,0.035616
51,2413,5.507558,130.648191,16.699363,7.299787,1,-1,-1,-1,0.002900,0.002649,0.215018,0.048464
52,2443,108.286166,179.238957,11.917639,25.547095,1,-1,-1,-1,0.981567,0.276020,2.281985,0.215786
52,2422,151.045705,131.339597,15.762469,7.663300,1,-1,-1,-1,0.126970,0.097063,1.206995,0.529673
52,2420,-47.674415,117.040230,19.538799,8.135207,1,-1,-1,-1,0.183439,0.070587,1.294932,0.313129
52,2418,-23.605230,131.084538,17.035203,8.440076,1,-1,-1,-1,0.394648,0.097624,1.337415,0.439476
52,2417,7.167246,117.058395,18.732279,8.525072,1,-1,-1,-1,0.065557,0.053062,0.890967,0.239443
52,2416,81.050264,-96.313982,8.079478,15.378214,1,-1,-1,-1,0.009476,0.005268,0.250001,0.078319
52,2415,122.351548,130.790630,18.826906,7.578711,1,-1,-1,-1,0.003647,0.003201,0.164945,0.023906
52,2414,61.729904,189.088755,8.130225,18.620850,1,-1,-1,-1,0.003575,0.004148,0.196267,0.035961
52,2413,5.135149,130.650631,16.763155,7.313466,1,-1,-1,-1,0.003575,0.003947,0.249752,0.056937
53,2443,108.365662,178.909805,11.828400,25.556457,1,-1,-1,-1,1.007514,0.319312,2.363867,0.265455
53,2422,150.841265,131.117617,15.639214,7.661321,1,-1,-1,-1,0.348241,0.355217,1.655754,0.913947
53,2420,-48.351259,117.009270,19.668608,8.082064,1,-1,-1,-1,0.164756,0.066609,1.188152,0.216503
53,2418,-23.426572,131.261591,16.875112,8.497985,1,-1,-1,-1,0.357784,0.086733,1.277668,0.406022
53,2417,7.162742,117.058727,18.885478,8.522752,1,-1,-1,-1,0.066018,0.052987,0.829417,0.230833
53,2416,80.989189,-92.176221,8.071965,15.363753,1,-1,-1,-1,0.007618,0.005216,0.249149,0.078434
53,2415,122.359386,130.789850,18.811230,7.580303,1,-1,-1,-1,0.003758,0.003266,0.167769,0.024378
53,2414,61.730130,189.099611,8.129767,18.629136,1,-1,-1,-1,0.003402,0.003986,0.193021,0.035274
53,2413,4.859364,130.659025,16.776302,7.308865,1,-1,-1,-1,0.002787,0.002571,0.211423,0.046649
54,2457,-76.727027,116.973969,18.882190,8.067000,1,-1,-1,-1,0.482532,0.141242,2.860051,0.533413
54,2455,-51.983797,131.492753,17.467415,8.790601,1,-1,-1,-1,0.309485,0.190870,3.421714,0.841491
54,2443,108.473641,178.219079,11.797117,25.035450,1,-1,-1,-1,0.973391,0.271900,2.420253,0.564843
54,2422,150.915278,131.156910,15.474622,7.607464,1,-1,-1,-1,0.168958,0.149011,1.357580,0.656834
54,2420,-47.674932,117.105351,19.618087,8.154673,1,-1,-1,-1,0.197015,0.073165,1.243662,0.307022
54,2418,-23.339379,131.295397,16.779560,8.442556,1,-1,-1,-1,0.264489,0.066041,1.142040,0.356238
54,2417,7.479128,116.936217,18.596138,8.465245,1,-1,-1,-1,0.083450,0.064075,0.948716,0.287617
54,2416,80.948864,-88.016779,8.062327,15.353677,1,-1,-1,-1,0.010258,0.006364,0.271911,0.090068
54,2415,122.350352,130.790089,18.819332,7.579823,1,-1,-1,-1,0.003758,0.003266,0.167818,0.024617
54,2414,61.729899,189.088900,8.130228,18.620865,1,-1,-1,-1,0.003684,0.004190,0.199513,0.036661
54,2413,4.620378,130.659894,16.784615,7.317422,1,-1,-1,-1,0.002759,0.002571,0.206821,0.046628
55,2461,-18.722339,116.551749,15.119683,7.242696,1,-1,-1,-1,0.231716,0.063876,2.447684,0.588010
55,2457,-76.620386,116.994474,18.103827,7.964225,1,-1,-1,-1,0.382592,0.114144,2.495033,0.668546
55,2443,108.234341,179.745420,11.969300,25.332756,1,-1,-1,-1,1.106214,0.365822,2.267039,0.072276
55,2422,150.898977,131.493431,15.322233,7.788248,1,-1,-1,-1,0.171808,0.166858,1.252398,0.623622
55,2420,-47.728520,117.062919,19.506970,8.122815,1,-1,-1,-1,0.224539,0.071833,1.317816,0.298441
55,2418,-23.977174,131.490687,17.177897,8.622737,1,-1,-1,-1,0.392916,0.098460,1.393764,0.439647
55,2417,7.037960,117.098894,18.925900,8.540686,1,-1,-1,-1,0.079747,0.056674,0.879102,0.242129
55,2416,80.899207,-83.826570,8.051933,15.360726,1,-1,-1,-1,0.015386,0.008405,0.316210,0.108128
55,2415,122.359289,130.789627,18.821356,7.570776,1,-1,-1,-1,0.003575,0.003170,0.163528,0.023444
55,2414,61.729993,189.089304,8.130038,18.620098,1,-1,-1,-1,0.003540,0.004107,0.198013,0.035617
55,2413,4.439390,130.659802,16.776318,7.327715,1,-1,-1,-1,0.003048,0.002729,0.213651,0.048443
56,2461,-18.642212,116.498651,15.041222,7.282683,1,-1,-1,-1,0.195755,0.054215,1.847164,0.498303
56,2457,-76.532870,116.783571,17.339363,7.733953,1,-1,-1,-1,0.395759,0.115867,2.247501,0.779321
56,2443,108.268588,179.337860,11.856252,25.621940,1,-1,-1,-1,1.075938,0.334539,2.239323,0.106983
56,2422,150.774851,131.369432,15.253776,7.764590,1,-1,-1,-1,0.153373,0.161474,1.234040,0.653674
56,2418,-24.041724,131.131204,17.424169,8.567059,1,-1,-1,-1,0.400825,0.100551,1.487163,0.444982
56,2417,7.348864,117.019202,18.718914,8.541744,1,-1,-1,-1,0.085892,0.065311,0.951493,0.275163
56,2416,80.841253,-79.604616,8.067635,15.349487,1,-1,-1,-1,0.012139,0.007100,0.295114,0.098019
56,2415,122.359501,130.789836,18.811036,7.570327,1,-1,-1,-1,0.003721,0.003266,0.167712,0.024141
56,2414,61.729545,189.088711,8.120963,18.621419,1,-1,-1,-1,0.003505,0.004066,0.194662,0.035616
56,2413,4.270378,130.659755,16.794893,7.328137,1,-1,-1,-1,0.002900,0.002675,0.210331,0.047531
57,2461,-20.141846,117.076336,17.116118,7.986868,1,-1,-1,-1,0.302550,0.242754,2.714265,0.632379
57,2457,-76.744292,116.880532,17.695157,7.698974,1,-1,-1,-1,0.263057,0.088664,1.970517,0.435688
57,2443,108.130755,180.020317,12.086517,25.593280,1,-1,-1,-1,0.997967,0.300207,2.013358,0.075712
57,2422,150.429806,131.340264,15.093277,7.784928,1,-1,-1,-1,0.320857,0.331012,1.525862,0.899832
57,2418,-23.086770,130.931859,16.969090,8.349551,1,-1,-1,-1,0.234415,0.060109,1.158318,0.342755
57,2417,7.190487,117.026833,18.948005,8.507301,1,-1,-1,-1,0.090844,0.064728,0.949058,0.274590
57,2416,80.790167,-75.392774,8.069747,15.349782,1,-1,-1,-1,0.007927,0.004675,0.236866,0.072222
57,2415,122.349983,130.789979,18.810108,7.570041,1,-1,-1,-1,0.004070,0.003433,0.172164,0.025102
57,2414,61.730562,189.100504,8.128860,18.627810,1,-1,-1,-1,0.003611,0.004148,0.196204,0.035961
57,2413,4.130546,130.659547,16.814151,7.327917,1,-1,-1,-1,0.003368,0.003755,0.239640,0.053789
58,2461,-21.133876,117.048642,18.210486,8.529626,1,-1,-1,-1,0.332576,0.274381,3.255413,0.706663
58,2457,-76.199830,116.934435,17.061674,7.844340,1,-1,-1,-1,0.434492,0.124101,2.256713,0.767433
58,2455,-50.362498,133.548368,14.186873,10.300891,1,-1,-1,-1,0.092152,0.051385,3.226788,0.697053
58,2443,108.363169,179.140971,11.870093,25.638556,1,-1,-1,-1,0.854693,0.243448,1.994966,0.237157
58,2422,150.792180,131.155587,15.326597,7.655151,1,-1,-1,-1,0.154166,0.151430,1.263557,0.638102
58,2418,-22.317600,131.113835,16.437300,8.330685,1,-1,-1,-1,0.290563,0.230181,1.538716,0.815239
58,2417,7.906771,116.890686,18.265113,8.408484,1,-1,-1,-1,0.120622,0.088965,1.206384,0.422190
58,2416,80.729626,-71.154407,8.070915,15.323730,1,-1,-1,-1,0.006122,0.004448,0.227289,0.070774
58,2415,122.351498,130.790625,18.826933,7.578720,1,-1,-1,-1,0.003721,0.003266,0.166434,0.023907
58,2414,61.730099,189.099719,8.129821,18.629604,1,-1,-1,-1,0.003647,0.004148,0.199553,0.036310
58,2413,4.029627,130.659808,16.806154,7.337590,1,-1,-1,-1,0.003470,0.003830,0.246650,0.055358
59,2461,-19.324665,116.502473,15.936331,8.075765,1,-1,-1,-1,0.230993,0.108544,2.220155,0.678962
59,2443,108.301804,179.745260,11.860268,25.731266,1,-1,-1,-1,0.974766,0.309805,1.883764,0.060788
59,2422,150.671548,131.116497,15.082028,7.678032,1,-1,-1,-1,0.146458,0.103783,1.032739,0.520727
59,2420,-47.930260,117.167106,19.448977,8.216389,1,-1,-1,-1,0.179520,0.066016,1.322155,0.372692
59,2418,-23.437950,131.197909,17.033765,8.341944,1,-1,-1,-1,0.343051,0.089937,1.468618,0.434496
59,2417,7.983381,117.090009,17.999763,8.392325,1,-1,-1,-1,0.098061,0.074654,1.173831,0.359949
59,2416,80.690013,-66.870432,8.059958,15.365516,1,-1,-1,-1,0.007468,0.004537,0.230695,0.070110
59,2415,122.349492,130.789697,18.831017,7.570637,1,-1,-1,-1,0.003575,0.003201,0.163470,0.023444
59,2414,61.729886,189.089180,8.130244,18.620900,1,-1,-1,-1,0.003505,0.004066,0.196313,0.035274
59,2413,3.939270,130.649066,16.817264,7.329502,1,-1,-1,-1,0.003402,0.003792,0.242949,0.053809
60,2461,-21.399810,117.149044,17.854501,8.587165,1,-1,-1,-1,0.240846,0.169280,2.143377,0.517598
60,2443,108.173105,180.154792,11.947048,25.694156,1,-1,-1,-1,1.071350,0.354868,1.882857,0.036693
60,2422,150.858054,131.299905,15.077906,7.703518,1,-1,-1,-1,0.199859,0.203470,1.282086,0.711326
60,2420,-48.271211,117.160819,19.592339,8.198150,1,-1,-1,-1,0.227681,0.080335,1.347865,0.330933
60,2418,-23.453446,131.116616,17.041134,8.452389,1,-1,-1,-1,0.317916,0.087494,1.382172,0.408541
60,2417,7.010138,117.161894,18.759213,8.530430,1,-1,-1,-1,0.090087,0.063547,0.969472,0.256843
60,2416,80.630658,-62.570652,8.058898,15.395176,1,-1,-1,-1,0.008581,0.005648,0.260426,0.084405
60,2415,122.350244,130.790240,18.819548,7.579489,1,-1,-1,-1,0.003834,0.003299,0.167679,0.024378
60,2414,61.729515,189.098801,8.121017,18.621546,1,-1,-1,-1,0.003505,0.004066,0.196217,0.035961
60,2413,3.879094,130.659590,16.808787,7.329315,1,-1,-1,-1,0.002625,0.002470,0.202479,0.044891
61,2461,-18.996954,116.473430,15.060754,8.352773,1,-1,-1,-1,0.250616,0.125506,1.961442,0.706863
61,2443,108.226673,179.912445,11.912637,25.779584,1,-1,-1,-1,1.002327,0.313369,1.783451,0.038104
61,2422,150.859324,131.331316,15.030256,7.600962,1,-1,-1,-1,0.176999,0.121737,1.164776,0.591896
61,2420,-48.179927,117.148316,19.629598,8.196885,1,-1,-1,-1,0.219943,0.078191,1.338052,0.323526
61,2418,-23.230572,131.149254,16.952998,8.354512,1,-1,-1,-1,0.287702,0.074647,1.238754,0.369875
61,2417,7.877416,116.923563,18.064742,8.436918,1,-1,-1,-1,0.111184,0.081073,1.159012,0.382012
61,2416,80.597263,-58.326912,8.035433,15.368754,1,-1,-1,-1,0.009666,0.006116,0.268019,0.088471
61,2415,122.350433,130.790139,18.829099,7.579724,1,-1,-1,-1,0.003684,0.003233,0.164896,0.023907
61,2414,61.730558,189.100723,8.128863,18.627811,1,-1,-1,-1,0.003540,0.004107,0.197857,0.035616
61,2413,3.943001,130.687164,16.550080,7.373210,1,-1,-1,-1,0.003758,0.003947,0.265321,0.062555
62,2461,-20.502540,116.901402,17.525873,8.307665,1,-1,-1,-1,0.226321,0.171896,2.046687,0.560835
62,2457,-77.152815,116.704013,17.140299,7.578339,1,-1,-1,-1,0.449106,0.121249,2.750707,0.876483
62,2443,108.080835,180.124852,12.057894,25.683299,1,-1,-1,-1,1.060891,0.347015,1.850304,0.044435
62,2422,150.771612,131.421177,15.122948,7.638400,1,-1,-1,-1,0.218336,0.225376,1.331623,0.722571
62,2420,-48.342126,117.156769,19.712189,8.150896,1,-1,-1,-1,0.240753,0.083454,1.364289,0.265982
62,2418,-23.524524,131.262306,17.087331,8.423677,1,-1,-1,-1,0.324862,0.084213,1.302322,0.391839
62,2417,7.718315,116.977551,18.176450,8.341973,1,-1,-1,-1,0.102599,0.078194,1.143163,0.346826
62,2416,80.512204,-54.030370,8.075793,15.357185,1,-1,-1,-1,0.006307,0.004148,0.184968,0.060383
62,2415,122.350043,130.790017,18.829915,7.579968,1,-1,-1,-1,0.003834,0.003332,0.169140,0.024141
62,2414,61.729957,189.089439,8.130099,18.620592,1,-1,-1,-1,0.003611,0.004148,0.197892,0.036310
62,2413,3.789324,130.660605,16.788734,7.317854,1,-1,-1,-1,0.002625,0.002495,0.204757,0.045775
63,2461,-20.828489,117.163826,18.438746,8.702486,1,-1,-1,-1,0.250950,0.203393,2.134137,0.547658
63,2457,-77.219021,116.721520,17.190433,7.564192,1,-1,-1,-1,0.494293,0.138406,2.625905,0.840377
63,2443,108.177854,179.277537,11.976835,25.639192,1,-1,-1,-1,1.057853,0.312945,2.093702,0.266067
63,2422,150.915935,131.176645,15.334085,7.705183,1,-1,-1,-1,0.100571,0.084205,0.963811,0.435447
63,2420,-48.427419,117.192555,19.839466,8.167036,1,-1,-1,-1,0.218486,0.073932,1.312455,0.237471
63,2418,-23.765354,131.300236,17.222147,8.536592,1,-1,-1,-1,0.353306,0.094174,1.392422,0.419512
63,2417,7.162085,117.180833,18.758969,8.498888,1,-1,-1,-1,0.107325,0.075307,1.066932,0.302810
63,2416,80.450418,-49.720895,8.079294,15.368383,1,-1,-1,-1,0.006433,0.004148,0.184660,0.060294
63,2415,122.358835,130.789484,18.822298,7.571062,1,-1,-1,-1,0.003721,0.003233,0.167775,0.023674
63,2414,61.730134,189.100110,8.129743,18.629070,1,-1,-1,-1,0.003611,0.004190,0.197884,0.036663
63,2413,3.750995,130.660263,16.805443,7.318336,1,-1,-1,-1,0.002814,0.002596,0.208246,0.047074
64,2465,-52.797815,130.888037,17.759831,8.407724,1,-1,-1,-1,0.280588,0.163598,4.283998,0.693223
64,2461,-21.288804,116.833179,18.598894,8.820892,1,-1,-1,-1,0.286552,0.237392,2.471315,0.705632
64,2457,-76.621577,116.250685,16.848359,7.626991,1,-1,-1,-1,0.364196,0.099993,2.188896,0.819399
64,2443,108.145493,180.078295,12.079448,25.713270,1,-1,-1,-1,0.924928,0.285000,1.802515,0.039876
64,2422,150.629918,131.253756,15.017262,7.585806,1,-1,-1,-1,0.143049,0.118297,0.991088,0.544827
64,2420,-48.210086,117.165150,19.887055,8.204381,1,-1,-1,-1,0.158257,0.061764,1.147925,0.216121
64,2418,-24.081731,131.226265,17.417076,8.571593,1,-1,-1,-1,0.368976,0.096888,1.477500,0.424963
64,2417,7.364735,117.069936,18.691183,8.523953,1,-1,-1,-1,0.091832,0.068539,1.021330,0.284649
64,2416,80.417777,-45.384197,8.054366,15.373714,1,-1,-1,-1,0.009108,0.005936,0.260289,0.085123
64,2415,122.358997,130.789679,18.802086,7.570640,1,-1,-1,-1,0.004193,0.003502,0.176577,0.025847
64,2414,61.729893,189.089363,8.130225,18.620857,1,-1,-1,-1,0.003684,0.004190,0.199539,0.036663
64,2413,3.710688,130.660180,16.816303,7.318599,1,-1,-1,-1,0.002843,0.002622,0.208339,0.046629
65,2465,-51.448192,131.287695,16.884718,8.389955,1,-1,-1,-1,0.333302,0.270467,4.339638,0.949135
65,2457,-76.454861,116.353151,17.041605,7.563149,1,-1,-1,-1,0.258486,0.080545,1.950019,0.696122
65,2443,108.261715,179.291180,11.855939,25.920079,1,-1,-1,-1,0.996731,0.314559,1.933556,0.093978
65,2422,151.155539,131.257760,15.403160,7.654792,1,-1,-1,-1,0.158359,0.112391,1.115097,0.535133
65,2420,-48.024902,117.230429,19.887046,8.249274,1,-1,-1,-1,0.221356,0.073832,1.238355,0.269645
65,2418,-23.810115,131.216490,17.292592,8.626967,1,-1,-1,-1,0.292276,0.079751,1.345272,0.387697
65,2417,6.947215,117.126536,18.990759,8.520919,1,-1,-1,-1,0.093438,0.066601,0.963499,0.270729
65,2416,80.370483,-41.061649,8.058937,15.378375,1,-1,-1,-1,0.011784,0.007171,0.292040,0.097836
65,2415,122.350320,130.790074,18.809395,7.569850,1,-1,-1,-1,0.004070,0.003467,0.172294,0.025103
65,2414,61.729985,189.089705,8.130039,18.620102,1,-1,-1,-1,0.003684,0.004190,0.199576,0.036663
65,2413,3.681211,130.660983,16.805140,7.336645,1,-1,-1,-1,0.003301,0.003681,0.239448,0.053279
66,2465,-49.553585,133.118661,13.932622,9.547222,1,-1,-1,-1,0.211192,0.079974,4.247458,0.760140
66,2457,-76.616498,116.395331,17.053005,7.570902,1,-1,-1,-1,0.376117,0.095052,2.059475,0.637042
66,2443,108.267629,179.098724,11.867873,25.715210,1,-1,-1,-1,1.150628,0.360534,2.231400,0.267148
66,2422,151.230714,131.315246,15.516368,7.610373,1,-1,-1,-1,0.219536,0.124088,1.285710,0.638848
66,2420,-48.591767,117.174397,20.815940,8.056796,1,-1,-1,-1,0.210682,0.082656,1.129342,0.077102
66,2418,-23.445314,130.950289,17.035847,8.497942,1,-1,-1,-1,0.302973,0.078188,1.257820,0.393284
66,2417,7.310069,117.129882,18.727075,8.549372,1,-1,-1,-1,0.074036,0.058879,0.920163,0.261696
66,2416,80.300238,-36.711821,8.059861,15.379766,1,-1,-1,-1,0.009018,0.005819,0.262954,0.085357
66,2415,122.360011,130.790019,18.809896,7.569961,1,-1,-1,-1,0.004152,0.003502,0.176666,0.025349
66,2414,61.730005,189.089779,8.129999,18.619998,1,-1,-1,-1,0.003647,0.004190,0.199569,0.036663
66,2413,3.678566,130.659092,16.801065,7.321077,1,-1,-1,-1,0.002497,0.002421,0.200636,0.044890
67,2457,-76.466976,116.408445,16.921120,7.568060,1,-1,-1,-1,0.452632,0.130767,2.282612,0.821441
67,2443,108.330350,178.853809,11.851705,25.559741,1,-1,-1,-1,0.850074,0.243245,2.033252,0.231776
67,2422,151.138581,131.248684,15.584792,7.598050,1,-1,-1,-1,0.195086,0.123112,1.322222,0.640455
67,2420,-48.709226,117.144950,21.098693,8.009382,1,-1,-1,-1,0.201637,0.091592,1.062974,0.043242
67,2418,-23.294201,131.050411,16.900405,8.345330,1,-1,-1,-1,0.220227,0.056174,1.099199,0.334653
67,2417,7.040708,117.098580,19.013852,8.594666,1,-1,-1,-1,0.067308,0.054541,0.842458,0.237320
67,2416,80.275511,-32.410079,8.028756,15.317026,1,-1,-1,-1,0.011439,0.006823,0.276631,0.094335
67,2415,122.351157,130.790514,18.817720,7.578942,1,-1,-1,-1,0.003647,0.003201,0.166465,0.023907
67,2414,61.730007,189.089814,8.129992,18.619983,1,-1,-1,-1,0.003505,0.004066,0.194600,0.035617
67,2413,3.659429,130.659819,16.789538,7.319636,1,-1,-1,-1,0.002599,0.002470,0.202954,0.045307
68,2461,-22.120104,116.952417,19.254104,8.983011,1,-1,-1,-1,0.214573,0.204421,2.182833,0.582769
68,2457,-77.373769,116.811986,17.908944,7.554637,1,-1,-1,-1,0.274643,0.082211,1.842146,0.321654
68,2443,108.357817,179.194390,11.793677,25.673306,1,-1,-1,-1,0.910119,0.286269,2.029435,0.161884
68,2422,150.662085,131.149675,15.373580,7.593615,1,-1,-1,-1,0.247791,0.189182,1.426942,0.740529
68,2420,-48.648617,117.176813,20.744399,8.198659,1,-1,-1,-1,0.166545,0.066686,1.035724,0.117693
68,2418,-23.763884,131.198037,17.163087,8.481188,1,-1,-1,-1,0.274159,0.078797,1.274134,0.386154
68,2417,7.047523,117.097451,19.012733,8.624513,1,-1,-1,-1,0.074614,0.059404,0.869359,0.248132
68,2416,80.192403,-28.016943,8.055421,15.371075,1,-1,-1,-1,0.006370,0.004107,0.186699,0.060974
68,2415,122.350549,130.790184,18.828866,7.579634,1,-1,-1,-1,0.003684,0.003233,0.164830,0.023907
68,2414,61.730008,189.089830,8.129991,18.619980,1,-1,-1,-1,0.003611,0.004148,0.199415,0.035961
68,2413,3.632938,130.661116,16.822570,7.327082,1,-1,-1,-1,0.002651,0.002495,0.203012,0.045743
69,2461,-19.934435,116.227131,16.965851,8.354574,1,-1,-1,-1,0.219937,0.100482,1.799038,0.662305
69,2457,-77.138907,116.400327,17.632066,7.607078,1,-1,-1,-1,0.485444,0.136507,2.199738,0.690920
69,2443,108.342002,178.865606,11.823234,25.465672,1,-1,-1,-1,0.907401,0.279256,2.098687,0.298960
69,2422,150.918491,131.358443,15.358700,7.677612,1,-1,-1,-1,0.305379,0.299398,1.617612,0.881506
69,2420,-48.413279,117.296068,20.429339,8.330944,1,-1,-1,-1,0.217990,0.074550,1.148588,0.220878
69,2418,-23.900917,131.399532,17.320534,8.652287,1,-1,-1,-1,0.287997,0.078183,1.329331,0.393160
69,2417,6.944246,117.074799,19.109419,8.680800,1,-1,-1,-1,0.094179,0.065941,0.946768,0.273315
69,2416,80.130218,-23.650752,8.059631,15.369784,1,-1,-1,-1,0.004452,0.003299,0.163799,0.052811
69,2415,122.350059,130.790023,18.829882,7.579955,1,-1,-1,-1,0.003540,0.003170,0.164792,0.023444
69,2414,61.730007,189.089851,8.129991,18.619980,1,-1,-1,-1,0.003540,0.004066,0.197876,0.035962
69,2413,3.630169,130.660178,16.818174,7.329028,1,-1,-1,-1,0.002759,0.002571,0.206417,0.045744
70,2461,-18.543850,116.477569,14.843450,8.194573,1,-1,-1,-1,0.245153,0.113325,1.565062,0.667831
70,2457,-77.014881,116.483529,17.672203,7.632138,1,-1,-1,-1,0.497112,0.130122,2.290157,0.551643
70,2443,108.184508,179.803271,11.960273,25.534006,1,-1,-1,-1,1.008864,0.324157,1.953599,0.059780
70,2422,150.985321,131.171751,15.385496,7.637086,1,-1,-1,-1,0.114042,0.097286,1.077603,0.497901
70,2420,-48.407133,117.140082,20.747723,8.155087,1,-1,-1,-1,0.212372,0.078161,1.138834,0.100659
70,2418,-24.230404,131.460322,17.564800,8.844458,1,-1,-1,-1,0.409598,0.111987,1.536008,0.461789
70,2417,7.103879,117.040116,19.005162,8.665532,1,-1,-1,-1,0.080551,0.063518,0.940860,0.272357
70,2416,80.080250,-19.279992,8.059467,15.387787,1,-1,-1,-1,0.007035,0.004404,0.192004,0.064373
70,2415,122.358344,130.789325,18.813314,7.571383,1,-1,-1,-1,0.004321,0.003572,0.177979,0.025847
70,2414,61.730145,189.100296,8.129716,18.629006,1,-1,-1,-1,0.003540,0.004107,0.196175,0.035616
70,2413,3.610371,130.660156,16.818084,7.329158,1,-1,-1,-1,0.002547,0.002445,0.199725,0.044877
71,2461,-19.959774,117.059355,16.603223,8.130504,1,-1,-1,-1,0.282475,0.229052,1.950232,0.668721
71,2457,-77.158306,116.625469,17.718339,7.623564,1,-1,-1,-1,0.338761,0.091069,2.035995,0.448730
71,2443,108.178100,179.262849,11.913201,25.625955,1,-1,-1,-1,0.845288,0.238097,1.873527,0.151881
71,2422,150.564446,131.209329,15.200691,7.777342,1,-1,-1,-1,0.156433,0.111166,1.060189,0.505681
71,2420,-48.569796,117.219668,21.041430,8.101303,1,-1,-1,-1,0.191592,0.081154,1.092075,0.071561
71,2418,-23.825870,131.067567,17.432866,8.769959,1,-1,-1,-1,0.303693,0.079084,1.380006,0.399016
71,2417,7.238635,117.094911,18.742040,8.541401,1,-1,-1,-1,0.078990,0.062318,0.934418,0.268057
71,2416,80.019579,-14.922759,8.060928,15.353961,1,-1,-1,-1,0.006307,0.004107,0.183213,0.060307
71,2415,122.351300,130.790530,18.827400,7.578909,1,-1,-1,-1,0.003758,0.003266,0.166470,0.024142
71,2414,61.730031,189.099943,8.129942,18.629856,1,-1,-1,-1,0.003647,0.004190,0.197774,0.036662
71,2413,3.601394,130.660437,16.835949,7.328621,1,-1,-1,-1,0.002787,0.002571,0.204596,0.046181
72,2461,-19.974105,117.117496,17.159105,8.334419,1,-1,-1,-1,0.295762,0.210942,2.211080,0.750362
72,2443,108.378390,178.882044,11.737497,25.563349,1,-1,-1,-1,0.893746,0.263960,1.980225,0.302736
72,2422,150.687040,131.129186,15.360987,7.728887,1,-1,-1,-1,0.190209,0.188854,1.279348,0.655808
72,2420,-48.670665,117.063661,21.036505,7.991403,1,-1,-1,-1,0.209816,0.073921,1.133403,0.042411
72,2418,-23.880915,131.236571,17.498142,8.691581,1,-1,-1,-1,0.243655,0.067910,1.296734,0.358447
72,2417,6.806259,117.039021,19.159002,8.483309,1,-1,-1,-1,0.102327,0.071785,0.957555,0.274259
72,2416,79.978607,-10.543137,8.042761,15.324955,1,-1,-1,-1,0.004679,0.003399,0.165139,0.054853
72,2415,122.350172,130.790070,18.829658,7.579861,1,-1,-1,-1,0.003575,0.003170,0.163396,0.023444
72,2414,61.730008,189.099898,8.129989,18.629975,1,-1,-1,-1,0.003575,0.004107,0.196159,0.035962
72,2413,3.590563,130.660246,16.837782,7.329052,1,-1,-1,-1,0.002787,0.002571,0.208164,0.046627
73,2465,-52.706224,131.800160,18.037272,8.659306,1,-1,-1,-1,0.300113,0.186662,2.979835,0.893578
73,2461,-20.610851,117.131083,18.172553,8.513757,1,-1,-1,-1,0.214652,0.183461,2.088843,0.608350
73,2443,108.291474,179.161870,11.832639,25.533558,1,-1,-1,-1,0.935811,0.291915,1.976811,0.104018
73,2422,150.840447,131.151714,15.181229,7.539812,1,-1,-1,-1,0.128501,0.129551,1.068352,0.566335
73,2420,-48.742555,117.017000,20.916936,7.963792,1,-1,-1,-1,0.186651,0.059463,1.128658,0.041161
73,2418,-23.851593,131.273236,17.508636,8.829990,1,-1,-1,-1,0.312337,0.081856,1.364786,0.407814
73,2417,7.057111,117.040035,18.923086,8.545464,1,-1,-1,-1,0.083659,0.066613,0.972995,0.294429
73,2416,79.912360,-6.126628,8.065311,15.370865,1,-1,-1,-1,0.008247,0.004914,0.200206,0.066841
73,2415,122.350011,130.790005,18.829979,7.579991,1,-1,-1,-1,0.003834,0.003299,0.167602,0.024141
73,2414,61.730003,189.099901,8.129997,18.629994,1,-1,-1,-1,0.003540,0.004066,0.196109,0.035616
73,2413,3.581333,130.660781,16.836115,7.337793,1,-1,-1,-1,0.003436,0.003792,0.241289,0.053787
74,2465,-52.066768,132.178536,17.600953,9.031472,1,-1,-1,-1,0.295539,0.174133,3.096263,0.956994
74,2461,-21.048811,117.004106,18.566246,8.640390,1,-1,-1,-1,0.229051,0.176610,2.018296,0.568003
74,2443,108.272634,179.632779,11.836105,25.681119,1,-1,-1,-1,0.854222,0.257613,1.765462,0.097098
74,2422,151.338742,131.258454,15.504011,7.617955,1,-1,-1,-1,0.209600,0.123173,1.271858,0.636617
74,2420,-48.004597,117.272504,20.274295,8.220505,1,-1,-1,-1,0.153612,0.065321,1.110835,0.240945
74,2418,-24.076860,131.262256,17.722218,8.801803,1,-1,-1,-1,0.258551,0.073924,1.387858,0.383619
74,2417,7.471132,117.069028,18.616300,8.587178,1,-1,-1,-1,0.066712,0.052016,0.871364,0.236515
74,2416,79.849890,-1.762266,8.070327,15.343134,1,-1,-1,-1,0.008497,0.005012,0.199528,0.067518
74,2415,122.348418,130.779372,18.813239,7.571351,1,-1,-1,-1,0.004070,0.003467,0.173529,0.024859
74,2414,61.730003,189.099905,8.129998,18.629997,1,-1,-1,-1,0.003721,0.004232,0.199415,0.036662
74,2413,3.581288,130.660445,16.846228,7.338555,1,-1,-1,-1,0.003436,0.003830,0.244531,0.054318
75,2465,-52.462672,131.405970,18.158534,8.719327,1,-1,-1,-1,0.164141,0.079468,2.015328,0.514329
75,2461,-21.032857,117.009430,19.061139,8.756096,1,-1,-1,-1,0.281439,0.214661,2.047050,0.633114
75,2457,-78.094342,96.997436,18.519938,7.698055,1,-1,-1,-1,0.439476,0.138939,2.051287,0.311887
75,2443,108.319966,179.657210,11.744903,25.790603,1,-1,-1,-1,0.926867,0.296240,1.718357,0.053914
75,2422,152.457347,131.545941,16.742794,7.874708,1,-1,-1,-1,0.322413,0.088514,1.350095,0.355321
75,2420,-48.277303,117.162854,20.683404,8.082925,1,-1,-1,-1,0.345571,0.107865,1.328674,0.125371
75,2418,-23.860835,131.144093,17.517532,8.828434,1,-1,-1,-1,0.282672,0.075287,1.328905,0.390148
75,2417,7.676128,116.965765,18.421440,8.527031,1,-1,-1,-1,0.098544,0.074480,1.056354,0.331998
75,2416,79.792426,2.703943,8.085088,15.389096,1,-1,-1,-1,0.009198,0.005996,0.264984,0.085169
75,2415,122.349767,130.789871,18.810461,7.570187,1,-1,-1,-1,0.004193,0.003537,0.173654,0.025103
75,2414,61.729865,189.089491,8.130273,18.620961,1,-1,-1,-1,0.003402,0.003986,0.194543,0.034935
75,2413,3.579872,130.659745,16.849351,7.330181,1,-1,-1,-1,0.002958,0.002702,0.211050,0.047999
76,2465,-52.251203,131.233580,18.005151,8.512118,1,-1,-1,-1,0.163303,0.082007,1.769114,0.517712
76,2461,-21.620748,116.869060,19.295101,8.753479,1,-1,-1,-1,0.200018,0.160943,1.855985,0.492281
76,2457,-77.851131,114.505729,17.717051,7.658005,1,-1,-1,-1,0.448331,0.115711,2.055453,0.717603
76,2443,108.357550,179.183723,11.867366,25.452489,1,-1,-1,-1,0.857888,0.249393,1.883808,0.306264
76,2422,150.832591,131.392967,15.902406,7.799859,1,-1,-1,-1,0.192325,0.191411,1.245214,0.615487
76,2420,-48.557009,117.140795,20.864575,7.990587,1,-1,-1,-1,0.201357,0.066744,1.185555,0.073703
76,2418,-24.083342,131.499779,17.655866,8.999811,1,-1,-1,-1,0.329631,0.089864,1.427343,0.419358
76,2417,7.416367,117.076038,18.573521,8.535390,1,-1,-1,-1,0.071999,0.057245,0.928118,0.262087
76,2416,79.777504,7.078344,8.054502,15.411623,1,-1,-1,-1,0.011668,0.006301,0.274444,0.086069
76,2415,122.351094,130.790503,18.817773,7.578962,1,-1,-1,-1,0.003758,0.003266,0.167799,0.024142
76,2414,61.729978,189.089860,8.130047,18.620119,1,-1,-1,-1,0.003436,0.004026,0.194409,0.035615
76,2413,3.579333,130.659893,16.830626,7.329909,1,-1,-1,-1,0.002731,0.002545,0.206601,0.046187
77,2465,-52.854012,131.444093,18.489440,8.588216,1,-1,-1,-1,0.182747,0.101447,1.712335,0.507919
77,2461,-22.089838,116.767138,18.728678,8.849060,1,-1,-1,-1,0.258367,0.208807,2.077619,0.656928
77,2457,-77.064917,115.910103,17.501496,7.549216,1,-1,-1,-1,0.295511,0.084451,1.892976,0.506807
77,2443,108.312355,178.641940,11.934186,24.994848,1,-1,-1,-1,0.906873,0.253879,2.070840,0.559999
77,2422,150.909510,131.144540,16.087532,7.745052,1,-1,-1,-1,0.181486,0.113060,1.379345,0.656244
77,2420,-48.576595,117.215292,20.977714,8.066994,1,-1,-1,-1,0.189686,0.075960,1.080646,0.064449
77,2418,-23.898371,131.075084,17.605246,8.783763,1,-1,-1,-1,0.281313,0.072583,1.334255,0.378890
77,2417,7.072943,117.120365,18.902336,8.496762,1,-1,-1,-1,0.084265,0.059979,0.901390,0.257207
77,2416,79.691872,11.457491,8.096466,15.344143,1,-1,-1,-1,0.008667,0.005164,0.243769,0.074912
77,2415,122.350166,130.790070,18.819667,7.579863,1,-1,-1,-1,0.004030,0.003467,0.172043,0.025348
77,2414,61.730001,189.099882,8.130002,18.620004,1,-1,-1,-1,0.003758,0.004274,0.201023,0.037017
77,2413,3.571826,130.660903,16.835576,7.337771,1,-1,-1,-1,0.003172,0.003608,0.235428,0.052275
78,2465,-53.029869,130.932957,18.493535,8.370573,1,-1,-1,-1,0.290748,0.184128,2.155051,0.761233
78,2461,-21.882086,116.886333,18.848083,8.851816,1,-1,-1,-1,0.204651,0.159416,1.835278,0.533406
78,2457,-76.931486,117.167488,17.514851,7.845662,1,-1,-1,-1,0.504221,0.142682,2.167493,0.678325
78,2443,108.364657,178.695135,11.911682,24.953882,1,-1,-1,-1,0.777705,0.213220,1.986253,0.449426
78,2422,150.907279,131.401645,15.623937,7.803840,1,-1,-1,-1,0.179692,0.167558,1.252902,0.647033
78,2420,-48.647631,117.165950,20.753730,8.135749,1,-1,-1,-1,0.166324,0.064766,1.044019,0.094174
78,2418,-23.690764,131.145705,17.391696,8.694943,1,-1,-1,-1,0.236917,0.062348,1.210580,0.346629
78,2417,6.936027,117.071266,19.157761,8.645743,1,-1,-1,-1,0.055174,0.045470,0.744048,0.199362
78,2416,79.647236,15.878679,8.055753,15.380621,1,-1,-1,-1,0.009860,0.006239,0.271279,0.089222
78,2415,122.340435,130.790123,18.829161,7.579755,1,-1,-1,-1,0.003611,0.003170,0.164895,0.023675
78,2414,61.730004,189.089980,8.129994,18.619986,1,-1,-1,-1,0.003647,0.004148,0.197863,0.036312
78,2413,3.570566,130.659971,16.848217,7.329835,1,-1,-1,-1,0.002731,0.002545,0.205557,0.045756
79,2461,-22.473899,116.956193,18.958839,8.927768,1,-1,-1,-1,0.277880,0.217644,1.998489,0.608951
79,2457,-77.244834,116.713063,18.034073,7.720693,1,-1,-1,-1,0.350023,0.107597,1.970132,0.465441
79,2422,150.498654,131.021318,15.415109,7.771907,1,-1,-1,-1,0.192436,0.146555,1.240393,0.641701
79,2420,-48.409945,117.276727,20.533208,8.238841,1,-1,-1,-1,0.205569,0.078111,1.144333,0.164773
79,2418,-23.904725,131.099194,17.507729,8.659312,1,-1,-1,-1,0.266238,0.070448,1.283563,0.370812
79,2417,6.754034,117.082617,19.234416,8.672568,1,-1,-1,-1,0.091469,0.064048,0.886147,0.258528
79,2416,79.562262,20.260943,8.095629,15.367302,1,-1,-1,-1,0.007468,0.004583,0.196310,0.064504
79,2415,122.348519,130.789397,18.812957,7.571236,1,-1,-1,-1,0.003540,0.003170,0.163336,0.023216
79,2414,61.730140,189.100375,8.129721,18.629024,1,-1,-1,-1,0.003402,0.003986,0.192851,0.034935
79,2413,3.579636,130.670314,16.820167,7.339069,1,-1,-1,-1,0.002843,0.002622,0.208146,0.046627
80,2461,-21.778215,116.732803,18.903884,8.810777,1,-1,-1,-1,0.199894,0.144690,1.763340,0.500346
80,2457,-77.426097,116.740319,18.037765,7.698897,1,-1,-1,-1,0.284454,0.080556,1.787193,0.387774
80,2422,150.584167,131.333987,15.149944,7.691691,1,-1,-1,-1,0.128524,0.100923,1.007899,0.517539
80,2420,-48.668979,117.179867,21.028375,8.102907,1,-1,-1,-1,0.226705,0.084233,1.136141,0.062350
80,2418,-24.005454,131.313080,17.561518,8.775801,1,-1,-1,-1,0.263189,0.075270,1.324516,0.378074
80,2417,7.296461,117.009224,18.878631,8.562879,1,-1,-1,-1,0.057338,0.047259,0.797106,0.222190
80,2416,79.519756,24.460691,8.090361,15.379283,1,-1,-1,-1,0.007321,0.004537,0.192806,0.063813
80,2415,122.351306,130.790547,18.827317,7.578875,1,-1,-1,-1,0.003758,0.003233,0.166138,0.023906
80,2414,61.730029,189.100020,8.129943,18.629858,1,-1,-1,-1,0.003684,0.004190,0.199290,0.036661
80,2413,3.580990,130.660398,16.827498,7.339054,1,-1,-1,-1,0.002651,0.002520,0.203079,0.045310
81,2472,20.132542,-97.398629,17.069229,8.293825,1,-1,-1,-1,0.357513,0.249980,5.614636,1.072914
81,2461,-19.095445,116.410892,15.496245,8.648673,1,-1,-1,-1,0.295648,0.138624,1.652201,0.744295
81,2457,-77.407709,116.613222,17.914553,7.766147,1,-1,-1,-1,0.539276,0.178665,2.194750,0.687755
81,2422,151.062295,131.228985,15.378261,7.670520,1,-1,-1,-1,0.295755,0.237682,1.471733,0.797787
81,2420,-48.435130,117.239746,20.896381,8.151496,1,-1,-1,-1,0.263658,0.093310,1.215262,0.118985
81,2418,-23.829322,131.119790,17.377508,8.854721,1,-1,-1,-1,0.381569,0.108949,1.447526,0.469360
81,2417,7.550835,117.041537,18.435244,8.515287,1,-1,-1,-1,0.085752,0.065895,0.958957,0.293785
81,2416,79.478682,28.389343,8.072596,15.363869,1,-1,-1,-1,0.005825,0.003947,0.178564,0.058621
81,2415,122.350186,130.790076,18.829631,7.579850,1,-1,-1,-1,0.003834,0.003299,0.169070,0.023907
81,2414,61.730006,189.099967,8.129990,18.629976,1,-1,-1,-1,0.003470,0.004066,0.194508,0.035962
81,2413,3.580117,130.660154,16.819301,7.339503,1,-1,-1,-1,0.002900,0.002622,0.211539,0.047525
82,2465,-53.025831,131.385407,18.408830,8.629476,1,-1,-1,-1,0.147769,0.077717,1.857203,0.484309
82,2461,-20.444018,117.050916,16.906106,8.521802,1,-1,-1,-1,0.284462,0.192871,1.863788,0.615558
82,2457,-77.567243,116.748307,18.196885,7.770790,1,-1,-1,-1,0.340634,0.094811,1.917569,0.442918
82,2443,108.251070,179.739841,11.854152,25.647297,1,-1,-1,-1,1.010208,0.310895,1.992760,0.049524
82,2422,151.044504,131.333952,15.551011,7.738487,1,-1,-1,-1,0.202008,0.182330,1.434272,0.722973
82,2420,-48.265403,117.252479,20.512696,8.262741,1,-1,-1,-1,0.260948,0.080481,1.262335,0.200420
82,2418,-23.679520,131.175146,17.335410,8.815039,1,-1,-1,-1,0.302463,0.078332,1.339396,0.396675
82,2417,6.924111,117.048322,18.991418,8.569972,1,-1,-1,-1,0.062442,0.050543,0.795074,0.221423
82,2416,79.429289,32.091165,8.061438,15.361595,1,-1,-1,-1,0.005941,0.003986,0.179762,0.060289
82,2415,122.349609,130.789884,18.820823,7.580233,1,-1,-1,-1,0.004152,0.003502,0.173527,0.025102
82,2414,61.729864,189.099490,8.130273,18.620976,1,-1,-1,-1,0.003540,0.004107,0.196016,0.036310
82,2413,3.570872,130.659993,16.837828,7.329870,1,-1,-1,-1,0.002787,0.002571,0.206581,0.046187
83,2465,-52.979713,131.098232,18.646288,8.536207,1,-1,-1,-1,0.198320,0.116148,1.805587,0.551720
83,2461,-20.888806,117.254128,18.233023,8.684590,1,-1,-1,-1,0.178652,0.154972,1.726769,0.463779
83,2457,-78.248889,117.100865,19.239137,7.951909,1,-1,-1,-1,0.295763,0.114212,1.651280,0.253336
83,2422,151.028083,131.370725,15.448932,7.836460,1,-1,-1,-1,0.183278,0.164612,1.298100,0.628766
83,2420,-48.712897,117.135747,21.030174,8.104590,1,-1,-1,-1,0.187761,0.078926,1.092295,0.069292
83,2418,-23.608441,131.080234,17.264686,8.708760,1,-1,-1,-1,0.268980,0.071182,1.265084,0.380015
83,2417,6.499363,117.137416,19.791845,8.462928,1,-1,-1,-1,0.061778,0.035362,0.560703,0.078372
83,2416,79.389837,35.512332,8.060203,15.360327,1,-1,-1,-1,0.005067,0.003572,0.170805,0.055903
83,2415,122.359186,130.789587,18.821561,7.570856,1,-1,-1,-1,0.003684,0.003233,0.166333,0.023675
83,2414,61.729977,189.089937,8.130048,18.620123,1,-1,-1,-1,0.003505,0.004107,0.196051,0.035962
83,2413,3.552754,130.661171,16.854080,7.337398,1,-1,-1,-1,0.003402,0.003792,0.239213,0.053277
84,2465,-52.604401,131.569731,18.454630,8.672593,1,-1,-1,-1,0.521798,0.360018,2.627047,1.103405
84,2461,-21.272766,116.962997,18.664173,8.672252,1,-1,-1,-1,0.237242,0.199973,1.887203,0.576566
84,2457,-77.989526,116.360985,18.753213,7.895746,1,-1,-1,-1,0.500948,0.157697,2.010831,0.584188
84,2422,151.178069,131.283973,15.540672,7.681821,1,-1,-1,-1,0.259598,0.158624,1.420077,0.730073
84,2420,-48.709290,117.086402,21.020139,8.025698,1,-1,-1,-1,0.226089,0.078183,1.158409,0.030831
84,2418,-23.630311,131.211708,17.305390,8.701631,1,-1,-1,-1,0.226815,0.061172,1.197037,0.338970
84,2417,6.810413,117.066934,19.351287,8.653642,1,-1,-1,-1,0.088197,0.062222,0.828473,0.248577
84,2416,79.350159,38.674578,8.059540,15.377965,1,-1,-1,-1,0.006370,0.004148,0.185759,0.060851
84,2415,122.350639,130.790341,18.818795,7.579286,1,-1,-1,-1,0.003721,0.003266,0.166185,0.023906
84,2414,61.730132,189.100378,8.129737,18.629068,1,-1,-1,-1,0.003236,0.003869,0.187963,0.034266
84,2413,3.577664,130.659259,16.814313,7.331372,1,-1,-1,-1,0.002625,0.002470,0.203913,0.045322
85,2465,-52.016271,132.672417,16.832266,9.889200,1,-1,-1,-1,0.135127,0.057314,2.363628,0.602158
85,2461,-21.381973,117.007669,19.148477,8.713360,1,-1,-1,-1,0.195522,0.148351,1.761112,0.517816
85,2457,-77.763560,116.493318,18.664352,7.843447,1,-1,-1,-1,0.484357,0.141293,2.105747,0.457895
85,2422,150.949184,131.316823,15.180982,7.716582,1,-1,-1,-1,0.172043,0.111743,1.114684,0.563318
85,2420,-48.167699,117.233258,20.369133,8.250058,1,-1,-1,-1,0.159786,0.064774,1.111826,0.198998
85,2418,-23.651775,131.148128,17.230659,8.787246,1,-1,-1,-1,0.292478,0.081059,1.278163,0.397604
85,2417,6.338877,117.157885,19.554313,8.464778,1,-1,-1,-1,0.066728,0.036068,0.649745,0.140899
85,2416,79.300546,41.555341,8.068826,15.378839,1,-1,-1,-1,0.007321,0.004583,0.194132,0.063800
85,2415,122.350096,130.790042,18.819807,7.579917,1,-1,-1,-1,0.003721,0.003233,0.167613,0.024378
85,2414,61.729888,189.099559,8.130226,18.620860,1,-1,-1,-1,0.003611,0.004190,0.197473,0.036660
85,2413,3.571943,130.670858,16.825800,7.338089,1,-1,-1,-1,0.002731,0.002571,0.206344,0.046626
86,2465,-52.605472,131.140054,17.860756,9.064141,1,-1,-1,-1,0.351698,0.224632,2.640904,0.868480
86,2461,-22.417893,116.902585,18.920905,8.822354,1,-1,-1,-1,0.173865,0.135000,1.621061,0.477981
86,2457,-76.918960,116.493026,17.803895,7.712609,1,-1,-1,-1,0.246828,0.082247,1.865234,0.635801
86,2443,108.267479,179.259098,11.841872,25.679207,1,-1,-1,-1,1.091829,0.317969,2.144238,0.209622
86,2422,150.904583,131.356155,15.331125,7.702074,1,-1,-1,-1,0.120416,0.110300,1.008395,0.495845
86,2420,-48.735204,117.196890,21.054317,8.083631,1,-1,-1,-1,0.207106,0.084153,1.045449,0.043002
86,2418,-23.543658,131.025711,17.188695,8.639301,1,-1,-1,-1,0.212586,0.060052,1.165438,0.340021
86,2417,6.773318,117.041429,19.316539,8.601635,1,-1,-1,-1,0.057818,0.047204,0.718680,0.206130
86,2416,79.315458,44.192639,8.018387,15.387536,1,-1,-1,-1,0.009571,0.005537,0.254419,0.079821
86,2415,122.350398,130.790121,18.829170,7.579759,1,-1,-1,-1,0.003647,0.003201,0.166205,0.023674
86,2414,61.730117,189.100387,8.129767,18.629134,1,-1,-1,-1,0.003436,0.004026,0.194438,0.035617
86,2413,3.571349,130.670508,16.836998,7.338877,1,-1,-1,-1,0.002704,0.002545,0.204699,0.045310
87,2461,-21.959794,117.097474,19.040674,8.880068,1,-1,-1,-1,0.197271,0.148659,1.606007,0.486928
87,2457,-76.630733,116.228749,17.425940,7.692209,1,-1,-1,-1,0.361026,0.099501,1.925812,0.768027
87,2443,108.335541,179.302737,11.746856,25.760305,1,-1,-1,-1,0.993683,0.289825,2.030882,0.128448
87,2422,150.784426,131.380182,15.053083,7.578474,1,-1,-1,-1,0.139605,0.113338,0.994113,0.535990
87,2420,-48.462737,117.118976,20.914761,8.090797,1,-1,-1,-1,0.246265,0.085056,1.143787,0.091469
87,2418,-23.424699,131.101910,17.043533,8.521971,1,-1,-1,-1,0.250530,0.065943,1.135576,0.346683
87,2417,7.244815,117.040524,18.905541,8.646720,1,-1,-1,-1,0.069827,0.055559,0.843939,0.252794
87,2416,79.255246,46.624923,8.069315,15.442776,1,-1,-1,-1,0.008929,0.005216,0.252948,0.076288
87,2415,122.358392,130.789343,18.813219,7.571347,1,-1,-1,-1,0.004452,0.003644,0.177936,0.026100
87,2414,61.729407,189.088866,8.121219,18.622330,1,-1,-1,-1,0.003575,0.004148,0.197641,0.036310
87,2413,3.578933,130.659546,16.821870,7.330880,1,-1,-1,-1,0.002843,0.002596,0.208079,0.046626
88,2476,60.394485,254.526391,8.771625,16.839354,1,-1,-1,-1,0.164281,0.129000,2.421944,0.657799
88,2461,-21.214129,117.082333,18.259125,8.769396,1,-1,-1,-1,0.383853,0.392196,2.007047,0.902067
88,2457,-76.923080,116.316967,17.672492,7.631958,1,-1,-1,-1,0.237351,0.072625,1.679172,0.461775
88,2422,151.052920,131.376857,15.313540,7.652715,1,-1,-1,-1,0.310351,0.217777,1.446411,0.814345
88,2420,-48.089648,117.255325,20.389760,8.258651,1,-1,-1,-1,0.192378,0.071884,1.167866,0.219834
88,2418,-23.861520,131.320450,17.319979,8.695269,1,-1,-1,-1,0.252037,0.075956,1.288905,0.373509
88,2417,7.157523,117.079827,18.945435,8.560868,1,-1,-1,-1,0.069877,0.056650,0.849246,0.244785
88,2416,79.221079,48.707707,8.087554,15.438163,1,-1,-1,-1,0.007770,0.004722,0.238990,0.072126
88,2415,122.350929,130.790421,18.818179,7.579126,1,-1,-1,-1,0.003911,0.003332,0.167843,0.024379
88,2414,61.730521,189.100937,8.128924,18.627963,1,-1,-1,-1,0.003436,0.004066,0.194434,0.035616
88,2413,3.570868,130.660279,16.828070,7.329351,1,-1,-1,-1,0.002573,0.002470,0.201350,0.045310
89,2476,60.105152,254.656118,8.643841,17.584227,1,-1,-1,-1,0.151510,0.117511,2.411365,0.596769
89,2461,-20.510188,116.666779,17.504426,8.472874,1,-1,-1,-1,0.312476,0.214819,1.926779,0.878461
89,2457,-76.832504,116.498722,17.382592,7.743314,1,-1,-1,-1,0.547713,0.169535,2.125440,0.903138
89,2422,150.849586,131.308048,15.094077,7.697258,1,-1,-1,-1,0.239861,0.252633,1.412481,0.769581
89,2420,-48.239706,117.217502,20.674413,8.176957,1,-1,-1,-1,0.239709,0.083417,1.202312,0.129717
89,2418,-24.282221,131.342874,17.696172,8.795866,1,-1,-1,-1,0.286909,0.081902,1.421400,0.397764
89,2417,7.607517,116.959055,18.404105,8.558726,1,-1,-1,-1,0.098570,0.075203,1.061782,0.339954
89,2416,79.198678,50.523050,8.082429,15.396708,1,-1,-1,-1,0.006370,0.004107,0.219738,0.066285
89,2415,122.359693,130.789936,18.810576,7.580130,1,-1,-1,-1,0.004070,0.003467,0.173477,0.025103
89,2414,61.730085,189.100166,8.129831,18.629629,1,-1,-1,-1,0.003758,0.004232,0.200965,0.037017
89,2413,3.561599,130.660911,16.826612,7.338022,1,-1,-1,-1,0.003236,0.003681,0.237053,0.053275
90,2476,60.230925,252.110005,8.505856,16.981041,1,-1,-1,-1,0.259856,0.243207,2.603617,0.823144
90,2461,-20.007351,116.975627,16.867145,8.114881,1,-1,-1,-1,0.226168,0.198180,1.669195,0.790027
90,2457,-77.055860,116.638141,17.496163,7.699942,1,-1,-1,-1,0.478274,0.118133,2.151885,0.655556
90,2422,150.792275,131.466468,15.016720,7.646220,1,-1,-1,-1,0.180920,0.146433,1.254133,0.688704
90,2420,-48.366930,117.273960,20.691271,8.211051,1,-1,-1,-1,0.198953,0.077478,1.150818,0.129770
90,2418,-23.954220,131.232268,17.498020,8.888816,1,-1,-1,-1,0.337602,0.087444,1.404065,0.425948
90,2417,7.673708,117.120719,18.211166,8.473124,1,-1,-1,-1,0.088436,0.067258,1.032828,0.297803
90,2416,79.170908,52.117776,8.097947,15.407233,1,-1,-1,-1,0.006001,0.004026,0.183767,0.060313
90,2415,122.350387,130.790104,18.819261,7.579794,1,-1,-1,-1,0.003647,0.003201,0.164885,0.023907
90,2414,61.729874,189.099537,8.130252,18.620928,1,-1,-1,-1,0.003684,0.004190,0.199469,0.036312
90,2413,3.579281,130.669949,16.801253,7.339995,1,-1,-1,-1,0.002305,0.002280,0.193787,0.042790
91,2476,60.558267,250.751771,8.206059,16.491179,1,-1,-1,-1,0.248599,0.243556,2.453583,0.856699
91,2461,-19.288457,116.842852,16.222263,7.946984,1,-1,-1,-1,0.294752,0.270742,1.725739,0.911925
91,2443,108.523151,178.926196,11.615122,25.528434,1,-1,-1,-1,0.896292,0.266857,2.034904,0.231264
91,2422,151.004090,131.330727,15.318446,7.627931,1,-1,-1,-1,0.166157,0.142386,1.227754,0.620214
91,2420,-48.742602,117.167066,21.049548,8.069794,1,-1,-1,-1,0.204770,0.075303,1.092776,0.039725
91,2418,-22.450649,130.799005,16.610004,8.502927,1,-1,-1,-1,0.223033,0.171354,1.458011,0.697002
91,2417,7.534757,116.784248,18.831079,8.244705,1,-1,-1,-1,0.107194,0.054044,0.937605,0.174720
91,2416,79.149981,53.507183,8.099796,15.409678,1,-1,-1,-1,0.006761,0.004317,0.190822,0.062023
91,2415,122.350039,130.790015,18.819921,7.579970,1,-1,-1,-1,0.003647,0.003201,0.166135,0.023907
91,2414,61.729978,189.089962,8.130045,18.620115,1,-1,-1,-1,0.003470,0.004066,0.194471,0.035616
91,2413,3.555571,130.661950,16.858619,7.346042,1,-1,-1,-1,0.003269,0.003718,0.234848,0.052267
92,2476,60.651820,249.952048,8.080146,16.362676,1,-1,-1,-1,0.160757,0.121041,1.734922,0.596164
92,2461,-19.495394,117.041073,15.880343,7.630887,1,-1,-1,-1,0.090319,0.065343,0.945225,0.419830
92,2443,108.381234,179.638107,11.756472,25.341618,1,-1,-1,-1,1.075850,0.333500,2.191323,0.281080
92,2422,150.911014,131.201335,15.462360,7.617099,1,-1,-1,-1,0.277981,0.265807,1.582273,0.841470
92,2420,-48.760648,117.079797,21.070739,8.002542,1,-1,-1,-1,0.183343,0.065379,1.034987,0.025606
92,2418,-23.467561,131.223048,17.093961,8.602553,1,-1,-1,-1,0.330746,0.083951,1.434331,0.440284
92,2417,7.747413,117.197313,18.839645,8.471289,1,-1,-1,-1,0.050188,0.043743,0.767438,0.205507
92,2416,79.139433,54.695280,8.100814,15.383266,1,-1,-1,-1,0.006370,0.004148,0.184654,0.060871
92,2415,122.350400,130.790121,18.829162,7.579760,1,-1,-1,-1,0.003990,0.003433,0.170490,0.024617
92,2414,61.729999,189.089978,8.130002,18.620006,1,-1,-1,-1,0.003647,0.004148,0.199283,0.036310
92,2413,3.559524,130.659748,16.850769,7.340451,1,-1,-1,-1,0.003236,0.003718,0.236381,0.053293
93,2476,60.519251,249.646198,7.923981,16.618358,1,-1,-1,-1,0.236088,0.196339,2.073409,0.731368
93,2461,-19.342545,117.170850,16.312517,7.556733,1,-1,-1,-1,0.087567,0.055080,0.922011,0.390139
93,2443,108.328089,179.312440,11.813355,25.382004,1,-1,-1,-1,1.008507,0.290545,2.137641,0.215614
93,2422,150.751239,131.448076,15.138639,7.624030,1,-1,-1,-1,0.176968,0.122314,1.198734,0.594586
93,2420,-48.137211,117.180602,20.410170,8.185041,1,-1,-1,-1,0.127267,0.061154,1.010399,0.167288
93,2418,-23.670865,131.320113,17.256216,8.747176,1,-1,-1,-1,0.297721,0.076043,1.352617,0.394525
93,2417,8.244415,117.140428,19.296752,8.482959,1,-1,-1,-1,0.037148,0.033681,0.592990,0.165662
93,2416,79.119183,55.715411,8.091523,15.372487,1,-1,-1,-1,0.006001,0.004026,0.181399,0.059169
93,2415,122.349654,130.789900,18.820728,7.580202,1,-1,-1,-1,0.003721,0.003233,0.164818,0.023907
93,2414,61.730143,189.100429,8.129715,18.628995,1,-1,-1,-1,0.003647,0.004148,0.199412,0.036311
93,2413,3.567958,130.658887,16.833935,7.322216,1,-1,-1,-1,0.002871,0.002596,0.207237,0.046641
94,2476,60.718848,247.165508,8.218987,16.183810,1,-1,-1,-1,0.226316,0.189490,1.932712,0.801358
94,2461,-18.537419,116.901678,16.168953,7.582941,1,-1,-1,-1,0.140339,0.122266,1.145162,0.551420
94,2457,-77.481254,116.642948,17.896525,7.691751,1,-1,-1,-1,0.353198,0.098758,1.869061,0.447127
94,2443,108.357259,179.222584,11.812925,25.476824,1,-1,-1,-1,1.090566,0.353396,2.255364,0.222626
94,2422,150.846444,131.384180,15.094694,7.666650,1,-1,-1,-1,0.229478,0.156471,1.266629,0.652769
94,2420,-48.027985,117.242663,20.304309,8.214251,1,-1,-1,-1,0.170923,0.070443,1.086349,0.185760
94,2418,-22.661740,131.386691,16.717878,8.753486,1,-1,-1,-1,0.370474,0.287576,1.766589,0.927923
94,2417,9.358694,117.199755,19.146810,8.533509,1,-1,-1,-1,0.056644,0.049043,0.731501,0.219108
94,2416,79.119319,56.586216,8.081053,15.380373,1,-1,-1,-1,0.005883,0.003947,0.179786,0.058607
94,2415,122.349183,130.779601,18.821633,7.570892,1,-1,-1,-1,0.004030,0.003467,0.173396,0.024378
94,2414,61.729889,189.089622,8.130223,18.620849,1,-1,-1,-1,0.003684,0.004232,0.199412,0.036311
94,2413,3.578981,130.649782,16.811897,7.320424,1,-1,-1,-1,0.003018,0.003502,0.229693,0.051292
95,2476,60.238625,245.900540,8.375385,15.976387,1,-1,-1,-1,0.314937,0.260096,2.163015,0.937355
95,2465,-52.447792,130.896460,18.459093,8.342435,1,-1,-1,-1,0.393287,0.266539,2.745829,1.014261
95,2461,-17.558624,116.754047,15.976121,7.530493,1,-1,-1,-1,0.136209,0.118724,1.162536,0.560736
95,2457,-77.512225,116.528173,17.210798,7.668919,1,-1,-1,-1,0.315922,0.088366,1.764818,0.662368
95,2443,108.220602,179.766445,11.886076,25.544372,1,-1,-1,-1,1.040820,0.328433,2.054481,0.060753
95,2422,151.131133,131.292480,15.254700,7.670717,1,-1,-1,-1,0.177597,0.154357,1.242519,0.642570
95,2420,-48.013093,116.934068,20.260776,8.059353,1,-1,-1,-1,0.259035,0.068520,1.390025,0.155576
95,2418,-22.440171,130.773082,16.231453,8.224807,1,-1,-1,-1,0.235606,0.201673,1.629574,0.798645
95,2417,11.124476,117.285976,19.488330,8.578901,1,-1,-1,-1,0.061759,0.053485,0.746084,0.183880
95,2416,79.118316,57.325344,8.063083,15.373928,1,-1,-1,-1,0.007321,0.004583,0.226836,0.069406
95,2415,122.349874,130.789914,18.820252,7.570107,1,-1,-1,-1,0.003684,0.003233,0.164871,0.023674
95,2414,61.728659,189.076585,8.122745,18.587120,1,-1,-1,-1,0.006966,0.006177,0.254599,0.049825
95,2413,3.580872,130.660277,16.818126,7.319352,1,-1,-1,-1,0.002522,0.002421,0.200224,0.044459
96,2476,58.570282,248.335801,8.507655,17.304834,1,-1,-1,-1,0.156165,0.110872,1.757685,0.448002
96,2465,-50.987051,132.686572,15.595087,9.631291,1,-1,-1,-1,0.116780,0.061105,2.831378,0.727520
96,2461,-16.310946,117.189409,15.751771,7.588930,1,-1,-1,-1,0.159622,0.141971,1.228506,0.594704
96,2443,108.057046,180.167678,12.130118,25.461057,1,-1,-1,-1,1.204072,0.428201,2.131037,0.054337
96,2422,150.896591,131.195756,15.199703,7.713011,1,-1,-1,-1,0.187503,0.188398,1.252308,0.652786
96,2420,-48.312116,117.135527,20.810265,8.008133,1,-1,-1,-1,0.217176,0.081101,1.143863,0.062324
96,2418,-23.576081,131.520433,16.954232,8.607923,1,-1,-1,-1,0.354841,0.100379,1.588213,0.470755
96,2417,12.474915,117.136423,19.689021,8.258747,1,-1,-1,-1,0.067261,0.036763,0.630630,0.129299
96,2416,79.101338,57.938409,8.087010,15.376984,1,-1,-1,-1,0.007106,0.004448,0.191887,0.063233
96,2415,122.359174,130.789761,18.801650,7.570477,1,-1,-1,-1,0.003647,0.003201,0.164700,0.023906
96,2414,61.730903,189.102370,8.128159,18.624881,1,-1,-1,-1,0.003575,0.004107,0.197505,0.035978
96,2413,3.571710,130.650572,16.836478,7.318857,1,-1,-1,-1,0.002731,0.002545,0.202787,0.045741
97,2476,60.196850,243.888247,8.293088,15.954965,1,-1,-1,-1,0.262015,0.241424,1.602966,0.767332
97,2461,-15.544382,116.745448,15.907996,7.599873,1,-1,-1,-1,0.077165,0.056873,0.850792,0.372932
97,2443,108.245408,178.966455,11.967460,25.292974,1,-1,-1,-1,0.956083,0.262277,2.123408,0.417334
97,2422,150.806964,131.243407,15.212483,7.692513,1,-1,-1,-1,0.199316,0.133095,1.226643,0.626934
97,2420,-47.076437,117.002281,20.330696,8.086832,1,-1,-1,-1,0.217777,0.080417,1.205064,0.162650
97,2418,-22.961746,130.958133,16.576834,8.357049,1,-1,-1,-1,0.427957,0.413516,1.940784,0.967709
97,2417,14.793607,117.224391,19.583526,8.418020,1,-1,-1,-1,0.096756,0.071000,0.855058,0.261089
97,2416,79.108998,58.487911,8.071646,15.399047,1,-1,-1,-1,0.007321,0.005113,0.246309,0.078353
97,2415,122.350705,130.790195,18.818589,7.569609,1,-1,-1,-1,0.003470,0.003076,0.160487,0.022990
97,2414,61.730168,189.100392,8.129666,18.629202,1,-1,-1,-1,0.003721,0.004232,0.201022,0.036662
97,2413,3.578143,130.639306,16.813620,7.311428,1,-1,-1,-1,0.003834,0.004107,0.250731,0.057470
98,2476,60.462788,244.163459,8.310597,15.679422,1,-1,-1,-1,0.231442,0.208328,1.657099,0.817759
98,2461,-14.229378,117.197803,16.052327,7.781863,1,-1,-1,-1,0.097728,0.059411,0.865719,0.392089
98,2443,108.314938,179.046664,11.935083,25.316078,1,-1,-1,-1,0.852038,0.246119,2.038564,0.323373
98,2422,150.949121,131.399760,15.136995,7.706543,1,-1,-1,-1,0.249995,0.250941,1.374744,0.770121
98,2420,-45.790757,116.892426,20.018469,8.043088,1,-1,-1,-1,0.298940,0.090734,1.461196,0.224384
98,2418,-23.456389,131.380119,16.958336,8.614149,1,-1,-1,-1,0.388516,0.096928,1.582575,0.474348
98,2417,17.402627,117.216423,19.554352,8.409479,1,-1,-1,-1,0.084410,0.064139,0.869797,0.251079
98,2416,79.091122,58.908278,8.087569,15.416191,1,-1,-1,-1,0.007036,0.004448,0.195634,0.063264
98,2415,122.340515,130.790152,18.829002,7.569695,1,-1,-1,-1,0.003647,0.003201,0.164608,0.023444
98,2414,61.730028,189.100059,8.129945,18.629872,1,-1,-1,-1,0.003575,0.004148,0.196129,0.035962
98,2413,3.559894,130.629241,16.830163,7.291588,1,-1,-1,-1,0.003721,0.003986,0.250716,0.056427
99,2476,60.612840,244.913437,8.185465,16.255998,1,-1,-1,-1,0.201060,0.155563,1.695026,0.653466
99,2461,-12.835597,116.905641,15.880736,7.794960,1,-1,-1,-1,0.079078,0.049571,0.742032,0.324523
99,2443,108.166328,179.902421,12.082521,25.528370,1,-1,-1,-1,0.967963,0.317161,1.847117,0.042321
99,2422,150.787461,131.335638,15.117960,7.644432,1,-1,-1,-1,0.305504,0.335015,1.604555,0.915573
99,2418,-23.726103,131.521544,17.245404,8.806561,1,-1,-1,-1,0.333139,0.079008,1.395750,0.394144
99,2417,20.831604,117.193240,19.580903,8.253996,1,-1,-1,-1,0.062438,0.055077,0.783988,0.170874
99,2416,79.098493,59.265178,8.072716,15.413190,1,-1,-1,-1,0.007106,0.004963,0.244499,0.077631
99,2415,122.350029,130.790024,18.829871,7.569950,1,-1,-1,-1,0.003721,0.003233,0.166111,0.023906
99,2414,61.729868,189.089574,8.130265,18.620951,1,-1,-1,-1,0.003436,0.004026,0.194357,0.035616
99,2413,3.536563,130.652274,16.916708,7.305273,1,-1,-1,-1,0.002522,0.002421,0.197400,0.043208
100,2476,60.778476,243.462913,8.074623,15.890695,1,-1,-1,-1,0.152766,0.111868,1.287091,0.515150
100,2465,-52.740308,131.193468,18.508901,8.509160,1,-1,-1,-1,0.249909,0.199410,2.265576,0.652153
100,2461,-9.774031,116.823301,15.905221,7.572525,1,-1,-1,-1,0.077520,0.059389,0.778771,0.371784
100,2443,108.233433,179.268619,11.937447,25.763385,1,-1,-1,-1,0.859781,0.258543,1.747725,0.066168
100,2422,150.774623,131.026272,15.101287,7.510813,1,-1,-1,-1,0.227898,0.254919,1.474677,0.843405
100,2418,-23.887690,131.510675,17.381860,8.999004,1,-1,-1,-1,0.416745,0.113015,1.546633,0.496479
100,2417,24.268948,117.336789,19.423343,8.355652,1,-1,-1,-1,0.074591,0.058288,0.822316,0.221079
100,2416,79.099146,59.575756,8.061484,15.420733,1,-1,-1,-1,0.007770,0.004817,0.238624,0.072808
100,2415,122.350730,130.790395,18.828543,7.579180,1,-1,-1,-1,0.003647,0.003170,0.164716,0.023907
100,2414,61.730114,189.100364,8.129772,18.629141,1,-1,-1,-1,0.003575,0.004148,0.195945,0.035961
100,2413,3.531936,130.650726,16.936043,7.308515,1,-1,-1,-1,0.002547,0.002470,0.194388,0.043601
