1,3161,142.520000,116.990000,16.650000,7.620000,1,-1,-1,-1,10.000000,10.000000,10.000000,10.000000
1,3160,195.700000,117.130000,17.390000,8.680000,1,-1,-1,-1,10.000000,10.000000,10.000000,10.000000
1,3159,116.760000,116.500000,15.290000,7.400000,1,-1,-1,-1,10.000000,10.000000,10.000000,10.000000
1,3158,226.820000,117.770000,17.980000,8.960000,1,-1,-1,-1,10.000000,10.000000,10.000000,10.000000
1,3157,287.580000,422.780000,9.230000,19.680000,1,-1,-1,-1,10.000000,10.000000,10.000000,10.000000
1,3156,288.220000,148.410000,7.890000,16.130000,1,-1,-1,-1,10.000000,10.000000,10.000000,10.000000
1,3155,27.950000,38.880000,12.590000,21.330000,1,-1,-1,-1,10.000000,10.000000,10.000000,10.000000
1,3154,379.180000,343.420000,16.450000,8.410000,1,-1,-1,-1,10.000000,10.000000,10.000000,10.000000
1,3153,273.930000,401.320000,8.060000,16.020000,1,-1,-1,-1,10.000000,10.000000,10.000000,10.000000
1,3152,288.500000,67.500000,5.980000,8.860000,1,-1,-1,-1,10.000000,10.000000,10.000000,10.000000
1,3151,333.140000,342.890000,16.230000,7.820000,1,-1,-1,-1,10.000000,10.000000,10.000000,10.000000
1,3150,124.350000,130.600000,14.850000,7.200000,1,-1,-1,-1,10.000000,10.000000,10.000000,10.000000
2,3166,53.540000,31.790000,8.630000,17.390000,1,-1,-1,-1,10.000000,10.000000,10.000000,10.000000
2,3165,-7.910000,116.670000,18.690000,7.770000,1,-1,-1,-1,10.000000,10.000000,10.000000,10.000000
2,3164,209.460000,332.570000,17.020000,8.450000,1,-1,-1,-1,10.000000,10.000000,10.000000,10.000000
2,3163,39.500000,65.880000,8.070000,16.660000,1,-1,-1,-1,10.000000,10.000000,10.000000,10.000000
2,3162,342.740000,342.860000,16.280000,7.780000,1,-1,-1,-1,10.000000,10.000000,10.000000,10.000000
2,3160,206.707812,117.052159,17.733009,8.215688,1,-1,-1,-1,0.612320,0.115173,5.845579,1.191677
2,3158,236.976795,116.901560,17.035883,8.136918,1,-1,-1,-1,0.272405,0.152388,4.981704,0.986191
2,3157,283.714832,441.886885,9.090519,16.865604,1,-1,-1,-1,0.232129,0.177050,3.919164,1.458971
2,3156,297.899835,154.720153,7.810179,15.999664,1,-1,-1,-1,0.078831,0.024939,1.006188,0.229678
2,3155,38.001211,39.066097,10.947260,20.967807,1,-1,-1,-1,0.171966,0.085323,2.575420,0.255764
2,3154,388.723408,343.398140,16.952412,8.543719,1,-1,-1,-1,0.394365,0.081977,2.707429,0.643850
2,3153,283.582006,400.815972,8.105826,15.588065,1,-1,-1,-1,0.083706,0.056061,1.253757,0.339157
2,3152,298.129940,71.090036,5.970053,8.869921,1,-1,-1,-1,0.034720,0.009083,0.028618,0.070202
2,3151,299.462886,302.400809,7.579738,7.482727,1,-1,-1,-1,0.725778,1.765646,1.241283,2.530860
2,3150,124.319962,130.610019,14.880076,7.229962,1,-1,-1,-1,0.003278,0.002736,0.163042,0.053140
3,3171,310.300000,306.080000,5.020000,5.930000,1,-1,-1,-1,10.000000,10.000000,10.000000,10.000000
3,3170,292.910000,175.740000,7.890000,16.250000,1,-1,-1,-1,10.000000,10.000000,10.000000,10.000000
3,3169,306.890000,267.530000,7.880000,17.230000,1,-1,-1,-1,10.000000,10.000000,10.000000,10.000000
3,3168,293.890000,431.990000,6.530000,9.230000,1,-1,-1,-1,10.000000,10.000000,10.000000,10.000000
3,3167,351.620000,342.870000,16.260000,7.770000,1,-1,-1,-1,10.000000,10.000000,10.000000,10.000000
3,3165,1.752959,130.859345,15.253671,8.041152,1,-1,-1,-1,0.259120,0.054951,1.192618,0.380901
3,3164,223.528455,332.510746,16.941642,8.098513,1,-1,-1,-1,0.516598,0.121078,5.616500,1.202344
3,3163,48.633533,65.651956,7.912320,16.136122,1,-1,-1,-1,0.339435,0.356528,5.560645,1.536586
3,3158,245.004793,117.577084,17.927072,8.367760,1,-1,-1,-1,0.196795,0.144735,3.585856,0.547474
3,3155,46.737810,38.986312,11.303609,21.087798,1,-1,-1,-1,0.189104,0.104371,2.855146,0.271545
3,3154,398.004001,343.265231,16.340498,8.083722,1,-1,-1,-1,0.315389,0.062887,1.761043,0.408378
3,3153,292.550359,401.340867,8.150789,15.732759,1,-1,-1,-1,0.104461,0.071563,1.497837,0.333936
3,3152,307.052095,74.429812,5.979478,8.860752,1,-1,-1,-1,0.032287,0.008808,0.027433,0.066277
3,3150,124.319332,130.609992,14.851337,7.230025,1,-1,-1,-1,0.002630,0.002378,0.144393,0.044890
4,3158,251.803641,117.457292,19.486431,8.593358,1,-1,-1,-1,0.157490,0.080196,2.133632,0.359139
4,3155,55.442842,38.576082,10.716646,20.805390,1,-1,-1,-1,0.338437,0.179048,3.586324,0.354562
4,3154,406.010095,343.229659,16.926608,8.151285,1,-1,-1,-1,0.348802,0.064511,1.910776,0.383661
4,3153,300.775109,400.913074,8.103984,15.653883,1,-1,-1,-1,0.085660,0.057415,1.117736,0.286107
4,3152,315.253406,77.909542,5.989933,8.879667,1,-1,-1,-1,0.034825,0.009223,0.028501,0.068151
4,3150,124.330755,130.588722,14.878313,7.182742,1,-1,-1,-1,0.004285,0.003798,0.173043,0.058563
5,3164,247.523965,332.866530,16.417530,7.752730,1,-1,-1,-1,0.256131,0.069809,3.045642,0.622000
5,3163,64.044376,65.733884,8.365564,16.388021,1,-1,-1,-1,0.523793,0.423146,6.402034,1.100649
5,3158,259.655367,117.709604,19.465468,8.826082,1,-1,-1,-1,0.096088,0.046465,1.321642,0.250623
5,3155,63.260754,17.415236,9.641151,19.533920,1,-1,-1,-1,0.431667,0.259783,4.910190,0.767014
5,3154,413.230867,343.051864,17.374443,7.955896,1,-1,-1,-1,0.380305,0.068974,2.046106,0.404310
5,3153,308.353601,401.205943,7.958902,15.706573,1,-1,-1,-1,0.116315,0.080308,1.299121,0.373975
5,3152,322.743154,81.508881,5.990113,8.880154,1,-1,-1,-1,0.032033,0.008764,0.027282,0.065037
5,3150,124.320472,130.589937,14.869150,7.170055,1,-1,-1,-1,0.003687,0.003505,0.160096,0.056430
6,3167,374.002236,342.870375,16.240896,7.789188,1,-1,-1,-1,0.006847,0.004324,0.301013,0.067537
6,3164,257.677794,332.731911,16.642546,7.731962,1,-1,-1,-1,0.290863,0.087579,3.050436,0.680900
6,3158,267.018750,116.994928,18.708070,8.314495,1,-1,-1,-1,0.068813,0.040363,1.049772,0.254693
6,3154,420.077449,343.116812,17.190519,7.706631,1,-1,-1,-1,0.230170,0.048561,1.624985,0.343002
6,3153,315.159389,401.085850,7.924948,15.546069,1,-1,-1,-1,0.091523,0.062400,1.007238,0.304161
6,3152,329.373923,85.336648,6.096186,8.960287,1,-1,-1,-1,0.045348,0.011114,0.032148,0.076213
6,3150,124.347985,130.569136,14.804043,7.141802,1,-1,-1,-1,0.002901,0.002546,0.138994,0.047547
7,3173,31.956899,116.802183,15.605420,7.476742,1,-1,-1,-1,0.193578,0.054251,2.088441,0.517089
7,3172,90.253408,65.745145,8.634329,18.126252,1,-1,-1,-1,0.154905,0.088361,2.539376,0.424462
7,3167,380.005216,342.859380,16.269723,7.781341,1,-1,-1,-1,0.006772,0.004321,0.290972,0.068157
7,3164,266.197558,332.648082,16.413927,7.604659,1,-1,-1,-1,0.305727,0.093884,2.678523,0.703305
7,3158,273.558871,117.097236,18.260133,8.363745,1,-1,-1,-1,0.162748,0.092274,1.865065,0.587606
7,3154,426.531621,343.012902,16.875944,7.753076,1,-1,-1,-1,0.223890,0.082522,1.385413,0.346882
7,3153,321.161966,401.349831,7.944858,15.831197,1,-1,-1,-1,0.098036,0.068376,1.077127,0.339191
7,3152,334.862368,89.345684,6.606168,9.292237,1,-1,-1,-1,0.022210,0.006828,0.022789,0.055419
7,3150,124.290704,130.614191,14.958449,7.191099,1,-1,-1,-1,0.003952,0.003646,0.164850,0.057475
8,3173,36.525250,113.844183,17.172270,8.610454,1,-1,-1,-1,0.505327,0.128288,2.690983,0.549160
8,3172,98.285199,68.528788,8.873249,17.921237,1,-1,-1,-1,0.155952,0.091049,2.253248,0.368226
8,3164,264.431278,339.027361,16.838827,8.196943,1,-1,-1,-1,0.294617,0.092650,2.622442,0.686610
8,3158,279.015871,123.853973,18.619099,8.603648,1,-1,-1,-1,0.275597,0.188162,2.831504,0.840503
8,3154,423.762132,357.048497,16.881850,8.321221,1,-1,-1,-1,0.324904,0.067033,1.400127,0.398299
8,3153,314.459272,409.563045,8.000894,15.809251,1,-1,-1,-1,0.105317,0.077185,0.998551,0.349203
8,3150,124.335563,130.599456,14.828969,7.201119,1,-1,-1,-1,0.002652,0.002422,0.132602,0.044898
9,3176,255.290382,131.919644,19.045439,10.087986,1,-1,-1,-1,0.200227,0.131692,5.068219,0.854141
9,3173,42.205792,109.058254,18.199179,8.944442,1,-1,-1,-1,0.381926,0.080173,2.110113,0.381776
9,3172,106.992830,71.482993,8.884259,17.996039,1,-1,-1,-1,0.365949,0.197542,3.532718,0.727329
9,3164,257.963992,347.557390,17.035272,8.806193,1,-1,-1,-1,0.240238,0.072361,2.173254,0.623858
9,3163,93.609432,61.237426,8.811772,18.876881,1,-1,-1,-1,0.339384,0.251505,3.521083,0.786897
9,3154,415.853765,374.569468,16.680621,9.192202,1,-1,-1,-1,0.336699,0.088668,1.380345,0.503430
9,3153,303.305448,419.942424,8.609819,15.796380,1,-1,-1,-1,0.111117,0.074257,1.014552,0.360345
9,3150,124.312215,130.610779,14.865584,7.208365,1,-1,-1,-1,0.002872,0.002520,0.139094,0.047980
10,3173,49.922201,101.271827,19.410302,10.243702,1,-1,-1,-1,0.307874,0.120980,2.835159,0.738022
10,3172,118.632003,73.216002,9.858798,18.915221,1,-1,-1,-1,0.245792,0.171014,3.684961,0.728098
10,3164,237.402080,363.446415,17.970556,10.338184,1,-1,-1,-1,0.241323,0.076366,2.057726,0.588555
10,3150,124.357580,130.599030,14.824657,7.192060,1,-1,-1,-1,0.003912,0.003538,0.153127,0.055868
11,3173,57.578362,100.714427,18.974513,11.161239,1,-1,-1,-1,0.330014,0.239491,3.054608,1.125055
11,3172,133.344474,76.475288,11.784931,19.311771,1,-1,-1,-1,0.300760,0.222020,4.791379,0.985504
11,3164,204.936722,381.280554,18.231963,12.022519,1,-1,-1,-1,0.337753,0.104657,2.396707,0.765379
11,3150,124.342410,130.611496,14.845221,7.216862,1,-1,-1,-1,0.003759,0.003016,0.151701,0.054841
12,3187,270.836756,304.309418,15.466573,21.133815,1,-1,-1,-1,0.492684,0.320185,9.285485,2.043287
12,3186,207.805044,185.364842,21.216496,16.639348,1,-1,-1,-1,0.253637,0.205035,8.068661,1.406666
12,3150,124.338751,130.588626,14.842532,7.182952,1,-1,-1,-1,0.003470,0.002869,0.147460,0.053300
13,3187,235.304408,333.665697,17.301700,19.825032,1,-1,-1,-1,0.339179,0.228060,6.608317,1.841730
13,3186,195.532832,201.063989,20.143603,17.756781,1,-1,-1,-1,0.401362,0.339504,8.321353,1.716831
13,3150,124.350537,130.600063,14.848821,7.179785,1,-1,-1,-1,0.003951,0.003573,0.153838,0.056951
14,3201,129.899229,70.548764,17.344907,17.700640,1,-1,-1,-1,0.571615,0.443100,9.770303,1.589951
14,3150,124.282723,130.635440,14.994515,7.238520,1,-1,-1,-1,0.006629,0.005013,0.192537,0.069399
15,3173,133.761840,73.459855,12.710080,14.833594,1,-1,-1,-1,0.320808,0.254402,2.567154,1.373482
15,3150,124.305066,130.618268,14.930007,7.223727,1,-1,-1,-1,0.006498,0.005013,0.185229,0.068164
16,3217,188.623147,318.105393,10.709350,17.814268,1,-1,-1,-1,0.386510,0.155942,7.202728,1.140191
16,3173,150.531436,75.175937,9.162452,15.766707,1,-1,-1,-1,0.101430,0.066663,1.135632,0.414081
16,3150,124.345829,130.608696,14.868246,7.212747,1,-1,-1,-1,0.005942,0.004629,0.175570,0.066270
17,3221,205.654361,371.486632,15.362373,8.029180,1,-1,-1,-1,0.143499,0.088389,2.518599,0.648417
17,3217,177.619485,347.026528,7.884259,10.019141,1,-1,-1,-1,0.011391,0.004411,0.016996,0.043692
17,3173,161.199918,77.069017,9.055501,15.935875,1,-1,-1,-1,0.254910,0.185105,1.539488,0.747138
17,3150,124.346789,130.598994,14.796617,7.202081,1,-1,-1,-1,0.002988,0.002596,0.135814,0.048024
18,3233,125.889906,363.141992,18.957310,9.190404,1,-1,-1,-1,0.091320,0.068778,2.480277,0.499515
18,3231,-38.118635,477.824930,7.621994,16.488629,1,-1,-1,-1,0.283218,0.094175,1.912503,0.364972
18,3230,-64.158913,378.400857,14.751178,7.626010,1,-1,-1,-1,0.089921,0.070433,0.946783,0.361511
18,3221,198.124520,373.506701,14.765778,7.853796,1,-1,-1,-1,0.142728,0.156671,2.186684,0.721801
18,3173,170.969652,78.539362,8.496144,15.883900,1,-1,-1,-1,0.136700,0.103253,1.282274,0.542422
18,3150,124.330737,130.599841,14.818541,7.190333,1,-1,-1,-1,0.002787,0.002470,0.134005,0.046631
19,3236,-90.412919,364.544543,15.692780,8.410411,1,-1,-1,-1,0.111810,0.081292,1.441742,0.404640
19,3233,133.682930,363.083027,17.951429,9.201366,1,-1,-1,-1,0.140599,0.117481,2.314735,0.574923
19,3231,-33.250928,477.938524,7.728313,16.419971,1,-1,-1,-1,0.349340,0.071111,1.789134,0.402699
19,3230,-67.576457,377.384037,14.639753,7.530081,1,-1,-1,-1,0.252443,0.253308,1.932522,0.694855
19,3173,178.605677,79.122074,8.418220,15.465622,1,-1,-1,-1,0.145178,0.097975,1.136622,0.524412
19,3150,124.332848,130.600996,14.864112,7.197964,1,-1,-1,-1,0.003911,0.003572,0.154201,0.055864
20,3240,201.495617,295.094093,8.783548,18.063814,1,-1,-1,-1,0.111813,0.039206,1.857810,0.343305
20,3239,185.780611,53.488273,7.667828,14.943200,1,-1,-1,-1,0.133576,0.092939,1.205174,0.366191
20,3236,-81.907338,364.037201,15.688097,8.457770,1,-1,-1,-1,0.148278,0.099999,1.540317,0.472403
20,3233,142.472699,362.750997,17.033256,8.907042,1,-1,-1,-1,0.165787,0.116773,2.018412,0.563777
20,3231,-24.909781,477.998929,7.959051,16.347753,1,-1,-1,-1,0.338250,0.073364,1.622923,0.441388
20,3230,-67.663237,378.176316,14.861195,7.494646,1,-1,-1,-1,0.080025,0.053859,0.954795,0.360824
20,3173,186.535633,78.542331,7.905590,15.276665,1,-1,-1,-1,0.093893,0.073360,0.866878,0.333825
20,3150,124.318983,130.599566,14.842155,7.190883,1,-1,-1,-1,0.002704,0.002446,0.134131,0.045763
21,3239,194.023623,53.662529,7.741138,15.617437,1,-1,-1,-1,0.071299,0.055340,0.888318,0.265517
21,3236,-73.275368,364.776743,15.593553,8.378975,1,-1,-1,-1,0.108583,0.070729,1.157561,0.346921
21,3233,148.820515,362.845613,17.147240,8.713999,1,-1,-1,-1,0.420502,0.318181,3.381806,1.021383
21,3231,-16.388831,477.732047,7.854204,16.100615,1,-1,-1,-1,0.366350,0.079615,1.492232,0.460677
21,3230,-69.999381,377.679262,14.853487,7.478404,1,-1,-1,-1,0.231950,0.242286,1.673786,0.704874
21,3173,195.026830,79.243533,8.001793,15.402174,1,-1,-1,-1,0.152215,0.111030,1.131630,0.519966
21,3150,124.304871,130.622324,14.910131,7.225149,1,-1,-1,-1,0.003236,0.002729,0.146176,0.051290
22,3252,217.595805,241.937802,8.641890,19.422708,1,-1,-1,-1,0.234794,0.158725,2.953611,0.349631
22,3251,3.491809,318.970130,7.671175,16.262911,1,-1,-1,-1,0.284399,0.084633,2.972828,0.660383
22,3250,219.222030,323.777109,7.687668,17.748584,1,-1,-1,-1,0.225526,0.072973,3.036328,0.423101
22,3239,202.252215,53.528913,8.223776,15.763351,1,-1,-1,-1,0.185418,0.134133,1.480544,0.536863
22,3236,-64.827590,364.714814,15.706689,8.167649,1,-1,-1,-1,0.082147,0.057612,0.929235,0.286700
22,3233,158.033323,362.835108,18.489022,8.646305,1,-1,-1,-1,0.088963,0.065826,1.441538,0.300855
22,3231,-7.045772,477.379970,7.758900,15.947933,1,-1,-1,-1,0.341528,0.070281,1.267913,0.413595
22,3173,203.032811,78.779737,7.918895,15.568392,1,-1,-1,-1,0.138962,0.109375,1.112761,0.488080
22,3150,124.281340,130.620745,14.927400,7.238498,1,-1,-1,-1,0.002958,0.002571,0.142499,0.048453
23,3252,226.776069,241.383587,8.425528,19.791545,1,-1,-1,-1,0.242854,0.041847,1.297012,0.191479
23,3251,12.271133,319.421781,7.732001,16.507886,1,-1,-1,-1,0.464237,0.119506,3.828679,0.802381
23,3239,210.941378,53.324948,8.160990,15.963161,1,-1,-1,-1,0.411789,0.313529,2.243886,0.864095
23,3236,-55.658380,364.524957,15.264496,8.102605,1,-1,-1,-1,0.081808,0.058586,0.751514,0.258214
23,3233,167.062306,363.228455,17.645202,8.967501,1,-1,-1,-1,0.283253,0.228471,2.091972,0.717509
23,3231,1.711378,477.565699,7.710891,15.947753,1,-1,-1,-1,0.357034,0.077077,1.326133,0.451631
23,3173,212.278581,78.894485,8.026563,15.495546,1,-1,-1,-1,0.247738,0.179583,1.408283,0.626920
23,3150,124.283389,130.631408,14.983028,7.257081,1,-1,-1,-1,0.003436,0.003332,0.152756,0.054304
24,3251,21.202162,319.612338,8.095480,17.059226,1,-1,-1,-1,0.392266,0.099534,3.328754,0.668198
24,3239,220.509036,53.634584,7.917470,16.063773,1,-1,-1,-1,0.204084,0.142289,1.694047,0.646631
24,3236,-46.710325,364.619642,15.562132,8.199099,1,-1,-1,-1,0.098388,0.072786,0.896627,0.321431
24,3233,216.725691,358.745761,11.196886,15.233928,1,-1,-1,-1,0.299957,0.075507,1.681513,0.305492
24,3231,11.290814,477.871683,7.888531,15.972037,1,-1,-1,-1,0.286439,0.064982,1.188447,0.421787
24,3173,221.021503,79.235680,8.183863,15.878038,1,-1,-1,-1,0.201052,0.159003,1.513445,0.709637
24,3150,124.286532,130.608354,14.937061,7.233487,1,-1,-1,-1,0.003236,0.002757,0.147619,0.051310
25,3260,-65.114175,367.686716,15.928255,8.508726,1,-1,-1,-1,0.495203,0.460510,4.899842,1.245112
25,3259,233.059076,295.041499,6.010135,8.899534,1,-1,-1,-1,0.039182,0.010290,0.029068,0.070735
25,3251,30.368118,319.884668,8.366394,18.219390,1,-1,-1,-1,0.354662,0.097109,2.721165,0.605806
25,3236,-37.114648,364.774868,15.556641,8.262488,1,-1,-1,-1,0.060334,0.045596,0.694326,0.225940
25,3231,20.391103,477.416434,7.775146,15.967860,1,-1,-1,-1,0.316270,0.066763,1.142497,0.404602
25,3173,230.266640,78.616590,8.030609,15.631592,1,-1,-1,-1,0.155296,0.125812,1.212753,0.538754
25,3150,124.297956,130.609118,14.904111,7.221790,1,-1,-1,-1,0.002787,0.002495,0.137445,0.047537
26,3259,241.593227,287.020986,6.009926,8.890208,1,-1,-1,-1,0.008774,0.003540,0.015093,0.036352
26,3236,-28.788639,364.771387,15.719259,8.258655,1,-1,-1,-1,0.101637,0.068603,0.921817,0.333654
26,3231,29.185155,477.535726,7.901555,15.986906,1,-1,-1,-1,0.359374,0.085972,1.279669,0.488200
26,3173,238.951080,79.544167,8.056157,15.820877,1,-1,-1,-1,0.103931,0.076972,1.003938,0.416579
26,3150,124.317080,130.598411,14.865836,7.193291,1,-1,-1,-1,0.002814,0.002495,0.136056,0.047078
27,3267,44.372226,218.323889,7.994698,16.112303,1,-1,-1,-1,0.331920,0.269826,4.113682,0.970953
27,3265,37.285413,361.081110,14.984077,16.685998,1,-1,-1,-1,0.714423,0.424118,9.163700,2.435565
27,3259,249.359793,278.771516,6.009790,8.870518,1,-1,-1,-1,0.011347,0.004363,0.016312,0.042354
27,3236,-20.646425,364.717928,15.794246,8.196718,1,-1,-1,-1,0.058018,0.043406,0.697090,0.226294
27,3173,246.973128,79.513729,8.217360,15.978848,1,-1,-1,-1,0.089313,0.076739,0.948705,0.424700
27,3150,124.301373,130.600197,14.897249,7.189596,1,-1,-1,-1,0.002900,0.002571,0.139663,0.048908
28,3267,51.523285,220.849174,8.040757,15.997982,1,-1,-1,-1,0.278922,0.195017,3.153393,0.829857
28,3261,36.446529,182.819497,7.957888,15.409062,1,-1,-1,-1,0.083031,0.065356,0.850479,0.305436
28,3259,256.422274,270.162572,6.010135,8.889470,1,-1,-1,-1,0.010069,0.003909,0.015668,0.039608
28,3236,-13.775923,364.803441,15.934305,8.272801,1,-1,-1,-1,0.089187,0.066613,0.854310,0.312274
28,3150,124.336958,130.599395,14.826079,7.191199,1,-1,-1,-1,0.003048,0.002596,0.137240,0.048448
29,3272,43.488762,212.148713,8.622510,19.412538,1,-1,-1,-1,0.115137,0.089601,1.659567,0.281036
29,3267,57.706526,225.648131,7.835853,15.597667,1,-1,-1,-1,0.114939,0.097354,1.549471,0.561754
29,3261,42.833943,182.833397,7.957887,15.133116,1,-1,-1,-1,0.090905,0.065818,0.877569,0.334279
29,3259,262.760964,261.273320,6.019710,8.890184,1,-1,-1,-1,0.013023,0.004724,0.017628,0.045297
29,3236,-7.053894,364.687822,15.701065,8.245491,1,-1,-1,-1,0.082946,0.061816,0.807837,0.291849
29,3150,124.349053,130.589500,14.811862,7.181063,1,-1,-1,-1,0.003141,0.002675,0.139624,0.049380
30,3276,267.899293,310.190200,7.798175,16.235868,1,-1,-1,-1,0.302060,0.063270,1.764954,0.343736
30,3274,57.603051,478.006091,8.017657,16.405295,1,-1,-1,-1,0.366924,0.073224,1.857257,0.431424
30,3273,57.172197,431.408708,7.950626,16.292888,1,-1,-1,-1,0.006322,0.004114,0.289888,0.065026
30,3272,48.988475,210.266257,8.747428,18.203946,1,-1,-1,-1,0.109252,0.077479,1.794076,0.463454
30,3267,63.540948,229.739797,7.665284,15.997674,1,-1,-1,-1,0.094683,0.056611,1.143636,0.388342
30,3261,48.318999,183.485590,8.231353,15.264358,1,-1,-1,-1,0.112230,0.087155,1.035652,0.405608
30,3259,268.386571,252.085245,6.019994,8.890021,1,-1,-1,-1,0.018759,0.006119,0.020625,0.051779
30,3236,-1.435357,364.867522,15.700756,8.236727,1,-1,-1,-1,0.068700,0.051553,0.696843,0.250251
30,3150,124.305170,130.602075,14.889690,7.205710,1,-1,-1,-1,0.003402,0.002784,0.148495,0.053286
31,3277,286.544676,295.055134,8.431777,17.999602,1,-1,-1,-1,0.281736,0.068238,3.028319,0.478818
31,3276,272.680371,302.985141,8.294841,17.520183,1,-1,-1,-1,0.124151,0.033976,1.262428,0.211910
31,3274,62.776165,477.709371,8.055559,16.272174,1,-1,-1,-1,0.403943,0.090095,1.812211,0.501127
31,3273,62.155470,431.410802,7.958838,16.298380,1,-1,-1,-1,0.006573,0.004236,0.283039,0.066882
31,3272,53.959714,212.005808,8.606670,19.203488,1,-1,-1,-1,0.070163,0.059476,1.099691,0.245675
31,3267,68.659771,233.014281,7.989022,15.886948,1,-1,-1,-1,0.140990,0.119241,1.416756,0.605087
31,3261,53.854532,182.857870,7.936063,15.187814,1,-1,-1,-1,0.086555,0.062639,0.891998,0.308083
31,3259,273.333098,242.650334,6.029962,8.918901,1,-1,-1,-1,0.040954,0.010460,0.030794,0.072014
31,3236,3.603026,364.734925,15.619839,8.238338,1,-1,-1,-1,0.076106,0.050544,0.722808,0.258758
31,3150,124.308988,130.599938,14.862075,7.210121,1,-1,-1,-1,0.003048,0.002596,0.139743,0.049863
32,3277,290.782319,294.122962,8.374905,18.004846,1,-1,-1,-1,0.150540,0.054218,2.168051,0.418029
32,3274,67.333502,477.969754,8.034641,16.372100,1,-1,-1,-1,0.331940,0.085456,1.746692,0.476313
32,3273,66.417661,431.420464,7.959798,16.308995,1,-1,-1,-1,0.006905,0.004363,0.281401,0.068154
32,3272,58.389940,211.900604,8.449155,19.049227,1,-1,-1,-1,0.066545,0.055417,0.998080,0.246483
32,3267,73.618427,236.310893,7.636994,15.802550,1,-1,-1,-1,0.121085,0.076601,1.181734,0.486308
32,3261,58.060279,182.764987,7.747865,15.195408,1,-1,-1,-1,0.100104,0.068717,0.917211,0.331969
32,3259,277.470641,233.195838,6.020196,8.900512,1,-1,-1,-1,0.023516,0.007244,0.023422,0.057005
32,3236,7.870790,364.723484,15.612023,8.219687,1,-1,-1,-1,0.088373,0.066578,0.784318,0.293594
32,3150,124.319505,130.599911,14.850952,7.210176,1,-1,-1,-1,0.003368,0.002784,0.144594,0.052284
33,3282,79.437492,319.349751,7.778158,16.743834,1,-1,-1,-1,0.267003,0.082886,3.127372,0.699944
33,3277,294.274476,294.505457,8.222087,17.810596,1,-1,-1,-1,0.165536,0.064126,2.145750,0.538953
33,3274,70.837853,477.540489,7.793837,15.990245,1,-1,-1,-1,0.323707,0.068467,1.296178,0.417829
33,3273,69.959201,431.409317,7.960450,16.301504,1,-1,-1,-1,0.006568,0.004192,0.270661,0.066270
33,3272,61.885560,210.350232,8.409899,18.102862,1,-1,-1,-1,0.176559,0.120248,1.616048,0.539519
33,3267,76.447382,239.817207,7.797329,15.912668,1,-1,-1,-1,0.164966,0.115751,1.471246,0.587117
33,3261,61.363465,183.924968,8.584051,15.903991,1,-1,-1,-1,0.087924,0.058458,0.979547,0.405395
33,3259,280.903303,223.684630,6.010143,8.880473,1,-1,-1,-1,0.018385,0.006179,0.020813,0.050831
33,3236,11.447272,364.736780,15.747789,8.179744,1,-1,-1,-1,0.057357,0.043360,0.648115,0.215966
33,3150,124.301642,130.600356,14.886711,7.209286,1,-1,-1,-1,0.002929,0.002571,0.139644,0.048455
34,3282,82.412634,319.552228,7.976990,17.062049,1,-1,-1,-1,0.236192,0.069596,2.649880,0.575209
34,3277,297.454876,293.508559,8.431704,17.551758,1,-1,-1,-1,0.389038,0.126389,2.707175,0.551999
34,3274,73.651752,477.806353,7.738393,16.048798,1,-1,-1,-1,0.312526,0.065720,1.219332,0.392821
34,3273,72.789587,431.429150,7.933188,16.321512,1,-1,-1,-1,0.006310,0.004109,0.267875,0.066262
34,3272,65.139676,210.251743,7.996491,17.369461,1,-1,-1,-1,0.103792,0.078045,1.368301,0.416635
34,3267,80.062406,241.705997,7.492954,15.412863,1,-1,-1,-1,0.089987,0.071543,0.940556,0.404783
34,3261,63.932153,183.249562,8.303043,15.881569,1,-1,-1,-1,0.073484,0.054110,0.839472,0.291566
34,3259,283.618780,214.213927,6.019757,8.889889,1,-1,-1,-1,0.018381,0.005997,0.020404,0.051792
34,3236,14.230267,364.764405,15.690092,8.166679,1,-1,-1,-1,0.054084,0.041681,0.565173,0.201637
34,3150,124.318665,130.599446,14.862644,7.201128,1,-1,-1,-1,0.002522,0.002326,0.130003,0.044030
35,3285,375.858198,118.699413,21.228666,11.588753,1,-1,-1,-1,0.069239,0.046261,1.393841,0.138409
35,3282,84.327806,319.549693,8.139984,17.382627,1,-1,-1,-1,0.233710,0.060555,2.279953,0.542283
35,3277,299.470699,293.897187,8.244024,17.650572,1,-1,-1,-1,0.094009,0.040732,1.592405,0.367734
35,3274,76.003349,477.744139,7.720009,16.114330,1,-1,-1,-1,0.338580,0.068158,1.212885,0.405089
35,3273,74.874611,431.453340,7.946741,16.353035,1,-1,-1,-1,0.006185,0.005115,0.277290,0.070748
35,3272,67.113225,210.893910,8.183618,17.403622,1,-1,-1,-1,0.117171,0.085383,1.459227,0.445808
35,3261,66.198592,184.324944,8.719754,16.227069,1,-1,-1,-1,0.087647,0.067923,1.008696,0.401571
35,3259,285.663966,204.803944,6.020110,8.899624,1,-1,-1,-1,0.024432,0.007243,0.023864,0.058034
35,3236,16.401224,364.802787,15.707614,8.224688,1,-1,-1,-1,0.070498,0.047683,0.680019,0.244709
35,3150,124.312033,130.610726,14.895871,7.208468,1,-1,-1,-1,0.003436,0.002812,0.148218,0.052769
36,3289,332.705166,131.292329,18.300245,8.526280,1,-1,-1,-1,0.109481,0.079299,2.158594,0.364605
36,3285,376.891906,118.653205,21.295209,11.588937,1,-1,-1,-1,0.126032,0.089766,1.696486,0.207742
36,3282,85.947645,318.898804,7.989271,16.854409,1,-1,-1,-1,0.320047,0.093202,2.407094,0.696865
36,3277,301.267517,291.896522,7.941425,16.779231,1,-1,-1,-1,0.294489,0.092684,1.748863,0.611265
36,3274,77.340119,477.871552,7.796515,16.026743,1,-1,-1,-1,0.295141,0.064949,1.131412,0.400370
36,3273,76.265570,431.407661,7.969252,16.295291,1,-1,-1,-1,0.006372,0.004149,0.263089,0.066280
36,3272,68.846641,209.236419,7.981297,16.220825,1,-1,-1,-1,0.067007,0.052165,0.937251,0.288619
36,3261,68.066020,183.910505,8.198833,16.563996,1,-1,-1,-1,0.115522,0.086693,1.195812,0.438259
36,3259,286.942904,196.009346,6.019913,8.890343,1,-1,-1,-1,0.019690,0.006240,0.021425,0.052804
36,3236,17.945491,364.779209,15.719017,8.263355,1,-1,-1,-1,0.080454,0.061113,0.764181,0.286159
36,3150,124.299904,130.599729,14.900247,7.200624,1,-1,-1,-1,0.002843,0.002926,0.140882,0.050821
37,3292,287.057227,249.825215,7.935073,17.131005,1,-1,-1,-1,0.199564,0.063959,1.846281,0.289225
37,3289,333.287101,131.659847,17.985111,8.597797,1,-1,-1,-1,0.100400,0.068392,1.847939,0.380337
37,3285,377.594703,118.811174,21.385050,11.920433,1,-1,-1,-1,0.146666,0.091191,1.786650,0.224181
37,3282,87.264285,319.380151,7.955323,17.017666,1,-1,-1,-1,0.615464,0.149702,3.147236,0.920900
37,3277,302.280036,295.316137,8.283717,17.604559,1,-1,-1,-1,0.368406,0.091227,1.996095,0.542888
37,3274,77.802579,477.781816,7.957555,16.112703,1,-1,-1,-1,0.301833,0.073368,1.202247,0.438141
37,3273,76.937087,431.408903,7.952416,16.302156,1,-1,-1,-1,0.006763,0.004275,0.268096,0.067516
37,3272,69.275262,212.550452,8.415751,17.761110,1,-1,-1,-1,0.130953,0.095961,1.197359,0.338130
37,3261,68.432530,184.613461,8.439140,16.733650,1,-1,-1,-1,0.105668,0.081303,1.277036,0.488971
37,3259,287.521522,187.965509,6.020100,8.899669,1,-1,-1,-1,0.020679,0.006240,0.021633,0.052791
37,3236,18.674828,364.748610,15.739031,8.288293,1,-1,-1,-1,0.095127,0.064729,0.844164,0.323225
37,3150,124.309548,130.599893,14.890873,7.200211,1,-1,-1,-1,0.003172,0.002675,0.143254,0.051302
38,3298,299.675830,80.801719,7.934886,16.969075,1,-1,-1,-1,0.270755,0.082895,3.110885,0.591362
38,3292,287.423827,241.030833,7.719255,15.708744,1,-1,-1,-1,0.476445,0.102692,1.471488,0.458595
38,3291,301.403997,266.703860,7.874205,17.632859,1,-1,-1,-1,0.142918,0.050569,2.103207,0.470597
38,3289,333.541648,131.458857,18.018266,8.605883,1,-1,-1,-1,0.054659,0.036644,1.124728,0.221955
38,3285,378.069115,118.475005,21.170654,11.268210,1,-1,-1,-1,0.066781,0.042338,1.068073,0.119689
38,3282,86.745720,319.231489,8.157019,16.820101,1,-1,-1,-1,0.303753,0.090827,2.680707,0.760397
38,3277,302.450151,294.558825,8.273978,17.662351,1,-1,-1,-1,0.369336,0.093699,2.165006,0.621543
38,3274,78.397064,477.498360,7.818472,16.100442,1,-1,-1,-1,0.299019,0.075460,1.228686,0.441771
38,3273,76.997792,431.397987,7.951232,16.274207,1,-1,-1,-1,0.006371,0.004149,0.258927,0.066267
38,3272,69.176206,212.316144,8.823503,17.852594,1,-1,-1,-1,0.170246,0.116646,1.604077,0.507954
38,3261,68.510860,184.942120,8.466732,17.076183,1,-1,-1,-1,0.111494,0.084341,1.346210,0.468636
38,3259,287.531684,180.571887,6.010264,8.890118,1,-1,-1,-1,0.020276,0.006493,0.021630,0.054316
38,3236,18.622276,364.702453,15.632597,8.179027,1,-1,-1,-1,0.064286,0.049116,0.667850,0.237459
38,3150,124.327598,130.588873,14.854804,7.182344,1,-1,-1,-1,0.003018,0.002596,0.139542,0.049386
39,3298,299.470451,80.866021,7.881227,16.598349,1,-1,-1,-1,0.202372,0.071748,2.562130,0.602838
39,3296,300.977497,213.788336,8.098680,18.169816,1,-1,-1,-1,0.722927,0.152688,4.237386,0.837738
39,3292,287.366574,233.661281,7.621364,14.885333,1,-1,-1,-1,0.179787,0.053039,0.695399,0.249649
39,3291,301.434039,267.003609,8.046479,17.964287,1,-1,-1,-1,0.338609,0.114219,2.498616,0.574117
39,3289,333.734237,131.540066,18.310735,8.648366,1,-1,-1,-1,0.114370,0.070920,1.411820,0.343142
39,3285,377.683834,119.573661,20.754205,11.564292,1,-1,-1,-1,0.185818,0.143594,1.914011,0.453919
39,3282,86.602450,319.913916,8.102184,17.496422,1,-1,-1,-1,0.270174,0.075634,2.200292,0.617552
39,3277,302.724120,295.308976,8.293618,17.861890,1,-1,-1,-1,0.617859,0.118839,2.471184,0.728618
39,3274,78.089416,477.937405,7.996951,16.266255,1,-1,-1,-1,0.305581,0.071295,1.219065,0.436006
39,3273,76.987111,431.443941,7.948036,16.331414,1,-1,-1,-1,0.006184,0.005165,0.270873,0.070748
39,3272,69.015219,212.486793,9.038459,18.851154,1,-1,-1,-1,0.107146,0.072799,1.206963,0.298123
39,3261,68.435353,184.812879,8.672557,17.215892,1,-1,-1,-1,0.126589,0.089176,1.427217,0.492434
39,3259,287.474733,173.916465,6.010005,8.889992,1,-1,-1,-1,0.025651,0.007611,0.024564,0.060275
39,3236,18.449544,364.804400,15.708800,8.292280,1,-1,-1,-1,0.056191,0.038213,0.610943,0.205626
39,3150,124.321013,130.590479,14.867974,7.189006,1,-1,-1,-1,0.003048,0.002596,0.140707,0.049382
40,3298,299.402291,80.684341,7.766407,16.412934,1,-1,-1,-1,0.156477,0.055592,1.993934,0.510129
40,3296,300.804525,211.834120,7.969129,17.662341,1,-1,-1,-1,0.492332,0.114416,3.847220,0.837072
40,3292,287.436903,228.770069,7.799431,15.497724,1,-1,-1,-1,0.065005,0.028645,0.542328,0.167919
40,3291,301.433999,267.765974,8.091631,18.619561,1,-1,-1,-1,0.109123,0.050378,1.500371,0.310470
40,3289,333.530054,131.995401,18.629532,9.129496,1,-1,-1,-1,0.182515,0.091384,1.806831,0.432377
40,3285,377.526006,120.198924,21.047681,12.407573,1,-1,-1,-1,0.200012,0.139777,2.328023,0.471456
40,3282,86.538803,319.342735,7.983017,17.379562,1,-1,-1,-1,0.224907,0.078394,2.041152,0.641043
40,3277,301.648458,293.930799,8.256840,17.516304,1,-1,-1,-1,0.273976,0.090345,2.189923,0.617558
40,3274,78.013335,477.796906,8.065994,16.334248,1,-1,-1,-1,0.333164,0.076813,1.246537,0.457004
40,3273,76.993190,431.396621,7.951682,16.277331,1,-1,-1,-1,0.006122,0.004027,0.255861,0.063836
40,3272,68.971450,211.772546,9.039422,18.929482,1,-1,-1,-1,0.137249,0.101424,1.436515,0.424741
40,3267,84.434319,255.177190,8.017340,16.004789,1,-1,-1,-1,0.147289,0.115261,1.449064,0.647390
40,3261,68.536678,184.194065,8.693696,16.977672,1,-1,-1,-1,0.156876,0.119544,1.461645,0.580959
40,3259,287.401703,167.982772,6.009883,8.880378,1,-1,-1,-1,0.024669,0.007611,0.023621,0.058611
40,3236,18.520207,364.824330,15.710353,8.290332,1,-1,-1,-1,0.070490,0.047213,0.679055,0.242928
40,3150,124.320193,130.590089,14.869614,7.189813,1,-1,-1,-1,0.003141,0.002649,0.143208,0.050331
41,3294,70.211393,259.051770,9.224520,19.141918,1,-1,-1,-1,0.241788,0.162832,3.025323,0.736342
41,3292,287.194342,223.197687,7.688224,15.835755,1,-1,-1,-1,0.278512,0.072068,1.040263,0.383604
41,3289,333.181779,131.594191,18.729423,9.130310,1,-1,-1,-1,0.071976,0.045222,1.202034,0.270107
41,3282,86.612380,319.451556,8.045696,17.361867,1,-1,-1,-1,0.221285,0.062481,1.897684,0.590797
41,3274,77.901728,477.754538,8.010218,16.336926,1,-1,-1,-1,0.301612,0.064836,1.125814,0.404476
41,3273,76.992688,431.421241,7.949431,16.297250,1,-1,-1,-1,0.006061,0.004026,0.256954,0.064413
41,3272,69.020442,212.192146,8.955486,19.183688,1,-1,-1,-1,0.133981,0.091827,1.298605,0.341604
41,3267,84.230238,256.530340,7.604289,15.911174,1,-1,-1,-1,0.089627,0.060758,0.950621,0.414772
41,3261,68.323966,184.880488,8.635786,17.258070,1,-1,-1,-1,0.108869,0.082182,1.372392,0.454380
41,3259,286.890985,162.815390,6.409833,9.150084,1,-1,-1,-1,0.014506,0.005165,0.018666,0.047552
41,3236,18.655973,364.765987,15.502609,8.258802,1,-1,-1,-1,0.052073,0.040101,0.567746,0.194036
41,3150,124.319681,130.589950,14.860668,7.190091,1,-1,-1,-1,0.003110,0.002622,0.141981,0.050334
42,3292,286.515409,218.170395,8.080640,16.254559,1,-1,-1,-1,0.680706,0.203353,1.966795,0.704023
42,3289,333.363512,132.684963,18.635578,9.742113,1,-1,-1,-1,0.269919,0.224754,2.145361,0.644872
42,3282,86.524277,319.015397,7.993017,17.008960,1,-1,-1,-1,0.244188,0.076074,1.864891,0.648288
42,3274,77.881146,477.959036,7.935210,16.423037,1,-1,-1,-1,0.309501,0.067914,1.158008,0.408961
42,3273,76.991762,431.420850,7.949506,16.308272,1,-1,-1,-1,0.006307,0.004149,0.260851,0.065637
42,3272,68.662132,212.693250,9.177012,19.468225,1,-1,-1,-1,0.135097,0.096968,1.333653,0.354559
42,3267,84.533917,257.460382,7.515128,15.838185,1,-1,-1,-1,0.140511,0.098485,1.107448,0.545168
42,3261,68.343294,184.175040,8.554709,17.006873,1,-1,-1,-1,0.107444,0.081973,1.205268,0.446380
42,3259,286.054567,157.872534,7.198200,9.641427,1,-1,-1,-1,0.017839,0.005878,0.020188,0.051294
42,3236,18.696432,364.728477,15.477794,8.136155,1,-1,-1,-1,0.057233,0.041667,0.558124,0.199359
42,3150,124.320037,130.590020,14.859925,7.189952,1,-1,-1,-1,0.003172,0.002649,0.143203,0.050815
43,3292,285.856915,212.021304,8.789401,17.228160,1,-1,-1,-1,0.566724,0.139085,2.287224,0.602654
43,3289,333.331516,132.103265,18.760017,10.006300,1,-1,-1,-1,0.405428,0.329828,3.161641,0.973813
43,3282,86.448503,319.170662,7.937514,16.847668,1,-1,-1,-1,0.203270,0.066713,1.712763,0.599341
43,3274,77.689596,477.842519,7.935437,16.421367,1,-1,-1,-1,0.283541,0.062373,1.101735,0.386502
43,3273,76.979486,431.420751,7.949594,16.318469,1,-1,-1,-1,0.005654,0.004865,0.260702,0.069436
43,3272,68.695175,212.455791,9.207168,19.532658,1,-1,-1,-1,0.100077,0.073345,1.093963,0.280317
43,3267,84.166729,258.520589,7.751503,15.651973,1,-1,-1,-1,0.111742,0.077587,1.057314,0.487308
43,3261,68.088353,183.703373,8.778315,16.850847,1,-1,-1,-1,0.079898,0.058381,1.017512,0.380789
43,3259,285.151761,152.724128,7.355958,9.731381,1,-1,-1,-1,0.022804,0.006891,0.022931,0.055878
43,3236,18.518595,364.729464,15.522068,8.170853,1,-1,-1,-1,0.081868,0.055547,0.715964,0.273006
43,3150,124.320486,130.590120,14.868998,7.189753,1,-1,-1,-1,0.003204,0.002675,0.143210,0.051792
44,3292,286.528441,204.909197,8.522025,17.416343,1,-1,-1,-1,0.292776,0.156348,2.652997,0.900329
44,3289,333.574660,131.724409,19.076432,10.218270,1,-1,-1,-1,0.356575,0.254526,4.015176,1.060815
44,3282,86.678798,319.738692,7.947822,16.952121,1,-1,-1,-1,0.346355,0.089099,2.006177,0.716184
44,3274,77.773005,477.998318,8.082667,16.339581,1,-1,-1,-1,0.328027,0.078149,1.189020,0.457983
44,3273,76.970001,431.422033,7.967043,16.325908,1,-1,-1,-1,0.005825,0.004914,0.264665,0.069452
44,3272,69.026496,209.745017,8.835140,18.316331,1,-1,-1,-1,0.109358,0.084253,1.177187,0.434220
44,3267,84.575358,259.938270,7.784369,15.736800,1,-1,-1,-1,0.275266,0.264659,1.567141,0.774519
44,3261,67.937114,183.189147,8.836473,16.893080,1,-1,-1,-1,0.100514,0.074531,1.079518,0.398372
44,3236,18.416348,364.827789,15.714921,8.261394,1,-1,-1,-1,0.086713,0.059977,0.808030,0.301206
44,3150,124.329310,130.599524,14.861355,7.180918,1,-1,-1,-1,0.002900,0.002926,0.140703,0.051304
45,3294,70.356412,258.053193,8.967560,19.535123,1,-1,-1,-1,0.280328,0.201161,2.981643,0.802297
45,3292,286.506423,196.904638,8.156950,16.469883,1,-1,-1,-1,0.427134,0.389407,2.983149,1.489494
45,3282,86.440841,319.499562,7.941397,17.218312,1,-1,-1,-1,0.294707,0.094318,2.006829,0.676361
45,3274,77.633906,478.003266,8.188579,16.364576,1,-1,-1,-1,0.286384,0.067300,1.120036,0.425328
45,3273,76.978395,431.375909,7.962965,16.278774,1,-1,-1,-1,0.007543,0.004583,0.273221,0.070104
45,3272,69.169571,209.061182,8.498873,17.631200,1,-1,-1,-1,0.137089,0.101416,1.304987,0.508011
45,3261,68.071126,182.055943,8.817144,16.820776,1,-1,-1,-1,0.133301,0.102237,1.217321,0.536089
45,3236,18.382739,364.865336,15.847657,8.331400,1,-1,-1,-1,0.063643,0.049101,0.707321,0.246578
45,3150,124.329955,130.590327,14.850121,7.189366,1,-1,-1,-1,0.003018,0.002571,0.139422,0.049859
46,3292,286.074020,192.064489,8.367651,15.988415,1,-1,-1,-1,0.319245,0.346327,2.711718,1.606187
46,3282,86.407985,319.249575,7.840888,16.549254,1,-1,-1,-1,0.228081,0.072654,1.659223,0.606879
46,3274,77.766621,477.982004,8.241532,16.230885,1,-1,-1,-1,0.245445,0.073198,1.105705,0.446666
46,3273,76.980517,431.436153,7.966040,16.356859,1,-1,-1,-1,0.007249,0.004448,0.275568,0.069455
46,3272,68.813968,210.600745,8.663281,18.492047,1,-1,-1,-1,0.084665,0.063053,0.994421,0.253157
46,3261,68.212105,180.739804,8.721183,17.243526,1,-1,-1,-1,0.132551,0.106289,1.417168,0.580220
46,3236,18.284347,364.804921,15.904920,8.334312,1,-1,-1,-1,0.077445,0.058828,0.764995,0.281871
46,3150,124.320117,130.590057,14.849821,7.189881,1,-1,-1,-1,0.003048,0.002596,0.140626,0.049855
47,3292,286.150492,188.191487,8.062139,15.704984,1,-1,-1,-1,0.260032,0.229820,2.266350,1.440795
47,3282,86.491751,319.541743,7.945478,16.728728,1,-1,-1,-1,0.197277,0.053567,1.646681,0.553220
47,3274,77.679865,478.069621,8.145517,16.419013,1,-1,-1,-1,0.310463,0.073219,1.173958,0.445650
47,3273,76.986520,431.395697,7.954010,16.319157,1,-1,-1,-1,0.008006,0.004722,0.279887,0.071426
47,3272,68.821149,208.918562,8.578824,18.697196,1,-1,-1,-1,0.110169,0.086545,1.116386,0.330746
47,3261,68.412762,177.981643,8.488063,16.855813,1,-1,-1,-1,0.143599,0.109272,1.314308,0.535771
47,3236,18.439948,364.734315,15.762264,8.289889,1,-1,-1,-1,0.078243,0.052499,0.744028,0.270606
47,3150,124.330459,130.600098,14.858999,7.189746,1,-1,-1,-1,0.002929,0.002956,0.140635,0.050333
48,3310,298.291835,81.158568,10.025838,20.646275,1,-1,-1,-1,0.611876,0.397973,10.228535,1.256570
48,3307,266.929647,134.301734,10.318695,8.639903,1,-1,-1,-1,0.010611,0.004073,0.015738,0.040376
48,3292,286.155639,183.853261,7.883632,15.256511,1,-1,-1,-1,0.297905,0.249936,2.106424,1.418590
48,3282,86.323068,319.069215,7.925661,16.429018,1,-1,-1,-1,0.213849,0.067203,1.482426,0.568158
48,3274,77.475985,478.296977,8.333065,16.625463,1,-1,-1,-1,0.311583,0.076013,1.243945,0.451742
48,3273,76.986355,431.329969,7.955660,16.191284,1,-1,-1,-1,0.009571,0.005268,0.282125,0.074841
48,3272,68.755840,207.626670,8.545881,18.293353,1,-1,-1,-1,0.098013,0.071232,1.109104,0.321073
48,3261,69.052656,175.365661,8.020733,16.480188,1,-1,-1,-1,0.137502,0.100653,1.220766,0.483052
48,3236,18.516345,364.771221,15.690928,8.275667,1,-1,-1,-1,0.065445,0.048616,0.657865,0.237633
48,3150,124.329743,130.599641,14.860518,7.180745,1,-1,-1,-1,0.002900,0.002926,0.140626,0.050815
49,3307,262.322958,132.005775,9.566000,7.155898,1,-1,-1,-1,0.014696,0.005171,0.018757,0.047514
49,3292,286.353655,181.176132,7.940729,15.323986,1,-1,-1,-1,0.084666,0.067881,0.974149,0.473406
49,3282,86.339557,319.615309,7.961112,16.642958,1,-1,-1,-1,0.183722,0.061763,1.537334,0.570145
49,3274,77.385177,477.944830,8.262107,16.679906,1,-1,-1,-1,0.311567,0.072539,1.213931,0.436914
49,3273,76.979493,431.370200,7.950244,16.199005,1,-1,-1,-1,0.010995,0.005705,0.293399,0.079146
49,3272,68.705273,206.945241,8.426940,18.435297,1,-1,-1,-1,0.108295,0.079633,1.150661,0.330316
49,3261,69.044156,173.008536,7.801165,15.965755,1,-1,-1,-1,0.085437,0.069293,0.858433,0.324136
49,3236,18.161806,364.915090,15.945709,8.331595,1,-1,-1,-1,0.110934,0.078027,0.948140,0.380219
49,3150,124.329993,130.590344,14.850045,7.189334,1,-1,-1,-1,0.003204,0.002675,0.141859,0.050335
50,3307,257.239046,131.179677,9.462186,6.944692,1,-1,-1,-1,0.024274,0.007396,0.023260,0.058571
50,3292,285.903049,178.929469,8.123785,15.442586,1,-1,-1,-1,0.068035,0.052047,0.666719,0.292036
50,3282,86.263366,319.544691,7.994371,16.373553,1,-1,-1,-1,0.178333,0.056681,1.385927,0.524081
50,3274,77.633389,478.072486,8.173394,16.817566,1,-1,-1,-1,0.236019,0.057247,1.131746,0.369053
50,3273,76.980125,431.441605,7.943823,16.345385,1,-1,-1,-1,0.009018,0.005113,0.291495,0.074185
50,3272,68.856603,204.923775,8.296859,18.658736,1,-1,-1,-1,0.098895,0.079675,1.160325,0.358984
50,3261,69.221177,170.366079,7.787410,15.894153,1,-1,-1,-1,0.115253,0.095820,0.975250,0.404666
50,3236,18.594318,365.463787,15.667831,8.759345,1,-1,-1,-1,0.097094,0.063560,0.875501,0.357200
50,3150,124.320934,130.590234,14.868133,7.189528,1,-1,-1,-1,0.003141,0.002622,0.141870,0.050334
51,3307,252.107055,130.548872,9.194904,6.512027,1,-1,-1,-1,0.022201,0.006966,0.022562,0.055898
51,3292,286.519915,177.601578,8.094655,15.821520,1,-1,-1,-1,0.090791,0.078827,0.998155,0.501167
51,3282,86.185427,319.407742,8.028286,16.531776,1,-1,-1,-1,0.241340,0.069129,1.587727,0.607475
51,3274,77.497644,477.573606,8.278667,16.847506,1,-1,-1,-1,0.283990,0.068476,1.223513,0.423243
51,3273,76.964539,431.105701,7.938197,16.411158,1,-1,-1,-1,0.005067,0.004583,0.262565,0.066293
51,3272,68.929011,202.488368,8.346954,18.322821,1,-1,-1,-1,0.098818,0.076032,1.172772,0.347939
51,3261,69.316657,166.760190,7.908870,15.483188,1,-1,-1,-1,0.204030,0.177564,1.237778,0.615074
51,3236,18.578250,365.408249,15.993675,9.087595,1,-1,-1,-1,0.138025,0.088140,1.104660,0.520268
51,3150,124.319743,130.589971,14.860543,7.190055,1,-1,-1,-1,0.003048,0.002596,0.140621,0.049384
52,3307,246.751429,129.958281,8.804428,5.926740,1,-1,-1,-1,0.023302,0.007175,0.023219,0.058597
52,3292,286.327053,175.499662,7.863076,15.772493,1,-1,-1,-1,0.237780,0.194615,1.361374,0.688347
52,3282,86.336684,319.078137,8.048215,16.321610,1,-1,-1,-1,0.247763,0.075280,1.498758,0.597608
52,3274,77.775196,477.687936,7.879183,16.623121,1,-1,-1,-1,0.169495,0.044194,1.006997,0.331243
52,3273,76.936835,430.411040,7.953785,16.493567,1,-1,-1,-1,0.005710,0.004963,0.278461,0.070091
52,3272,68.421618,201.071795,8.623364,18.485988,1,-1,-1,-1,0.117509,0.082678,1.133971,0.307588
52,3261,69.175147,164.159861,8.527675,15.713881,1,-1,-1,-1,0.193073,0.137838,1.312419,0.687561
52,3236,17.797762,364.976561,15.758563,9.167488,1,-1,-1,-1,0.241435,0.197943,1.349278,0.802331
52,3150,124.320437,130.600078,14.869099,7.189788,1,-1,-1,-1,0.002843,0.002897,0.140594,0.050813
53,3315,284.934702,53.620866,8.294356,16.168720,1,-1,-1,-1,0.212019,0.139856,2.237384,0.530958
53,3314,285.723624,79.131672,7.803003,15.442475,1,-1,-1,-1,0.159342,0.122689,1.827086,0.509541
53,3307,240.891279,129.963746,8.805751,5.911299,1,-1,-1,-1,0.018948,0.006180,0.021037,0.053309
53,3292,286.240815,175.232629,8.015233,15.607227,1,-1,-1,-1,0.089252,0.064546,0.873830,0.360528
53,3282,86.362030,319.871710,8.069647,17.040958,1,-1,-1,-1,0.182743,0.068550,1.553756,0.573992
53,3274,77.668104,478.154908,7.983767,17.535493,1,-1,-1,-1,0.093962,0.033035,0.805677,0.196067
53,3273,76.885223,429.310226,8.095819,16.528412,1,-1,-1,-1,0.005653,0.004914,0.274693,0.069455
53,3272,68.520825,198.651260,8.702732,19.131993,1,-1,-1,-1,0.079927,0.058930,0.914991,0.240855
53,3261,69.475223,160.744492,8.638729,15.861473,1,-1,-1,-1,0.184688,0.162355,1.371484,0.716810
53,3236,17.970706,364.643135,15.959540,8.663789,1,-1,-1,-1,0.092627,0.067675,0.869687,0.337191
53,3150,124.329255,130.599864,14.851491,7.190273,1,-1,-1,-1,0.003048,0.002596,0.140587,0.049858
54,3315,285.113477,53.589165,8.575268,16.087884,1,-1,-1,-1,0.225333,0.170451,2.227964,0.638124
54,3314,285.574308,78.719681,8.188969,15.393326,1,-1,-1,-1,0.221990,0.159777,2.175210,0.693850
54,3307,234.737065,129.966280,8.809671,5.913104,1,-1,-1,-1,0.013410,0.004866,0.017791,0.045758
54,3292,286.304679,175.373093,7.751473,15.465178,1,-1,-1,-1,0.060716,0.045927,0.565730,0.230864
54,3282,85.998738,319.550945,8.596235,16.906344,1,-1,-1,-1,0.259701,0.082638,1.709541,0.622763
54,3274,77.366627,478.927297,8.358751,17.682914,1,-1,-1,-1,0.386225,0.121988,1.457514,0.532805
54,3273,76.779437,428.399505,8.635797,16.637420,1,-1,-1,-1,0.006307,0.005268,0.278802,0.072770
54,3272,68.330974,195.154030,8.625035,19.104370,1,-1,-1,-1,0.064226,0.054544,0.828567,0.232767
54,3261,69.621185,156.576674,9.208414,16.213192,1,-1,-1,-1,0.089771,0.072192,0.986687,0.464955
54,3236,18.560411,364.656701,15.860533,8.338076,1,-1,-1,-1,0.105293,0.082620,0.906222,0.394660
54,3150,124.330817,130.600180,14.868310,7.189642,1,-1,-1,-1,0.003110,0.003046,0.143072,0.052284
55,3319,300.945799,212.137089,7.761260,15.139219,1,-1,-1,-1,0.274222,0.269538,2.917200,0.788955
55,3314,285.657876,79.186373,7.850442,15.449169,1,-1,-1,-1,0.142959,0.099860,1.490354,0.456553
55,3307,228.267975,129.966870,8.811012,5.913969,1,-1,-1,-1,0.012888,0.004818,0.017439,0.044877
55,3292,286.774957,174.904711,7.667188,15.343142,1,-1,-1,-1,0.133913,0.090521,0.881759,0.390158
55,3282,85.858336,320.024976,8.900897,17.112986,1,-1,-1,-1,0.458214,0.158479,2.162717,0.858346
55,3274,77.207296,479.775980,9.234692,18.547504,1,-1,-1,-1,0.349223,0.078400,1.454709,0.347478
55,3273,76.526070,428.149737,9.481133,16.819822,1,-1,-1,-1,0.004967,0.004492,0.251264,0.066287
55,3272,68.336184,188.999351,8.464331,17.095319,1,-1,-1,-1,0.060053,0.047242,0.774445,0.276841
55,3261,70.236726,152.965526,10.248537,16.480074,1,-1,-1,-1,0.101489,0.069831,0.884243,0.485506
55,3236,18.413767,364.561347,15.816489,8.173340,1,-1,-1,-1,0.164644,0.141395,1.232042,0.661579
55,3150,124.319753,130.589987,14.860585,7.190074,1,-1,-1,-1,0.003141,0.002622,0.143104,0.050338
56,3319,301.053134,212.005671,7.857397,15.138100,1,-1,-1,-1,0.256625,0.212625,2.551818,0.778140
56,3314,286.151076,79.096544,7.669605,15.354519,1,-1,-1,-1,0.107053,0.084407,1.190211,0.384313
56,3307,221.448409,129.967600,8.812222,5.914780,1,-1,-1,-1,0.011906,0.004493,0.016762,0.043188
56,3292,286.658313,174.837615,7.648738,15.165872,1,-1,-1,-1,0.079272,0.066696,0.713445,0.302573
56,3282,85.811493,319.178033,8.962199,16.976735,1,-1,-1,-1,0.288786,0.098265,1.896569,0.732573
56,3274,76.766924,478.449252,9.455964,18.554181,1,-1,-1,-1,0.491642,0.129336,1.664650,0.462715
56,3273,76.078926,428.087052,9.438270,16.924420,1,-1,-1,-1,0.003505,0.003608,0.226738,0.057531
56,3272,68.551507,187.673103,8.321801,17.508324,1,-1,-1,-1,0.071837,0.058823,0.949467,0.327480
56,3261,71.419696,148.214045,10.909862,16.248432,1,-1,-1,-1,0.193574,0.132706,1.035910,0.688728
56,3236,18.990740,364.284279,15.367719,7.906671,1,-1,-1,-1,0.122548,0.100886,1.095266,0.555857
56,3150,124.320430,130.590103,14.869110,7.189791,1,-1,-1,-1,0.003110,0.002622,0.141847,0.050334
57,3314,285.943474,79.081102,7.575420,15.192059,1,-1,-1,-1,0.110397,0.078749,1.010141,0.354829
57,3307,214.427785,129.968089,8.813067,5.915346,1,-1,-1,-1,0.011442,0.004317,0.016432,0.041560
57,3292,286.762767,174.566542,7.650183,15.238274,1,-1,-1,-1,0.271024,0.200645,1.209170,0.659650
57,3282,86.023070,319.497787,8.850747,17.197300,1,-1,-1,-1,0.452189,0.162975,2.257495,0.918382
57,3274,76.727266,477.864773,9.186164,19.216959,1,-1,-1,-1,0.322488,0.091058,1.643210,0.431791
57,3273,75.784414,427.963671,8.813111,16.862066,1,-1,-1,-1,0.006498,0.005374,0.278361,0.073395
57,3272,68.069496,184.451438,8.701948,17.633884,1,-1,-1,-1,0.095912,0.076637,1.203760,0.457331
57,3261,72.325440,143.994020,11.510972,16.168532,1,-1,-1,-1,0.405770,0.314385,1.473653,1.181667
57,3236,18.427458,364.912986,15.856584,8.079950,1,-1,-1,-1,0.093650,0.071950,0.921241,0.373598
57,3150,124.319286,130.599837,14.851483,7.190277,1,-1,-1,-1,0.003018,0.002571,0.139349,0.048915
58,3314,285.549405,79.325416,7.719673,15.466937,1,-1,-1,-1,0.132172,0.115960,1.168205,0.482045
58,3307,207.849332,129.968704,8.804599,5.916130,1,-1,-1,-1,0.009200,0.003718,0.014597,0.037383
58,3292,286.367361,175.250052,8.095524,15.168001,1,-1,-1,-1,0.144215,0.094081,1.116464,0.505145
58,3282,86.241356,319.751600,8.495524,17.836958,1,-1,-1,-1,0.298162,0.108766,2.191375,0.806336
58,3274,76.993795,477.515736,9.009018,19.242901,1,-1,-1,-1,0.194004,0.048693,1.041812,0.205043
58,3273,75.693947,427.690068,8.179573,16.472163,1,-1,-1,-1,0.005767,0.004914,0.255131,0.068822
58,3272,68.010395,180.136852,8.648503,17.864715,1,-1,-1,-1,0.116407,0.092402,1.331229,0.478218
58,3261,74.284652,139.801068,12.594970,16.254372,1,-1,-1,-1,0.222834,0.145885,1.326858,1.036302
58,3236,18.493020,364.562043,15.749771,7.969250,1,-1,-1,-1,0.118499,0.094954,0.960953,0.412048
58,3150,124.320388,130.590114,14.859192,7.189820,1,-1,-1,-1,0.003110,0.002622,0.141778,0.050330
59,3325,69.859760,248.980736,9.313584,20.095219,1,-1,-1,-1,0.187321,0.136250,3.397125,0.596023
59,3320,-1.881387,364.684146,10.063554,7.537934,1,-1,-1,-1,0.541817,0.585793,0.904351,1.088889
59,3314,286.032270,79.599792,7.991487,15.738240,1,-1,-1,-1,0.273432,0.195776,1.702187,0.625846
59,3307,201.705589,129.978664,8.814038,5.916252,1,-1,-1,-1,0.010465,0.004107,0.015949,0.040760
59,3292,286.364710,175.356978,8.062641,15.754535,1,-1,-1,-1,0.138741,0.114223,1.288918,0.575749
59,3282,86.249390,319.065154,8.133871,16.810293,1,-1,-1,-1,0.160893,0.055720,1.449641,0.517947
59,3274,76.882028,477.153607,8.921174,18.955969,1,-1,-1,-1,0.157862,0.044585,0.936620,0.203017
59,3273,75.709164,427.234061,7.945007,16.254696,1,-1,-1,-1,0.005379,0.004722,0.244060,0.067526
59,3272,67.850488,175.951085,8.331926,18.197187,1,-1,-1,-1,0.090207,0.066690,1.122711,0.328992
59,3261,77.094786,135.578527,13.671354,16.249484,1,-1,-1,-1,0.294567,0.201386,1.521904,1.223455
59,3236,18.380130,364.522140,15.710697,8.039438,1,-1,-1,-1,0.066836,0.052080,0.714774,0.260764
59,3150,124.320474,130.600427,14.859051,7.199070,1,-1,-1,-1,0.003204,0.002675,0.143060,0.050334
60,3325,69.767222,244.926132,9.275640,19.055426,1,-1,-1,-1,0.233007,0.180011,3.477141,0.767108
60,3315,307.819945,48.845892,8.412630,13.277810,1,-1,-1,-1,0.337806,0.228877,1.783379,0.998939
60,3314,285.784678,79.025218,7.997626,15.526282,1,-1,-1,-1,0.385303,0.312988,1.937432,0.935543
60,3307,196.030476,129.968760,8.814212,5.916126,1,-1,-1,-1,0.012630,0.004675,0.017426,0.044440
60,3292,286.473888,176.005417,8.246465,16.301673,1,-1,-1,-1,0.226259,0.160503,1.672518,0.699725
60,3282,86.359609,319.380880,8.051781,17.054269,1,-1,-1,-1,0.271231,0.073118,1.666330,0.665589
60,3274,76.852967,476.975968,8.898489,19.018171,1,-1,-1,-1,0.212335,0.042894,0.908936,0.204652
60,3273,75.715735,426.464527,7.880609,16.225112,1,-1,-1,-1,0.004918,0.004448,0.243588,0.065648
60,3272,67.924532,171.045328,8.095935,18.040369,1,-1,-1,-1,0.111188,0.084167,1.256232,0.427994
60,3261,79.914078,131.571290,14.703078,16.205356,1,-1,-1,-1,0.378615,0.300136,2.057912,1.590300
60,3236,18.194975,364.451478,15.803453,8.065196,1,-1,-1,-1,0.117128,0.092220,0.906843,0.385043
60,3150,124.329284,130.599892,14.841431,7.200221,1,-1,-1,-1,0.003018,0.002571,0.138128,0.048915
61,3325,69.630513,243.563199,8.930746,19.358258,1,-1,-1,-1,0.147112,0.111883,2.249419,0.489515
61,3315,291.192417,53.611737,8.547821,14.525432,1,-1,-1,-1,0.363481,0.274463,2.233491,1.122481
61,3314,285.534495,79.903517,8.072011,15.838780,1,-1,-1,-1,0.325715,0.262578,2.146152,0.982112
61,3307,190.805837,129.969008,8.805197,5.916498,1,-1,-1,-1,0.011554,0.004448,0.016426,0.042775
61,3292,286.094417,175.978721,8.403488,16.418226,1,-1,-1,-1,0.131264,0.100109,1.361304,0.563823
61,3282,86.365709,319.293680,8.046338,16.993798,1,-1,-1,-1,0.341822,0.096730,1.816235,0.733273
61,3274,76.805625,476.930037,8.941478,19.138218,1,-1,-1,-1,0.091613,0.023246,0.669742,0.134241
61,3273,75.679753,425.260363,7.872158,16.185753,1,-1,-1,-1,0.004070,0.003947,0.224368,0.060311
61,3272,67.908524,166.711595,7.992831,18.318538,1,-1,-1,-1,0.107406,0.089097,1.257938,0.360320
61,3261,84.312534,127.274822,15.702227,15.558066,1,-1,-1,-1,0.367919,0.266541,2.187209,1.641551
61,3236,18.216772,364.552326,15.712545,8.123769,1,-1,-1,-1,0.175169,0.140305,1.147694,0.537404
61,3150,124.338808,130.599439,14.822383,7.191148,1,-1,-1,-1,0.002843,0.002470,0.134443,0.047080
62,3325,69.536801,239.908413,8.808938,18.073197,1,-1,-1,-1,0.317667,0.261714,2.750661,0.837948
62,3315,285.941672,53.156903,7.653291,15.675120,1,-1,-1,-1,0.114746,0.085386,1.267466,0.446554
62,3314,285.875787,79.751084,7.988690,15.835465,1,-1,-1,-1,0.161890,0.120413,1.463930,0.543211
62,3307,185.991480,129.969045,8.814658,5.916689,1,-1,-1,-1,0.012630,0.004722,0.017424,0.044444
62,3292,286.400963,175.384881,8.112394,16.166944,1,-1,-1,-1,0.099055,0.077564,0.981104,0.418395
62,3282,86.228268,319.415097,8.030236,16.832580,1,-1,-1,-1,0.251140,0.082787,1.744298,0.662553
62,3274,76.794123,476.304328,8.870159,19.041465,1,-1,-1,-1,0.128456,0.042041,0.807005,0.181828
62,3273,75.632618,423.800948,7.866343,16.285438,1,-1,-1,-1,0.004070,0.004026,0.234975,0.062023
62,3272,67.422374,161.265382,8.497951,18.359049,1,-1,-1,-1,0.103514,0.071902,1.174739,0.355853
62,3261,87.152770,124.006897,18.518716,13.529303,1,-1,-1,-1,0.521018,0.242243,2.648916,1.129727
62,3236,18.300307,364.295643,15.695733,7.987226,1,-1,-1,-1,0.287359,0.255346,1.661459,0.879363
62,3150,124.330380,130.589757,14.839238,7.180558,1,-1,-1,-1,0.003048,0.002596,0.139212,0.049377
63,3325,69.550966,238.061070,8.386360,18.604509,1,-1,-1,-1,0.178720,0.128175,2.181850,0.516791
63,3315,285.984311,53.730868,8.179817,15.669968,1,-1,-1,-1,0.283132,0.224922,1.817719,0.845359
63,3314,285.920794,79.226352,7.884960,15.665809,1,-1,-1,-1,0.215140,0.151501,1.399296,0.599457
63,3307,181.576735,129.969201,8.815092,5.916718,1,-1,-1,-1,0.013669,0.004914,0.017945,0.046181
63,3292,286.564052,175.033911,8.041279,16.331236,1,-1,-1,-1,0.111282,0.090720,1.119327,0.442931
63,3282,86.299270,319.887303,8.077245,17.979913,1,-1,-1,-1,0.194157,0.067926,1.537639,0.340012
63,3274,76.661883,476.186709,8.832268,19.233019,1,-1,-1,-1,0.146063,0.031464,0.771824,0.160990
63,3273,75.588922,421.857940,7.863110,16.190841,1,-1,-1,-1,0.002787,0.002495,0.197623,0.051328
63,3272,67.282707,156.169176,8.557994,18.720341,1,-1,-1,-1,0.068058,0.048191,0.921133,0.244442
63,3261,94.674653,119.585221,18.041973,11.541165,1,-1,-1,-1,0.379594,0.132505,1.946144,0.872156
63,3236,17.671712,364.249439,16.294305,7.905093,1,-1,-1,-1,0.245169,0.194110,1.828754,0.840954
63,3150,124.332219,130.600786,14.875435,7.188330,1,-1,-1,-1,0.003505,0.003332,0.149389,0.054824
64,3325,69.322652,235.927762,8.607434,19.306802,1,-1,-1,-1,0.098188,0.071041,1.241039,0.275218
64,3314,286.150046,79.573862,8.054472,15.991554,1,-1,-1,-1,0.300214,0.203922,1.804092,0.672994
64,3307,177.562832,129.969297,8.824981,5.916929,1,-1,-1,-1,0.014080,0.005013,0.018300,0.045744
64,3292,286.699928,174.251988,7.797240,15.871980,1,-1,-1,-1,0.184262,0.153186,1.198387,0.566407
64,3274,76.721301,475.912201,8.830735,19.479944,1,-1,-1,-1,0.154300,0.033668,0.742806,0.156491
64,3273,75.503539,419.768987,7.894115,16.229298,1,-1,-1,-1,0.003368,0.002812,0.210222,0.054829
64,3272,66.926231,148.677629,8.344787,18.303878,1,-1,-1,-1,0.053068,0.043734,0.838977,0.271012
64,3236,17.906549,365.014134,16.307453,8.300614,1,-1,-1,-1,0.097970,0.073683,1.108275,0.429334
64,3150,124.328302,130.589394,14.843516,7.181285,1,-1,-1,-1,0.003079,0.002622,0.140658,0.049867
65,3325,69.366606,231.689965,8.721998,19.096074,1,-1,-1,-1,0.179368,0.134823,1.665147,0.486524
65,3314,285.654248,79.301959,7.886871,15.506023,1,-1,-1,-1,0.113118,0.084197,1.014513,0.391862
65,3307,173.968061,129.969473,8.815752,5.916860,1,-1,-1,-1,0.014792,0.005216,0.018663,0.047074
65,3292,286.984682,177.205845,7.923451,16.819307,1,-1,-1,-1,0.192574,0.168423,1.623482,0.697877
65,3274,76.725259,475.255190,8.831162,19.437071,1,-1,-1,-1,0.203497,0.044131,0.839982,0.188620
65,3273,75.441835,417.342566,7.877623,16.336277,1,-1,-1,-1,0.004030,0.003947,0.238165,0.061423
65,3236,18.285334,364.431540,16.115070,8.069026,1,-1,-1,-1,0.139261,0.100345,1.138049,0.462562
65,3150,124.276237,130.602286,14.947524,7.205306,1,-1,-1,-1,0.003079,0.002596,0.145540,0.050333
66,3329,-1.729562,364.569460,9.763689,7.339055,1,-1,-1,-1,0.067898,0.077673,0.147564,0.242757
66,3325,69.199212,226.422073,8.886711,18.468345,1,-1,-1,-1,0.233624,0.163332,2.080627,0.677870
66,3314,285.569840,79.286397,8.137870,15.560896,1,-1,-1,-1,0.147324,0.103342,1.105845,0.496189
66,3307,170.704990,129.969535,8.815602,5.917035,1,-1,-1,-1,0.015388,0.005374,0.019032,0.047984
66,3292,286.342581,175.790044,7.873823,16.297948,1,-1,-1,-1,0.116309,0.092145,1.137058,0.453514
66,3274,76.574716,475.401020,8.957932,19.685895,1,-1,-1,-1,0.246128,0.043308,0.899023,0.202545
66,3273,75.359748,414.493054,7.881864,16.268706,1,-1,-1,-1,0.004408,0.004190,0.239179,0.063802
66,3236,18.399219,364.548591,15.868805,8.007039,1,-1,-1,-1,0.089510,0.068635,0.867834,0.330762
66,3150,124.315688,130.598901,14.848669,7.202223,1,-1,-1,-1,0.002573,0.002303,0.129835,0.044457
67,3329,-1.679742,364.509377,9.612473,7.396937,1,-1,-1,-1,0.071733,0.078147,0.137746,0.246369
67,3325,69.422676,222.660567,8.973635,18.272456,1,-1,-1,-1,0.233124,0.149804,2.219200,0.642360
67,3314,285.617498,79.501725,8.241771,15.681372,1,-1,-1,-1,0.346055,0.252050,1.581856,0.803020
67,3307,167.758485,129.969762,8.816159,5.917421,1,-1,-1,-1,0.012505,0.004675,0.017420,0.043194
67,3292,286.477943,175.463449,8.114858,16.312606,1,-1,-1,-1,0.354864,0.288698,1.738214,0.950392
67,3282,86.279892,319.538955,8.187407,17.796666,1,-1,-1,-1,0.366869,0.112926,1.957350,0.728152
67,3273,75.252732,411.451920,7.896086,16.301681,1,-1,-1,-1,0.004918,0.004492,0.249058,0.065634
67,3261,125.583139,116.272809,16.038383,7.925997,1,-1,-1,-1,0.277289,0.076031,1.342460,0.584007
67,3236,18.468222,364.557158,15.880444,8.030166,1,-1,-1,-1,0.076848,0.057228,0.820512,0.292754
67,3150,124.302276,130.621622,14.865465,7.236587,1,-1,-1,-1,0.002704,0.002397,0.133120,0.045741
68,3329,-1.421665,364.604064,9.358377,6.837689,1,-1,-1,-1,0.051011,0.043665,0.079234,0.134743
68,3325,68.903478,219.615794,9.545416,18.695903,1,-1,-1,-1,0.217582,0.135468,2.118502,0.621560
68,3314,285.865391,79.352128,7.839326,15.287041,1,-1,-1,-1,0.179935,0.115751,1.256970,0.536321
68,3307,165.202300,129.969949,8.807150,5.917842,1,-1,-1,-1,0.009383,0.003831,0.014734,0.037748
68,3282,86.212013,319.481639,8.247479,17.171667,1,-1,-1,-1,0.477104,0.117555,2.006437,0.787793
68,3273,75.159533,408.016155,7.882118,16.293136,1,-1,-1,-1,0.004152,0.003986,0.235632,0.061459
68,3272,66.372501,123.022912,8.191907,18.681887,1,-1,-1,-1,0.067568,0.059540,1.024754,0.289053
68,3236,18.488174,364.656694,15.908782,8.145101,1,-1,-1,-1,0.088297,0.064091,0.834363,0.316416
68,3150,124.327589,130.598723,14.834767,7.212721,1,-1,-1,-1,0.002651,0.002350,0.131988,0.045308
69,3329,-1.199122,364.141119,9.203573,6.571952,1,-1,-1,-1,0.055973,0.047020,0.082440,0.130990
69,3325,68.358037,216.255847,9.732447,19.885927,1,-1,-1,-1,0.111550,0.083127,1.348280,0.338263
69,3314,286.227320,79.380608,7.790518,15.431153,1,-1,-1,-1,0.673070,0.482759,1.956786,1.089284
69,3307,162.901492,129.969958,8.816694,5.918023,1,-1,-1,-1,0.009666,0.003869,0.015175,0.038847
69,3282,86.125115,319.491944,8.449024,17.193596,1,-1,-1,-1,0.198568,0.063086,1.661100,0.520091
69,3273,75.041352,404.269771,7.888578,16.297633,1,-1,-1,-1,0.004496,0.004232,0.242892,0.064405
69,3272,65.677867,115.376787,8.583193,18.649606,1,-1,-1,-1,0.075317,0.055065,0.995671,0.320991
69,3236,17.978074,364.854730,16.249804,8.187544,1,-1,-1,-1,0.102407,0.078840,0.931120,0.381895
69,3150,124.329755,130.599549,14.840459,7.200929,1,-1,-1,-1,0.002988,0.002545,0.136717,0.048440
70,3329,-1.014640,364.555424,9.177303,6.512124,1,-1,-1,-1,0.047018,0.033781,0.057921,0.101842
70,3325,68.179257,210.869894,9.957590,19.976595,1,-1,-1,-1,0.068162,0.055174,0.940342,0.245865
70,3307,160.893173,129.960020,8.816603,5.917730,1,-1,-1,-1,0.013268,0.004817,0.017590,0.044437
70,3282,86.191669,319.593550,8.320141,17.483784,1,-1,-1,-1,0.346702,0.106867,1.879713,0.726343
70,3274,76.509126,469.217894,9.314635,19.521029,1,-1,-1,-1,0.340332,0.077270,1.273931,0.316888
70,3273,74.910444,400.155935,7.900191,16.244931,1,-1,-1,-1,0.003911,0.003830,0.227766,0.059741
70,3272,65.847058,107.420797,8.303164,18.720653,1,-1,-1,-1,0.102295,0.081783,1.158762,0.387735
70,3236,18.306525,364.571470,15.956567,8.131868,1,-1,-1,-1,0.102527,0.078183,0.880497,0.365317
70,3150,124.321688,130.600331,14.876569,7.199340,1,-1,-1,-1,0.003048,0.003046,0.142930,0.052281
71,3336,70.137630,245.191704,8.066843,16.757070,1,-1,-1,-1,0.237169,0.175513,3.252496,0.706014
71,3329,-1.432625,364.505491,9.528118,7.022601,1,-1,-1,-1,0.048798,0.042173,0.079670,0.136404
71,3325,68.523426,204.069648,9.082681,19.398953,1,-1,-1,-1,0.079007,0.063533,1.031026,0.320619
71,3307,159.098644,129.969971,8.816449,5.917617,1,-1,-1,-1,0.015539,0.005374,0.019216,0.047979
71,3274,76.452936,467.457604,9.106753,20.068191,1,-1,-1,-1,0.270491,0.046832,0.986558,0.199109
71,3273,74.781708,395.783312,7.897724,16.301384,1,-1,-1,-1,0.004408,0.004148,0.242528,0.063199
71,3272,65.408230,99.766651,8.559331,18.845458,1,-1,-1,-1,0.129752,0.088258,1.221087,0.352417
71,3236,18.336130,364.510944,15.832553,8.149842,1,-1,-1,-1,0.041390,0.032114,0.504097,0.171345
71,3150,124.319791,130.599979,14.870448,7.200043,1,-1,-1,-1,0.002843,0.002495,0.138081,0.047539
72,3336,70.343497,242.343646,7.990699,16.034866,1,-1,-1,-1,0.108275,0.087400,1.412900,0.450768
72,3329,-1.516290,365.700916,10.242285,7.918449,1,-1,-1,-1,0.234388,0.145500,0.270322,0.495352
72,3325,68.317523,199.697047,8.848111,19.269421,1,-1,-1,-1,0.059001,0.049605,0.829639,0.197509
72,3307,157.542477,129.970061,8.816310,5.917523,1,-1,-1,-1,0.018372,0.005996,0.020785,0.052280
72,3274,76.298799,465.475686,9.000536,20.219700,1,-1,-1,-1,0.067937,0.027996,0.640347,0.108124
72,3273,74.640626,391.079401,7.899918,16.290804,1,-1,-1,-1,0.004633,0.004274,0.243065,0.064411
72,3272,64.952085,90.765728,9.002196,18.177478,1,-1,-1,-1,0.087805,0.066674,1.182235,0.376661
72,3236,18.403925,364.942346,15.947435,8.424445,1,-1,-1,-1,0.081767,0.064605,0.722894,0.329475
72,3150,124.319208,130.599502,14.861615,7.191021,1,-1,-1,-1,0.003141,0.002649,0.141696,0.050327
73,3336,69.584426,238.484951,8.267433,16.268431,1,-1,-1,-1,0.116735,0.087133,1.412261,0.458489
73,3325,68.336442,194.589784,8.772421,19.693259,1,-1,-1,-1,0.080417,0.056661,0.803695,0.209630
73,3307,156.218006,129.970174,8.817223,5.918136,1,-1,-1,-1,0.010996,0.004274,0.016258,0.041975
73,3274,76.053191,462.922098,9.050989,20.087054,1,-1,-1,-1,0.318760,0.075762,0.990122,0.244363
73,3273,74.479830,386.047450,7.891318,16.282198,1,-1,-1,-1,0.003575,0.003608,0.225831,0.057525
73,3272,64.382488,82.366904,9.221939,18.619254,1,-1,-1,-1,0.135454,0.094914,1.288802,0.412323
73,3236,18.785003,364.720510,16.133290,8.199885,1,-1,-1,-1,0.098667,0.076664,0.830391,0.358923
73,3150,124.319967,130.599642,14.870040,7.180740,1,-1,-1,-1,0.002814,0.002869,0.138056,0.050334
74,3336,69.565419,233.730906,8.274515,16.189203,1,-1,-1,-1,0.166773,0.120036,1.718148,0.628751
74,3325,67.948810,188.322979,8.866591,19.730511,1,-1,-1,-1,0.083583,0.058873,0.820806,0.213492
74,3307,155.061986,129.980151,8.817018,5.917999,1,-1,-1,-1,0.014079,0.005012,0.018114,0.046619
74,3274,75.912564,460.016173,8.902663,19.809378,1,-1,-1,-1,0.452421,0.100364,1.284790,0.349894
74,3273,74.329084,380.707174,7.872730,16.273861,1,-1,-1,-1,0.003758,0.003755,0.228963,0.059158
74,3272,64.258714,72.990254,9.041774,18.740139,1,-1,-1,-1,0.158218,0.105231,1.347101,0.424316
74,3236,18.626556,364.567358,15.819068,8.210857,1,-1,-1,-1,0.071325,0.060612,0.716897,0.284981
74,3150,124.319992,130.590325,14.860045,7.189370,1,-1,-1,-1,0.002988,0.002571,0.139220,0.048451
75,3336,69.970701,226.658451,7.740958,15.395130,1,-1,-1,-1,0.140759,0.099754,1.170692,0.448430
75,3325,68.062837,182.284079,8.851904,19.838081,1,-1,-1,-1,0.076853,0.065344,0.865928,0.247159
75,3307,154.074614,129.980259,8.817180,5.918107,1,-1,-1,-1,0.013138,0.004769,0.017762,0.044451
75,3273,74.160593,375.069579,7.879919,16.242853,1,-1,-1,-1,0.004918,0.004448,0.244434,0.065616
75,3272,64.448356,63.399816,9.116774,18.438829,1,-1,-1,-1,0.128136,0.092597,1.419602,0.523201
75,3236,18.688953,365.001302,15.883128,8.586454,1,-1,-1,-1,0.130482,0.102083,1.051495,0.497050
75,3150,124.320059,130.590042,14.859881,7.189911,1,-1,-1,-1,0.003141,0.002649,0.141704,0.050811
76,3336,69.263966,221.577245,8.240618,15.574330,1,-1,-1,-1,0.076036,0.058644,0.843301,0.358901
76,3325,68.332498,175.505157,8.566128,19.774053,1,-1,-1,-1,0.091664,0.081113,1.040242,0.299736
76,3307,153.243134,129.970336,8.817167,5.918098,1,-1,-1,-1,0.014219,0.005063,0.018474,0.047071
76,3273,73.971175,369.130568,7.888645,16.238571,1,-1,-1,-1,0.004152,0.003947,0.233346,0.061459
76,3272,64.441578,53.394633,8.232460,18.760550,1,-1,-1,-1,0.074886,0.060086,1.034648,0.257837
76,3236,18.679366,365.043635,15.903496,8.592661,1,-1,-1,-1,0.096339,0.064856,0.918674,0.370107
76,3150,124.330017,130.599992,14.859911,7.189955,1,-1,-1,-1,0.002958,0.002985,0.141739,0.051792
77,3336,68.895983,215.169265,8.337216,15.359651,1,-1,-1,-1,0.039869,0.031530,0.471730,0.186778
77,3325,69.049292,165.365464,8.457033,17.886382,1,-1,-1,-1,0.100614,0.085859,1.108857,0.416378
77,3307,152.543058,129.970333,8.817179,5.918107,1,-1,-1,-1,0.014792,0.005164,0.019026,0.047077
77,3273,73.781467,362.902114,7.898031,16.246654,1,-1,-1,-1,0.004452,0.004148,0.236762,0.062614
77,3272,64.151607,44.051506,8.235351,18.804405,1,-1,-1,-1,0.204335,0.147338,1.397331,0.520160
77,3236,19.284858,364.848548,15.195065,8.235080,1,-1,-1,-1,0.068031,0.043761,0.577072,0.223554
77,3150,124.320069,130.600020,14.859919,7.189961,1,-1,-1,-1,0.002900,0.002956,0.140497,0.051794
78,3344,84.703107,264.957702,8.789336,19.856540,1,-1,-1,-1,0.107928,0.043696,1.470623,0.245903
78,3336,68.974207,209.560211,8.684143,15.374176,1,-1,-1,-1,0.072634,0.052543,0.677755,0.298343
78,3325,69.045498,161.387742,9.040892,19.062412,1,-1,-1,-1,0.073392,0.057834,1.034213,0.222867
78,3307,151.960252,129.970354,8.817550,5.918355,1,-1,-1,-1,0.011440,0.004360,0.017076,0.042780
78,3274,75.241582,448.118571,9.088897,20.277627,1,-1,-1,-1,0.173719,0.042108,0.867966,0.151210
78,3273,73.589815,356.329134,7.891286,16.232654,1,-1,-1,-1,0.004278,0.004026,0.231141,0.061449
78,3272,63.571721,33.278190,8.419043,18.759693,1,-1,-1,-1,0.094162,0.070119,1.042204,0.301004
78,3236,19.322949,365.052357,15.146986,8.258546,1,-1,-1,-1,0.142505,0.093008,0.871468,0.410960
78,3150,124.320459,130.590135,14.869051,7.189779,1,-1,-1,-1,0.003236,0.002702,0.144222,0.051794
79,3345,70.066828,251.368926,8.272900,17.828603,1,-1,-1,-1,0.231792,0.173927,3.714481,0.660535
79,3344,84.485678,264.849128,8.768037,19.745954,1,-1,-1,-1,0.158367,0.062597,1.666695,0.335115
79,3336,68.582419,203.532500,8.342604,15.789488,1,-1,-1,-1,0.078414,0.057837,0.821293,0.321564
79,3325,69.994686,155.657548,10.530966,19.171380,1,-1,-1,-1,0.107080,0.089764,1.490191,0.614132
79,3307,151.472097,129.970358,8.817718,5.918468,1,-1,-1,-1,0.010887,0.004190,0.016416,0.040768
79,3274,75.526756,443.330630,9.440738,19.771696,1,-1,-1,-1,0.133015,0.045876,0.872595,0.203097
79,3273,73.379358,349.469870,7.882693,16.196815,1,-1,-1,-1,0.006121,0.005063,0.254438,0.070070
79,3236,18.558435,365.141371,15.641185,8.339835,1,-1,-1,-1,0.055312,0.041743,0.634759,0.228418
79,3150,124.319671,130.599917,14.860688,7.190115,1,-1,-1,-1,0.003110,0.002596,0.141769,0.049860
80,3345,70.370897,244.497885,8.050399,17.046179,1,-1,-1,-1,0.223503,0.161695,2.632985,0.740488
80,3336,68.561617,196.332720,8.137844,15.187441,1,-1,-1,-1,0.076228,0.059505,0.683379,0.281083
80,3325,71.915453,147.819586,11.829505,19.220401,1,-1,-1,-1,0.167613,0.126085,1.892640,0.966837
80,3307,151.045968,129.970396,8.817411,5.918262,1,-1,-1,-1,0.015386,0.005374,0.019212,0.047971
80,3274,76.113362,439.335014,8.963157,19.846029,1,-1,-1,-1,0.222288,0.053990,1.022749,0.231404
80,3273,73.162225,342.367218,7.886716,16.250127,1,-1,-1,-1,0.005597,0.004817,0.255388,0.068808
80,3236,18.239704,365.377654,15.788898,8.680298,1,-1,-1,-1,0.116991,0.092141,0.925698,0.442135
80,3150,124.320801,130.600511,14.868368,7.198954,1,-1,-1,-1,0.003110,0.002622,0.142978,0.049855
81,3345,69.547952,239.130262,8.746465,16.823530,1,-1,-1,-1,0.100308,0.079543,1.629076,0.516011
81,3336,68.505208,189.731329,7.982436,15.299760,1,-1,-1,-1,0.083654,0.067928,0.769394,0.308630
81,3325,74.235303,142.274249,13.318344,19.262508,1,-1,-1,-1,0.252816,0.192563,2.412908,1.225939
81,3307,150.720134,129.980356,8.817654,5.918426,1,-1,-1,-1,0.013401,0.004865,0.017936,0.045748
81,3274,77.135069,435.053131,8.798240,19.835277,1,-1,-1,-1,0.183732,0.038962,0.852968,0.185729
81,3273,72.939362,334.795436,7.891988,16.169260,1,-1,-1,-1,0.003611,0.003608,0.216910,0.057538
81,3236,18.052942,364.967266,16.007140,8.280167,1,-1,-1,-1,0.068753,0.055148,0.786169,0.279352
81,3150,124.319342,130.589595,14.861345,7.190881,1,-1,-1,-1,0.003048,0.002571,0.140504,0.049383
82,3346,-2.140918,364.783864,9.833869,7.034126,1,-1,-1,-1,0.453337,0.406561,0.841169,0.933998
82,3345,69.177124,232.941092,8.807401,16.586957,1,-1,-1,-1,0.102785,0.079632,1.302297,0.504357
82,3336,67.974782,183.500352,8.690370,15.806447,1,-1,-1,-1,0.044714,0.037888,0.630971,0.259085
82,3325,77.829699,135.843260,15.828029,18.869145,1,-1,-1,-1,0.171963,0.096684,2.410874,1.146263
82,3307,150.432192,129.970473,8.817700,5.918456,1,-1,-1,-1,0.013009,0.004817,0.018113,0.045308
82,3282,86.671288,319.348439,7.469205,13.924544,1,-1,-1,-1,0.113870,0.042516,0.805081,0.355043
82,3274,77.506196,430.366473,8.731484,19.987230,1,-1,-1,-1,0.123863,0.030855,0.738688,0.142550
82,3273,72.700879,326.940957,7.899087,16.159594,1,-1,-1,-1,0.004111,0.003908,0.222956,0.060285
82,3236,17.929437,365.207437,16.055977,8.539248,1,-1,-1,-1,0.067926,0.055053,0.740001,0.268366
82,3150,124.320708,130.600765,14.858583,7.208371,1,-1,-1,-1,0.003141,0.002649,0.141704,0.049854
83,3346,-2.206904,365.030696,9.994272,7.246962,1,-1,-1,-1,0.287246,0.228072,0.601160,0.712270
83,3345,69.259126,227.621865,8.759226,16.627864,1,-1,-1,-1,0.186973,0.131948,1.696956,0.629791
83,3336,67.600645,176.022132,8.416440,15.685640,1,-1,-1,-1,0.062951,0.046786,0.682681,0.278147
83,3325,82.148986,129.131935,17.648227,17.962044,1,-1,-1,-1,0.291759,0.168675,2.800957,1.354186
83,3307,150.205333,129.970407,8.817934,5.918613,1,-1,-1,-1,0.011439,0.004404,0.016742,0.042368
83,3282,86.653169,319.461410,7.500022,14.505886,1,-1,-1,-1,0.149727,0.051466,0.867958,0.407507
83,3274,77.837780,424.695095,9.313439,19.025612,1,-1,-1,-1,0.384233,0.109474,1.270216,0.414516
83,3273,72.461749,318.819007,7.887611,16.247381,1,-1,-1,-1,0.005433,0.004722,0.251989,0.068127
83,3236,18.065488,365.100642,16.120904,8.455461,1,-1,-1,-1,0.097654,0.077334,0.881857,0.354314
83,3150,124.337829,130.599284,14.814366,7.201459,1,-1,-1,-1,0.002731,0.002397,0.130897,0.045751
84,3346,-1.681658,364.592203,9.883966,7.206864,1,-1,-1,-1,0.363115,0.507693,0.809532,0.963527
84,3345,68.452801,221.814311,9.439422,16.480796,1,-1,-1,-1,0.200153,0.056510,1.080366,0.335945
84,3336,67.314323,169.785116,8.292688,15.484431,1,-1,-1,-1,0.048238,0.035030,0.506826,0.194875
84,3325,85.642098,125.344639,22.673064,14.011654,1,-1,-1,-1,0.223738,0.111845,1.957712,0.118637
84,3307,150.016383,129.970412,8.817990,5.918651,1,-1,-1,-1,0.011439,0.004448,0.016741,0.042772
84,3282,86.657148,321.539852,7.588589,15.582522,1,-1,-1,-1,0.136336,0.050511,1.162734,0.485366
84,3274,76.799383,418.920510,9.586924,18.568716,1,-1,-1,-1,0.226163,0.061875,1.150642,0.320740
84,3273,72.223584,310.536618,7.923592,16.260923,1,-1,-1,-1,0.005433,0.004629,0.251145,0.067524
84,3236,17.961976,364.944987,16.046098,8.407686,1,-1,-1,-1,0.100624,0.076727,0.892161,0.358068
84,3150,124.330294,130.589393,14.839381,7.181310,1,-1,-1,-1,0.003018,0.002596,0.139086,0.049846
85,3345,68.785088,215.452318,9.132805,16.679704,1,-1,-1,-1,0.160624,0.123030,1.480835,0.608145
85,3336,66.247973,163.392805,9.232241,15.799264,1,-1,-1,-1,0.099379,0.073750,0.874092,0.482962
85,3325,92.333230,120.713333,22.603106,12.888200,1,-1,-1,-1,0.364626,0.125212,1.998533,0.432343
85,3307,149.857039,129.970423,8.818025,5.918674,1,-1,-1,-1,0.011784,0.004492,0.016907,0.042773
85,3282,86.469743,319.750735,7.742474,15.466804,1,-1,-1,-1,0.137372,0.048148,0.990142,0.412565
85,3274,77.232127,412.537295,11.177018,17.530579,1,-1,-1,-1,0.471981,0.226577,1.877064,0.856313
85,3273,71.960038,302.380386,7.911020,16.279202,1,-1,-1,-1,0.005067,0.004448,0.249082,0.065648
85,3236,17.999156,364.751787,16.183328,8.207232,1,-1,-1,-1,0.051639,0.040529,0.658252,0.219525
85,3150,124.331286,130.600555,14.857364,7.188792,1,-1,-1,-1,0.003436,0.003298,0.148010,0.054825
86,3345,68.672044,209.026654,8.732037,16.715688,1,-1,-1,-1,0.101507,0.080884,1.264392,0.469789
86,3336,64.075558,157.522347,10.080683,16.116087,1,-1,-1,-1,0.130999,0.093295,1.022508,0.651461
86,3325,100.313526,118.153266,22.246382,11.495430,1,-1,-1,-1,0.316580,0.117691,1.837811,0.441223
86,3307,149.739973,129.970406,8.818222,5.918807,1,-1,-1,-1,0.009860,0.003947,0.015626,0.038854
86,3282,86.468600,320.543669,7.868419,15.757152,1,-1,-1,-1,0.151456,0.051973,1.136960,0.460791
86,3273,71.762866,294.120964,7.854742,16.075460,1,-1,-1,-1,0.004111,0.003908,0.218462,0.060883
86,3236,18.053877,364.921869,16.256884,8.305594,1,-1,-1,-1,0.112805,0.088797,0.944776,0.407786
86,3150,124.293268,130.590768,14.923498,7.188512,1,-1,-1,-1,0.003172,0.002675,0.146868,0.051311
87,3350,85.125547,265.302935,7.426600,14.912968,1,-1,-1,-1,0.189584,0.059688,1.611342,0.468414
87,3345,68.239552,203.238656,8.841297,16.871075,1,-1,-1,-1,0.068843,0.058467,1.088813,0.388078
87,3336,61.765662,151.227037,10.737150,16.349214,1,-1,-1,-1,0.336808,0.284837,1.721119,1.210025
87,3325,108.915872,117.101829,21.495939,10.059703,1,-1,-1,-1,0.123975,0.039422,1.598993,0.383238
87,3307,149.649370,129.980381,8.818181,5.918779,1,-1,-1,-1,0.011215,0.004360,0.016414,0.041156
87,3282,86.490448,320.411707,7.900255,15.907590,1,-1,-1,-1,0.200007,0.064680,1.285179,0.541605
87,3273,71.494069,286.266319,7.872716,16.171099,1,-1,-1,-1,0.005118,0.004537,0.241836,0.066241
87,3236,18.066109,364.817625,16.092481,8.305317,1,-1,-1,-1,0.140735,0.110079,1.069552,0.475903
87,3150,124.309401,130.610549,14.891201,7.208754,1,-1,-1,-1,0.003204,0.002675,0.144299,0.050817
88,3350,85.046052,265.130047,7.612795,15.292252,1,-1,-1,-1,0.168683,0.054205,1.417404,0.447693
88,3345,68.420296,197.422421,8.400628,17.220564,1,-1,-1,-1,0.096114,0.078227,1.232104,0.427999
88,3336,57.908679,146.238523,11.991803,16.477496,1,-1,-1,-1,0.405951,0.364417,2.361681,1.644325
88,3325,116.093788,116.443509,20.431190,9.509588,1,-1,-1,-1,0.453905,0.110568,1.714816,0.460694
88,3307,149.561656,129.980446,8.808591,5.918800,1,-1,-1,-1,0.009763,0.003986,0.015473,0.039227
88,3282,86.409217,321.083180,7.895888,16.247353,1,-1,-1,-1,0.197959,0.064726,1.427207,0.527783
88,3273,71.280138,278.364304,7.880122,16.133723,1,-1,-1,-1,0.006498,0.004190,0.246673,0.066262
88,3236,18.084485,365.091660,16.284105,8.286415,1,-1,-1,-1,0.155563,0.121845,1.215747,0.533408
88,3150,124.281739,130.621190,14.906592,7.237539,1,-1,-1,-1,0.001926,0.001944,0.118676,0.038123
89,3350,84.990187,264.770573,7.630791,15.194157,1,-1,-1,-1,0.111924,0.039591,1.029572,0.350820
89,3348,85.693816,293.835128,8.043244,18.180341,1,-1,-1,-1,0.325172,0.097888,2.352697,0.422044
89,3345,68.251219,190.359579,8.293709,16.423248,1,-1,-1,-1,0.072775,0.062443,0.902765,0.334053
89,3336,51.557723,141.114789,15.300494,16.171601,1,-1,-1,-1,0.117996,0.070787,1.299881,0.513758
89,3307,149.494098,129.980370,8.808557,5.919022,1,-1,-1,-1,0.007694,0.003399,0.013746,0.034269
89,3282,86.375380,319.829623,7.871246,16.339791,1,-1,-1,-1,0.311930,0.100269,1.655046,0.667474
89,3274,57.167399,390.786699,20.360021,15.406983,1,-1,-1,-1,0.073638,0.054096,1.832044,0.394876
89,3273,71.019107,270.522185,7.872573,16.087267,1,-1,-1,-1,0.005118,0.004537,0.233213,0.065030
89,3236,18.178254,364.707997,16.061889,8.004511,1,-1,-1,-1,0.112830,0.086876,0.997921,0.410150
89,3150,124.307140,130.608576,14.865691,7.212968,1,-1,-1,-1,0.002472,0.002258,0.128285,0.043592
90,3350,84.928162,264.694177,7.713975,14.954986,1,-1,-1,-1,0.208959,0.069593,1.154195,0.448013
90,3348,85.586287,293.806516,8.167495,18.101086,1,-1,-1,-1,0.151111,0.047104,1.793525,0.419252
90,3345,67.853835,184.199403,8.171972,16.518886,1,-1,-1,-1,0.111205,0.079670,1.073811,0.394386
90,3336,44.909560,136.205289,16.880896,15.199521,1,-1,-1,-1,0.145947,0.076711,1.348624,0.721117
90,3307,149.460279,129.980403,8.817907,5.918886,1,-1,-1,-1,0.013137,0.004865,0.017411,0.044855
90,3273,70.811902,262.761226,7.866352,16.195256,1,-1,-1,-1,0.003834,0.003793,0.225234,0.059743
90,3236,17.895465,365.122745,15.734264,8.274665,1,-1,-1,-1,0.166234,0.153097,1.130437,0.578262
90,3150,124.319241,130.599445,14.861457,7.201188,1,-1,-1,-1,0.003079,0.002596,0.139034,0.049369
91,3350,84.924843,265.920252,7.773487,15.491013,1,-1,-1,-1,0.199880,0.066352,1.426548,0.529720
91,3348,85.817661,292.506747,8.008096,17.638696,1,-1,-1,-1,0.368897,0.139877,2.371959,0.663528
91,3345,67.940475,177.866201,8.454314,17.137411,1,-1,-1,-1,0.060236,0.021513,0.769676,0.168805
91,3336,38.123491,132.151712,18.291810,13.613880,1,-1,-1,-1,0.249862,0.106057,1.541437,0.706082
91,3307,149.371560,129.970637,8.818367,5.928480,1,-1,-1,-1,0.013534,0.005063,0.018111,0.045307
91,3273,70.552309,254.881892,7.866077,16.276140,1,-1,-1,-1,0.005487,0.004769,0.256007,0.069411
91,3236,18.573494,364.553752,15.091280,7.784008,1,-1,-1,-1,0.098384,0.080778,0.796443,0.352491
91,3150,124.329869,130.600254,14.850236,7.209469,1,-1,-1,-1,0.002843,0.002470,0.135562,0.047081
92,3350,84.833436,265.299397,7.891325,15.483500,1,-1,-1,-1,0.271441,0.083057,1.452684,0.586525
92,3345,68.306767,169.212790,8.376191,16.261209,1,-1,-1,-1,0.118255,0.088741,0.959529,0.401954
92,3336,32.142183,129.637769,18.395335,11.272207,1,-1,-1,-1,0.258417,0.067381,1.192312,0.437631
92,3307,149.332997,129.960524,8.808643,5.928794,1,-1,-1,-1,0.011668,0.004537,0.016906,0.042777
92,3273,70.331687,246.888602,7.876817,16.303084,1,-1,-1,-1,0.005597,0.004817,0.261439,0.069452
92,3236,18.444404,364.949364,15.080876,7.767454,1,-1,-1,-1,0.866474,0.757889,1.831066,1.223308
92,3150,124.320501,130.599794,14.869000,7.200438,1,-1,-1,-1,0.003110,0.002649,0.141606,0.050807
93,3350,84.793205,265.624416,7.998146,15.732834,1,-1,-1,-1,0.287320,0.088657,1.627703,0.628506
93,3345,68.422071,162.824495,9.166355,16.298513,1,-1,-1,-1,0.086989,0.066085,0.989211,0.441314
93,3336,25.949178,128.567184,18.068574,10.330907,1,-1,-1,-1,0.250371,0.069818,1.164739,0.432597
93,3307,149.303463,129.970231,8.817869,5.919269,1,-1,-1,-1,0.012381,0.004629,0.017242,0.044444
93,3273,70.069242,238.702092,7.872101,16.266117,1,-1,-1,-1,0.004869,0.004404,0.247365,0.065656
93,3150,124.318910,130.589154,14.862207,7.181778,1,-1,-1,-1,0.002704,0.002421,0.134402,0.046637
94,3356,155.512932,117.415541,18.394278,8.294782,1,-1,-1,-1,0.456823,0.301485,5.541200,0.836781
94,3350,84.856987,266.009803,7.988119,15.853221,1,-1,-1,-1,0.212365,0.067486,1.452680,0.552106
94,3345,69.377814,156.935838,9.418666,16.841679,1,-1,-1,-1,0.139225,0.107951,1.324006,0.653997
94,3336,18.287471,128.135307,18.405623,9.380346,1,-1,-1,-1,0.245961,0.052527,1.190325,0.326676
94,3307,149.304380,129.980407,8.808749,5.918918,1,-1,-1,-1,0.010887,0.004317,0.016094,0.041962
94,3273,69.831443,230.452494,7.857541,16.365585,1,-1,-1,-1,0.005824,0.005012,0.269438,0.070745
94,3150,124.311490,130.600896,14.877020,7.198108,1,-1,-1,-1,0.002988,0.002545,0.140347,0.048907
95,3356,165.976060,116.983539,18.333990,7.997294,1,-1,-1,-1,0.257116,0.067013,3.016434,0.494713
95,3350,84.875442,266.530639,7.906015,16.279758,1,-1,-1,-1,0.410031,0.124002,2.000020,0.787853
95,3348,85.843044,293.409194,7.845744,16.049019,1,-1,-1,-1,0.408327,0.124734,2.126442,0.790331
95,3345,70.832770,149.231302,10.853667,17.032885,1,-1,-1,-1,0.175853,0.117575,1.366640,0.833958
95,3336,13.464475,115.873891,18.969976,9.315605,1,-1,-1,-1,0.216847,0.157827,1.554737,0.563717
95,3307,149.277030,129.990315,8.808806,5.919190,1,-1,-1,-1,0.007177,0.003201,0.013084,0.031717
95,3273,69.572653,222.596468,7.885051,16.373163,1,-1,-1,-1,0.005379,0.004769,0.264069,0.069457
95,3150,124.300640,130.600201,14.888746,7.199598,1,-1,-1,-1,0.002900,0.002520,0.139206,0.048912
96,3356,171.731698,116.992356,18.779776,8.001375,1,-1,-1,-1,0.149976,0.052450,1.801002,0.302398
96,3345,72.333581,142.946635,12.164753,17.425458,1,-1,-1,-1,0.194157,0.142042,1.603720,1.014518
96,3336,13.604047,113.766089,19.160529,9.279210,1,-1,-1,-1,0.267556,0.205212,1.829328,0.662762
96,3307,149.266671,129.980405,8.808716,5.919137,1,-1,-1,-1,0.008497,0.003608,0.014298,0.036305
96,3273,69.378384,215.434705,7.883057,16.310419,1,-1,-1,-1,0.005824,0.004963,0.261732,0.070104
96,3150,124.309642,130.599943,14.880686,7.200114,1,-1,-1,-1,0.002958,0.002571,0.139188,0.049381
97,3356,175.973579,116.896252,19.013726,7.958358,1,-1,-1,-1,0.204599,0.070305,1.787168,0.300505
97,3345,75.789984,136.787415,14.161790,17.284276,1,-1,-1,-1,0.194593,0.127903,1.592632,1.032257
97,3336,15.415623,113.331107,18.468226,9.071090,1,-1,-1,-1,0.126987,0.094096,1.562406,0.450970
97,3307,149.236643,129.970408,8.818311,5.919130,1,-1,-1,-1,0.010258,0.004107,0.016093,0.040758
97,3273,69.188966,209.025223,7.871926,16.302951,1,-1,-1,-1,0.005118,0.004583,0.253381,0.066902
97,3150,124.319140,130.599817,14.861719,7.200367,1,-1,-1,-1,0.003048,0.002571,0.139186,0.049382
98,3356,180.731503,116.889771,18.411814,8.040235,1,-1,-1,-1,0.201386,0.063269,1.838365,0.508616
98,3345,79.816279,131.189058,15.591762,17.050786,1,-1,-1,-1,0.262421,0.187813,2.115060,1.344744
98,3336,14.864976,114.136408,18.432069,9.282067,1,-1,-1,-1,0.169461,0.117353,1.784927,0.609608
98,3307,149.237348,129.970385,8.809023,5.919127,1,-1,-1,-1,0.008085,0.003467,0.014019,0.034940
98,3273,69.018838,203.332605,7.862056,16.284156,1,-1,-1,-1,0.004364,0.004107,0.239126,0.063225
98,3150,124.329121,130.599804,14.841757,7.200392,1,-1,-1,-1,0.002900,0.002495,0.135553,0.047533
99,3356,183.512659,118.033649,17.193683,8.712559,1,-1,-1,-1,0.151235,0.120036,1.595893,0.641572
99,3345,85.119985,125.519832,17.200143,15.573737,1,-1,-1,-1,0.246469,0.141758,2.104335,1.223835
99,3336,15.012925,112.928288,18.109408,8.741923,1,-1,-1,-1,0.234970,0.185858,1.943237,0.806428
99,3307,149.207448,129.970358,8.818392,5.919174,1,-1,-1,-1,0.010057,0.004066,0.015935,0.040366
99,3273,68.871498,198.396021,7.876507,16.312843,1,-1,-1,-1,0.004193,0.004026,0.238596,0.062620
99,3150,124.347647,130.588899,14.804705,7.182289,1,-1,-1,-1,0.002678,0.002373,0.130790,0.045747
100,3345,91.522878,122.092036,17.784273,14.092720,1,-1,-1,-1,0.218741,0.162467,1.892429,1.162360
100,3336,15.516101,113.714881,17.848280,8.870135,1,-1,-1,-1,0.220185,0.185977,2.005698,0.925191
100,3307,149.217359,129.970413,8.808990,5.919078,1,-1,-1,-1,0.009571,0.003908,0.015320,0.039226
100,3273,68.740444,194.153176,7.878630,16.336027,1,-1,-1,-1,0.003834,0.003793,0.234722,0.060302
100,3150,124.322681,130.590827,14.854638,7.188314,1,-1,-1,-1,0.003018,0.002596,0.139055,0.049846
