1,1132,-16.880000,116.040000,19.120000,7.920000,1,-1,-1,-1,10.000000,10.000000,10.000000,10.000000
1,1131,45.770000,54.510000,8.400000,18.620000,1,-1,-1,-1,10.000000,10.000000,10.000000,10.000000
1,1130,48.920000,217.350000,8.850000,17.760000,1,-1,-1,-1,10.000000,10.000000,10.000000,10.000000
1,1129,49.520000,246.570000,8.450000,18.180000,1,-1,-1,-1,10.000000,10.000000,10.000000,10.000000
1,1128,34.320000,187.740000,8.520000,19.600000,1,-1,-1,-1,10.000000,10.000000,10.000000,10.000000
1,1127,45.240000,25.040000,7.990000,19.020000,1,-1,-1,-1,10.000000,10.000000,10.000000,10.000000
1,1126,122.510000,130.880000,18.500000,7.740000,1,-1,-1,-1,10.000000,10.000000,10.000000,10.000000
1,1125,95.290000,130.640000,16.830000,7.300000,1,-1,-1,-1,10.000000,10.000000,10.000000,10.000000
2,1132,-14.053524,116.544128,18.096586,8.021633,1,-1,-1,-1,0.999900,0.999900,9.990021,5.238095
2,1131,45.994301,54.584731,8.151377,18.220562,1,-1,-1,-1,0.999900,0.999900,9.990021,5.238095
2,1130,49.693031,216.625935,7.803889,16.068444,1,-1,-1,-1,0.999900,0.999900,9.990021,5.238095
2,1129,49.708219,246.897324,8.273542,18.005305,1,-1,-1,-1,0.999900,0.999900,9.990021,5.238095
2,1128,34.320000,187.610013,8.520000,19.600000,1,-1,-1,-1,0.999900,0.999900,9.990021,5.238095
2,1127,45.240499,25.028809,7.989002,19.012385,1,-1,-1,-1,0.999900,0.999900,9.990021,5.238095
2,1126,122.511193,130.879503,18.507614,7.740994,1,-1,-1,-1,0.999900,0.999900,9.990021,5.238095
2,1125,95.288808,130.640515,16.822386,7.298969,1,-1,-1,-1,0.999900,0.999900,9.990021,5.238095
3,1133,152.170000,129.540000,16.250000,7.620000,1,-1,-1,-1,10.000000,10.000000,10.000000,10.000000
3,1132,-12.662868,116.392297,17.921903,8.051827,1,-1,-1,-1,0.941153,0.941153,8.384601,3.841642
3,1131,45.759135,54.516327,8.351139,18.634411,1,-1,-1,-1,0.941153,0.941153,8.384601,3.841642
3,1130,49.463712,217.519500,8.169612,16.919918,1,-1,-1,-1,0.941153,0.941153,8.384601,3.841642
3,1129,49.759323,246.207026,8.314869,17.964783,1,-1,-1,-1,0.941153,0.941153,8.384601,3.841642
3,1128,34.320000,187.602360,8.520000,19.600000,1,-1,-1,-1,0.941153,0.941153,8.384601,3.841642
3,1127,45.240000,25.049260,7.990000,19.016774,1,-1,-1,-1,0.941153,0.941153,8.384601,3.841642
3,1126,122.508975,130.880000,18.503226,7.740000,1,-1,-1,-1,0.941153,0.941153,8.384601,3.841642
3,1125,95.294324,130.639015,16.839000,7.301970,1,-1,-1,-1,0.941153,0.941153,8.384601,3.841642
4,1132,-10.786889,115.943653,17.281014,7.992753,1,-1,-1,-1,0.847083,0.847083,7.132717,3.262201
4,1131,45.620477,54.404518,8.423179,18.743773,1,-1,-1,-1,0.847083,0.847083,7.132717,3.262201
4,1130,49.409354,217.639904,8.232788,17.095826,1,-1,-1,-1,0.847083,0.847083,7.132717,3.262201
4,1129,49.666320,246.571121,8.241921,17.938782,1,-1,-1,-1,0.847083,0.847083,7.132717,3.262201
4,1128,34.320000,187.604158,8.520000,19.600000,1,-1,-1,-1,0.847083,0.847083,7.132717,3.262201
4,1127,45.239869,25.052799,7.990262,19.018450,1,-1,-1,-1,0.847083,0.847083,7.132717,3.262201
4,1126,122.508910,130.880131,18.501549,7.739739,1,-1,-1,-1,0.847083,0.847083,7.132717,3.262201
4,1125,95.290485,130.639594,16.834876,7.300812,1,-1,-1,-1,0.847083,0.847083,7.132717,3.262201
5,1132,-9.425657,115.790263,17.868302,8.245450,1,-1,-1,-1,0.780933,0.780933,6.225018,2.988460
5,1131,45.660850,54.553656,8.452872,18.824425,1,-1,-1,-1,0.780933,0.780933,6.225018,2.988460
5,1130,49.545264,217.222818,8.019112,16.779956,1,-1,-1,-1,0.780933,0.780933,6.225018,2.988460
5,1129,49.280858,246.669616,8.621904,18.432012,1,-1,-1,-1,0.780933,0.780933,6.225018,2.988460
5,1128,34.320000,187.605651,8.520000,19.600000,1,-1,-1,-1,0.780933,0.780933,6.225018,2.988460
5,1127,45.247987,25.035759,7.989644,19.014639,1,-1,-1,-1,0.780933,0.780933,6.225018,2.988460
5,1126,122.509170,130.880161,18.500753,7.739678,1,-1,-1,-1,0.780933,0.780933,6.225018,2.988460
5,1125,95.291244,130.639482,16.837483,7.301036,1,-1,-1,-1,0.780933,0.780933,6.225018,2.988460
6,1132,-7.513234,115.718025,18.296250,8.364429,1,-1,-1,-1,0.739812,0.739812,5.560040,2.851250
6,1131,45.737774,54.425030,8.406857,18.691590,1,-1,-1,-1,0.739812,0.739812,5.560040,2.851250
6,1130,49.550013,217.228505,7.938947,16.670639,1,-1,-1,-1,0.739812,0.739812,5.560040,2.851250
6,1129,49.377362,246.765140,8.712963,18.529504,1,-1,-1,-1,0.739812,0.739812,5.560040,2.851250
6,1128,34.321891,187.603525,8.523617,19.598905,1,-1,-1,-1,0.739812,0.739812,5.560040,2.851250
6,1127,45.244645,25.043868,7.993636,19.015788,1,-1,-1,-1,0.739812,0.739812,5.560040,2.851250
6,1126,122.509413,130.880159,18.500327,7.739681,1,-1,-1,-1,0.739812,0.739812,5.560040,2.851250
6,1125,95.291084,130.639483,16.838880,7.301035,1,-1,-1,-1,0.739812,0.739812,5.560040,2.851250
7,1132,-5.547561,115.912223,18.849887,8.617876,1,-1,-1,-1,0.714060,0.714060,5.062690,2.780435
7,1131,45.859014,54.468510,8.360709,18.619206,1,-1,-1,-1,0.714060,0.714060,5.062690,2.780435
7,1130,49.328255,217.393377,8.330091,17.184935,1,-1,-1,-1,0.714060,0.714060,5.062690,2.780435
7,1129,49.622092,246.269196,8.581977,18.174882,1,-1,-1,-1,0.714060,0.714060,5.062690,2.780435
7,1128,34.320368,187.604999,8.521960,19.594931,1,-1,-1,-1,0.714060,0.714060,5.062690,2.780435
7,1127,45.248396,25.033853,7.992141,19.013027,1,-1,-1,-1,0.714060,0.714060,5.062690,2.780435
7,1126,122.509596,130.880147,18.500084,7.739706,1,-1,-1,-1,0.714060,0.714060,5.062690,2.780435
7,1125,95.293085,130.640263,16.827915,7.299474,1,-1,-1,-1,0.714060,0.714060,5.062690,2.780435
8,1134,35.528329,221.151405,7.520350,15.028732,1,-1,-1,-1,0.808479,0.808479,6.225062,3.298778
8,1132,-2.608222,115.911958,19.136866,8.823855,1,-1,-1,-1,0.697349,0.697349,4.683127,2.743335
8,1131,45.733442,54.319034,8.604539,18.916009,1,-1,-1,-1,0.697349,0.697349,4.683127,2.743335
8,1130,49.220989,216.979942,8.317755,17.029587,1,-1,-1,-1,0.697349,0.697349,4.683127,2.743335
8,1129,49.512198,246.831900,8.670143,18.429879,1,-1,-1,-1,0.697349,0.697349,4.683127,2.743335
8,1128,34.319990,187.606284,8.520998,19.592604,1,-1,-1,-1,0.697349,0.697349,4.683127,2.743335
8,1127,45.249812,25.030602,7.991244,19.011460,1,-1,-1,-1,0.697349,0.697349,4.683127,2.743335
8,1126,122.509726,130.880132,18.499940,7.739736,1,-1,-1,-1,0.697349,0.697349,4.683127,2.743335
8,1125,95.293148,130.639979,16.832208,7.300043,1,-1,-1,-1,0.697349,0.697349,4.683127,2.743335
9,1134,35.561882,219.956813,7.519592,15.072308,1,-1,-1,-1,0.761768,0.761768,5.587838,3.006395
9,1132,0.619382,116.179998,19.566922,9.303205,1,-1,-1,-1,0.686065,0.686065,4.388218,2.723746
9,1131,45.733323,54.355933,8.553334,18.765668,1,-1,-1,-1,0.686065,0.686065,4.388218,2.723746
9,1130,49.264541,216.567866,8.212360,16.771055,1,-1,-1,-1,0.686065,0.686065,4.388218,2.723746
9,1129,49.410215,246.892676,8.791165,18.532700,1,-1,-1,-1,0.686065,0.686065,4.388218,2.723746
9,1128,34.319960,187.607262,8.520424,19.591200,1,-1,-1,-1,0.686065,0.686065,4.388218,2.723746
9,1127,45.250351,25.036522,7.990687,19.010544,1,-1,-1,-1,0.686065,0.686065,4.388218,2.723746
9,1126,122.509817,130.880117,18.499855,7.739765,1,-1,-1,-1,0.686065,0.686065,4.388218,2.723746
9,1125,95.292522,130.639840,16.834996,7.300319,1,-1,-1,-1,0.686065,0.686065,4.388218,2.723746
10,1134,35.528697,218.719415,7.534842,15.044808,1,-1,-1,-1,0.729260,0.729260,5.118443,2.860404
10,1132,5.465650,114.734861,18.611639,9.415563,1,-1,-1,-1,0.678159,0.678159,4.155461,2.713360
10,1131,45.734833,54.408297,8.517501,18.707532,1,-1,-1,-1,0.678159,0.678159,4.155461,2.713360
10,1130,49.300084,216.515858,8.103147,16.663291,1,-1,-1,-1,0.678159,0.678159,4.155461,2.713360
10,1129,49.483501,246.717647,8.695539,18.422993,1,-1,-1,-1,0.678159,0.678159,4.155461,2.713360
10,1128,34.319859,187.609648,8.520389,19.593771,1,-1,-1,-1,0.678159,0.678159,4.155461,2.713360
10,1127,45.250397,25.040513,7.990639,19.013436,1,-1,-1,-1,0.678159,0.678159,4.155461,2.713360
10,1126,122.509880,130.880104,18.499805,7.739792,1,-1,-1,-1,0.678159,0.678159,4.155461,2.713360
10,1125,95.296950,130.639933,16.833410,7.300133,1,-1,-1,-1,0.678159,0.678159,4.155461,2.713360
11,1134,35.419120,217.547970,7.516987,14.926522,1,-1,-1,-1,0.707694,0.707694,4.751699,2.785203
11,1132,7.147186,115.793816,20.265018,11.025540,1,-1,-1,-1,0.672446,0.672446,3.969193,2.707841
11,1131,45.818422,54.338848,8.459183,18.648667,1,-1,-1,-1,0.672446,0.672446,3.969193,2.707841
11,1130,49.165683,217.089784,8.272601,16.989777,1,-1,-1,-1,0.672446,0.672446,3.969193,2.707841
11,1129,49.527014,246.353519,8.620769,18.277259,1,-1,-1,-1,0.672446,0.672446,3.969193,2.707841
11,1128,34.319846,187.610243,8.520331,19.595565,1,-1,-1,-1,0.672446,0.672446,3.969193,2.707841
11,1127,45.250516,25.033105,7.990296,19.012103,1,-1,-1,-1,0.672446,0.672446,3.969193,2.707841
11,1126,122.509924,130.880092,18.499779,7.739815,1,-1,-1,-1,0.672446,0.672446,3.969193,2.707841
11,1125,95.297102,130.640123,16.828990,7.299755,1,-1,-1,-1,0.672446,0.672446,3.969193,2.707841
12,1134,35.331637,216.868330,7.553707,15.039658,1,-1,-1,-1,0.693227,0.693227,4.458919,2.745845
12,1132,10.229480,115.214005,20.762724,12.158124,1,-1,-1,-1,0.668212,0.668212,3.818265,2.704905
12,1131,45.795756,54.464077,8.391178,18.619048,1,-1,-1,-1,0.668212,0.668212,3.818265,2.704905
12,1130,49.382127,216.958006,8.145658,16.895749,1,-1,-1,-1,0.668212,0.668212,3.818265,2.704905
12,1129,49.603563,246.223011,8.552330,18.112429,1,-1,-1,-1,0.668212,0.668212,3.818265,2.704905
12,1128,34.319982,187.608550,8.520027,19.593567,1,-1,-1,-1,0.668212,0.668212,3.818265,2.704905
12,1127,45.250554,25.037227,7.990081,19.011213,1,-1,-1,-1,0.668212,0.668212,3.818265,2.704905
12,1126,122.509955,130.880083,18.499767,7.739835,1,-1,-1,-1,0.668212,0.668212,3.818265,2.704905
12,1125,95.298454,130.638511,16.824669,7.296295,1,-1,-1,-1,0.668212,0.668212,3.818265,2.704905
13,1134,35.300475,216.089749,7.609706,15.167024,1,-1,-1,-1,0.683248,0.683248,4.222594,2.725074
13,1132,14.356413,115.114462,20.548026,13.580827,1,-1,-1,-1,0.665009,0.665009,3.694582,2.703342
13,1131,45.742698,54.434115,8.414755,18.635752,1,-1,-1,-1,0.665009,0.665009,3.694582,2.703342
13,1130,49.466801,216.106576,8.019071,16.468010,1,-1,-1,-1,0.665009,0.665009,3.694582,2.703342
13,1129,49.548622,246.191590,8.627092,18.125717,1,-1,-1,-1,0.665009,0.665009,3.694582,2.703342
13,1128,34.324670,187.620710,8.517293,19.600645,1,-1,-1,-1,0.665009,0.665009,3.694582,2.703342
13,1127,45.250449,25.047295,7.990154,19.013814,1,-1,-1,-1,0.665009,0.665009,3.694582,2.703342
13,1126,122.509977,130.880074,18.499764,7.739852,1,-1,-1,-1,0.665009,0.665009,3.694582,2.703342
13,1125,95.298943,130.640174,16.823031,7.297133,1,-1,-1,-1,0.665009,0.665009,3.694582,2.703342
14,1134,35.028780,215.354151,7.646504,15.222380,1,-1,-1,-1,0.676155,0.676155,4.030254,2.714065
14,1132,17.958869,112.386018,20.034900,14.835292,1,-1,-1,-1,0.662548,0.662548,3.592165,2.702510
14,1131,45.735533,54.367821,8.650130,18.877926,1,-1,-1,-1,0.662548,0.662548,3.592165,2.702510
14,1130,49.406031,217.623859,8.176871,17.043146,1,-1,-1,-1,0.662548,0.662548,3.592165,2.702510
14,1129,49.409492,246.749166,8.719500,18.347664,1,-1,-1,-1,0.662548,0.662548,3.592165,2.702510
14,1128,34.323956,187.612938,8.521203,19.601565,1,-1,-1,-1,0.662548,0.662548,3.592165,2.702510
14,1127,45.250468,25.035635,7.989997,19.012507,1,-1,-1,-1,0.662548,0.662548,3.592165,2.702510
14,1126,122.509992,130.880067,18.499766,7.739866,1,-1,-1,-1,0.662548,0.662548,3.592165,2.702510
14,1125,95.301122,130.640559,16.825011,7.297950,1,-1,-1,-1,0.662548,0.662548,3.592165,2.702510
15,1134,34.933969,214.869794,7.698920,15.313880,1,-1,-1,-1,0.670976,0.670976,3.872512,2.708216
15,1132,21.468885,109.131476,18.717207,15.715171,1,-1,-1,-1,0.660633,0.660633,3.506534,2.702067
15,1131,45.726571,54.308355,8.724846,18.978486,1,-1,-1,-1,0.660633,0.660633,3.506534,2.702067
15,1130,49.392618,217.800660,8.210850,17.243828,1,-1,-1,-1,0.660633,0.660633,3.506534,2.702067
15,1129,49.467269,246.184029,8.639776,18.165633,1,-1,-1,-1,0.660633,0.660633,3.506534,2.702067
15,1128,34.327967,187.608677,8.520689,19.598004,1,-1,-1,-1,0.660633,0.660633,3.506534,2.702067
15,1127,45.250464,25.031437,7.989899,19.011595,1,-1,-1,-1,0.660633,0.660633,3.506534,2.702067
15,1126,122.510004,130.880061,18.499773,7.739879,1,-1,-1,-1,0.660633,0.660633,3.506534,2.702067
15,1125,95.300308,130.638910,16.822372,7.295243,1,-1,-1,-1,0.660633,0.660633,3.506534,2.702067
16,1134,34.965990,214.757102,7.762121,15.478258,1,-1,-1,-1,0.667107,0.667107,3.742165,2.705105
16,1132,24.419142,105.261737,17.459868,16.720334,1,-1,-1,-1,0.659128,0.659128,3.434287,2.701831
16,1131,45.701103,54.407068,8.638425,18.833099,1,-1,-1,-1,0.659128,0.659128,3.434287,2.701831
16,1130,49.579695,216.583314,7.997587,16.781960,1,-1,-1,-1,0.659128,0.659128,3.434287,2.701831
16,1129,49.384049,246.575948,8.668555,18.310975,1,-1,-1,-1,0.659128,0.659128,3.434287,2.701831
16,1128,34.329451,187.616050,8.520507,19.598553,1,-1,-1,-1,0.659128,0.659128,3.434287,2.701831
16,1127,45.250448,25.030019,7.989840,19.010958,1,-1,-1,-1,0.659128,0.659128,3.434287,2.701831
16,1126,122.510012,130.880055,18.499781,7.739889,1,-1,-1,-1,0.659128,0.659128,3.434287,2.701831
16,1125,95.298198,130.642015,16.831528,7.299963,1,-1,-1,-1,0.659128,0.659128,3.434287,2.701831
17,1134,34.998370,214.923293,7.829046,15.741818,1,-1,-1,-1,0.664165,0.664165,3.633636,2.703449
17,1131,45.562719,54.370787,8.606331,18.786789,1,-1,-1,-1,0.657936,0.657936,3.372813,2.701705
17,1130,49.530460,216.879955,8.031525,16.782691,1,-1,-1,-1,0.657936,0.657936,3.372813,2.701705
17,1129,49.372061,246.455749,8.726605,18.305034,1,-1,-1,-1,0.657936,0.657936,3.372813,2.701705
17,1128,34.330087,187.610422,8.520228,19.595915,1,-1,-1,-1,0.657936,0.657936,3.372813,2.701705
17,1127,45.250425,25.036194,7.989805,19.010514,1,-1,-1,-1,0.657936,0.657936,3.372813,2.701705
17,1126,122.510018,130.880051,18.499791,7.739898,1,-1,-1,-1,0.657936,0.657936,3.372813,2.701705
17,1125,95.299341,130.640798,16.831067,7.299952,1,-1,-1,-1,0.657936,0.657936,3.372813,2.701705
18,1134,34.941839,214.328085,7.829227,15.708524,1,-1,-1,-1,0.661894,0.661894,3.542591,2.702567
18,1131,45.568135,54.283552,8.669680,18.883238,1,-1,-1,-1,0.656986,0.656986,3.320085,2.701638
18,1130,49.405716,217.836347,8.223301,17.218701,1,-1,-1,-1,0.656986,0.656986,3.320085,2.701638
18,1129,49.538357,245.888290,8.611247,18.039275,1,-1,-1,-1,0.656986,0.656986,3.320085,2.701638
18,1128,34.325479,187.616755,8.523189,19.597758,1,-1,-1,-1,0.656986,0.656986,3.320085,2.701638
18,1127,45.250335,25.040398,7.989917,19.013216,1,-1,-1,-1,0.656986,0.656986,3.320085,2.701638
18,1126,122.510022,130.880047,18.499801,7.739906,1,-1,-1,-1,0.656986,0.656986,3.320085,2.701638
18,1125,95.303193,130.638685,16.824006,7.296669,1,-1,-1,-1,0.656986,0.656986,3.320085,2.701638
19,1134,34.976159,214.073700,7.852679,15.670874,1,-1,-1,-1,0.660120,0.660120,3.465641,2.702097
19,1131,45.625859,54.287992,8.760336,18.989355,1,-1,-1,-1,0.656225,0.656225,3.274518,2.701603
19,1130,49.372744,217.624590,8.227833,17.235285,1,-1,-1,-1,0.656225,0.656225,3.274518,2.701603
19,1129,49.541160,246.132772,8.569924,18.000639,1,-1,-1,-1,0.656225,0.656225,3.274518,2.701603
19,1128,34.321426,187.612671,8.522318,19.598343,1,-1,-1,-1,0.656225,0.656225,3.274518,2.701603
19,1127,45.245434,25.049532,7.993096,19.018834,1,-1,-1,-1,0.656225,0.656225,3.274518,2.701603
19,1126,122.511812,130.879983,18.502798,7.740033,1,-1,-1,-1,0.656225,0.656225,3.274518,2.701603
19,1125,95.297354,130.641814,16.829317,7.300698,1,-1,-1,-1,0.656225,0.656225,3.274518,2.701603
20,1141,32.232429,76.532013,8.481396,18.067597,1,-1,-1,-1,0.847083,0.847083,7.132717,3.262201
20,1134,35.067023,213.923805,7.852957,15.675324,1,-1,-1,-1,0.658723,0.658723,3.400126,2.701847
20,1131,45.685006,54.373053,8.595821,18.862875,1,-1,-1,-1,0.655613,0.655613,3.234861,2.701584
20,1130,49.312083,217.741964,8.293143,17.377731,1,-1,-1,-1,0.655613,0.655613,3.234861,2.701584
20,1129,49.548422,246.262518,8.587603,18.046958,1,-1,-1,-1,0.655613,0.655613,3.234861,2.701584
20,1128,34.320035,187.611032,8.521687,19.598779,1,-1,-1,-1,0.655613,0.655613,3.234861,2.701584
20,1127,45.241245,25.052360,7.992390,19.022158,1,-1,-1,-1,0.655613,0.655613,3.234861,2.701584
20,1126,122.510185,130.880000,18.501986,7.740000,1,-1,-1,-1,0.655613,0.655613,3.234861,2.701584
20,1125,95.297847,130.638851,16.825887,7.297410,1,-1,-1,-1,0.655613,0.655613,3.234861,2.701584
21,1141,31.850026,69.289219,8.615273,18.613520,1,-1,-1,-1,0.780933,0.780933,6.225018,2.988460
21,1134,35.198005,213.725350,7.858601,15.675909,1,-1,-1,-1,0.657614,0.657614,3.343948,2.701714
21,1131,45.627683,54.369901,8.581560,18.826567,1,-1,-1,-1,0.655120,0.655120,3.200116,2.701574
21,1130,49.353971,217.011705,8.162157,17.108559,1,-1,-1,-1,0.655120,0.655120,3.200116,2.701574
21,1129,49.484518,246.671702,8.622659,18.192018,1,-1,-1,-1,0.655120,0.655120,3.200116,2.701574
21,1128,34.319675,187.608554,8.521120,19.596152,1,-1,-1,-1,0.655120,0.655120,3.200116,2.701574
21,1127,45.239895,25.049203,7.991654,19.018660,1,-1,-1,-1,0.655120,0.655120,3.200116,2.701574
21,1126,122.509704,130.880010,18.501400,7.739980,1,-1,-1,-1,0.655120,0.655120,3.200116,2.701574
21,1125,95.308363,130.636588,16.817018,7.291890,1,-1,-1,-1,0.655120,0.655120,3.200116,2.701574
22,1141,31.395072,61.890561,9.297254,19.693248,1,-1,-1,-1,0.739812,0.739812,5.560040,2.851250
22,1134,35.193967,214.224055,7.856834,15.940636,1,-1,-1,-1,0.656728,0.656728,3.295443,2.701643
22,1131,45.663452,54.547499,8.546527,18.847877,1,-1,-1,-1,0.654721,0.654721,3.169484,2.701568
22,1130,49.322804,216.682509,8.187319,16.918466,1,-1,-1,-1,0.654721,0.654721,3.169484,2.701568
22,1129,49.353455,246.915986,8.666270,18.337292,1,-1,-1,-1,0.654721,0.654721,3.169484,2.701568
22,1128,34.319588,187.609894,8.520822,19.597200,1,-1,-1,-1,0.654721,0.654721,3.169484,2.701568
22,1127,45.239519,25.048553,7.991132,19.016140,1,-1,-1,-1,0.654721,0.654721,3.169484,2.701568
22,1126,122.509623,130.880017,18.500978,7.739967,1,-1,-1,-1,0.654721,0.654721,3.169484,2.701568
22,1125,95.302242,130.638427,16.814201,7.290980,1,-1,-1,-1,0.654721,0.654721,3.169484,2.701568
23,1141,31.715030,53.111468,8.887698,18.441217,1,-1,-1,-1,0.714060,0.714060,5.062690,2.780435
23,1134,35.083942,213.703292,7.856710,15.925112,1,-1,-1,-1,0.656018,0.656018,3.253283,2.701605
23,1131,45.655903,54.399538,8.615120,18.899818,1,-1,-1,-1,0.654397,0.654397,3.142321,2.701565
23,1130,49.358523,218.063796,8.298565,17.395593,1,-1,-1,-1,0.654397,0.654397,3.142321,2.701565
23,1129,49.488176,246.827966,8.608902,18.345565,1,-1,-1,-1,0.654397,0.654397,3.142321,2.701565
23,1128,34.326208,187.608437,8.520507,19.595041,1,-1,-1,-1,0.654397,0.654397,3.142321,2.701565
23,1127,45.244304,25.032252,7.987655,19.007960,1,-1,-1,-1,0.654397,0.654397,3.142321,2.701565
23,1126,122.509667,130.880020,18.500674,7.739959,1,-1,-1,-1,0.654397,0.654397,3.142321,2.701565
23,1125,95.302182,130.639242,16.815132,7.290440,1,-1,-1,-1,0.654397,0.654397,3.142321,2.701565
24,1141,31.670146,44.897996,8.741688,18.201467,1,-1,-1,-1,0.697349,0.697349,4.683127,2.743335
24,1134,35.054566,213.567833,7.852132,15.882906,1,-1,-1,-1,0.655447,0.655447,3.216405,2.701585
24,1131,45.562570,54.317669,8.475598,18.708510,1,-1,-1,-1,0.654134,0.654134,3.118101,2.701564
24,1130,49.295455,218.014082,8.343748,17.537791,1,-1,-1,-1,0.654134,0.654134,3.118101,2.701564
24,1129,49.453228,246.849151,8.635407,18.400146,1,-1,-1,-1,0.654134,0.654134,3.118101,2.701564
24,1128,34.322181,187.610096,8.520377,19.596396,1,-1,-1,-1,0.654134,0.654134,3.118101,2.701564
24,1127,45.248446,25.037377,7.988246,19.008411,1,-1,-1,-1,0.654134,0.654134,3.118101,2.701564
24,1126,122.509739,130.880023,18.500455,7.739955,1,-1,-1,-1,0.654134,0.654134,3.118101,2.701564
24,1125,95.298585,130.643194,16.822636,7.296060,1,-1,-1,-1,0.654134,0.654134,3.118101,2.701564
25,1141,31.593443,36.731177,8.829663,17.748580,1,-1,-1,-1,0.686065,0.686065,4.388218,2.723746
25,1134,35.157248,213.343864,7.813553,15.767562,1,-1,-1,-1,0.654985,0.654985,3.183951,2.701574
25,1131,45.647369,54.406300,8.450943,18.730207,1,-1,-1,-1,0.653921,0.653921,3.096395,2.701563
25,1130,49.324343,217.328805,8.353357,17.374118,1,-1,-1,-1,0.653921,0.653921,3.096395,2.701563
25,1129,49.276271,246.721538,8.737576,18.513062,1,-1,-1,-1,0.653921,0.653921,3.096395,2.701563
25,1128,34.320671,187.617054,8.520280,19.597380,1,-1,-1,-1,0.653921,0.653921,3.096395,2.701563
25,1127,45.249871,25.047630,7.988761,19.011638,1,-1,-1,-1,0.653921,0.653921,3.096395,2.701563
25,1126,122.509807,130.880024,18.500297,7.739952,1,-1,-1,-1,0.653921,0.653921,3.096395,2.701563
25,1125,95.302214,130.640262,16.815497,7.293980,1,-1,-1,-1,0.653921,0.653921,3.096395,2.701563
26,1141,31.196729,28.655506,8.644834,17.904923,1,-1,-1,-1,0.678159,0.678159,4.155461,2.713360
26,1134,35.159067,213.489158,7.814837,15.772800,1,-1,-1,-1,0.654611,0.654611,3.155226,2.701569
26,1131,45.684086,54.351288,8.603327,18.857312,1,-1,-1,-1,0.653747,0.653747,3.076849,2.701563
26,1130,49.395983,217.409944,8.287985,17.357544,1,-1,-1,-1,0.653747,0.653747,3.076849,2.701563
26,1129,49.335620,246.385496,8.772333,18.455547,1,-1,-1,-1,0.653747,0.653747,3.076849,2.701563
26,1128,34.324791,187.621573,8.517400,19.600550,1,-1,-1,-1,0.653747,0.653747,3.076849,2.701563
26,1127,45.246822,25.031033,7.983038,19.001537,1,-1,-1,-1,0.653747,0.653747,3.076849,2.701563
26,1126,122.504923,130.881809,18.503525,7.742919,1,-1,-1,-1,0.653747,0.653747,3.076849,2.701563
26,1125,95.298589,130.642980,16.822794,7.298599,1,-1,-1,-1,0.653747,0.653747,3.076849,2.701563
27,1141,31.071851,19.507011,8.484687,17.883372,1,-1,-1,-1,0.672446,0.672446,3.969193,2.707841
27,1134,35.214492,213.442603,7.797719,15.764869,1,-1,-1,-1,0.654308,0.654308,3.129663,2.701566
27,1131,45.705494,54.475851,8.574515,18.810788,1,-1,-1,-1,0.653605,0.653605,3.059169,2.701562
27,1130,49.413655,217.199477,8.295093,17.230772,1,-1,-1,-1,0.653605,0.653605,3.059169,2.701562
27,1129,49.464820,246.137740,8.723181,18.307418,1,-1,-1,-1,0.653605,0.653605,3.059169,2.701562
27,1128,34.328761,187.612310,8.518032,19.597535,1,-1,-1,-1,0.653605,0.653605,3.059169,2.701562
27,1127,45.248239,25.056825,7.982245,19.011975,1,-1,-1,-1,0.653605,0.653605,3.059169,2.701562
27,1126,122.509288,130.880145,18.505400,7.742183,1,-1,-1,-1,0.653605,0.653605,3.059169,2.701562
27,1125,95.300889,130.641425,16.824746,7.298980,1,-1,-1,-1,0.653605,0.653605,3.059169,2.701562
28,1141,30.873228,10.286671,8.358524,17.754229,1,-1,-1,-1,0.668212,0.668212,3.818265,2.704905
28,1134,35.123641,214.090701,7.812306,15.934237,1,-1,-1,-1,0.654062,0.654062,3.106798,2.701564
28,1131,45.792530,54.397447,8.490516,18.639043,1,-1,-1,-1,0.653490,0.653490,3.043111,2.701562
28,1130,49.448494,216.402744,8.156220,16.864044,1,-1,-1,-1,0.653490,0.653490,3.043111,2.701562
28,1129,49.440643,246.435948,8.687655,18.330737,1,-1,-1,-1,0.653490,0.653490,3.043111,2.701562
28,1128,34.330110,187.611142,8.518571,19.598219,1,-1,-1,-1,0.653490,0.653490,3.043111,2.701562
28,1127,45.250901,25.044195,7.984240,19.008498,1,-1,-1,-1,0.653490,0.653490,3.043111,2.701562
28,1126,122.508793,130.879673,18.503890,7.741572,1,-1,-1,-1,0.653490,0.653490,3.043111,2.701562
28,1125,95.304487,130.639003,16.820029,7.296235,1,-1,-1,-1,0.653490,0.653490,3.043111,2.701562
29,1147,43.614693,-3.082600,10.371121,20.794609,1,-1,-1,-1,0.847083,0.847083,7.132717,3.262201
29,1141,30.523768,1.153872,8.368072,18.087541,1,-1,-1,-1,0.665009,0.665009,3.694582,2.703342
29,1134,35.220733,214.164192,7.816436,16.070296,1,-1,-1,-1,0.653862,0.653862,3.086246,2.701563
29,1131,45.694807,54.401146,8.471535,18.617905,1,-1,-1,-1,0.653396,0.653396,3.028469,2.701562
29,1130,49.505077,217.130088,8.127577,16.954996,1,-1,-1,-1,0.653396,0.653396,3.028469,2.701562
29,1129,49.434712,246.666727,8.667531,18.354123,1,-1,-1,-1,0.653396,0.653396,3.028469,2.701562
29,1128,34.323977,187.610594,8.518963,19.598713,1,-1,-1,-1,0.653396,0.653396,3.028469,2.701562
29,1127,45.249689,25.035472,7.982902,19.008445,1,-1,-1,-1,0.653396,0.653396,3.028469,2.701562
29,1126,122.508862,130.879597,18.502797,7.741129,1,-1,-1,-1,0.653396,0.653396,3.028469,2.701562
29,1125,95.300533,130.642078,16.828854,7.300270,1,-1,-1,-1,0.653396,0.653396,3.028469,2.701562
30,1147,43.736953,-3.674906,10.178062,20.389056,1,-1,-1,-1,0.780933,0.780933,6.225018,2.988460
30,1141,30.190859,-8.608618,8.477506,18.500398,1,-1,-1,-1,0.662548,0.662548,3.592165,2.702510
30,1134,35.251094,213.859044,7.811492,16.039613,1,-1,-1,-1,0.653699,0.653699,3.067692,2.701563
30,1131,45.771985,54.354445,8.405510,18.562802,1,-1,-1,-1,0.653319,0.653319,3.015070,2.701562
30,1130,49.508072,217.502321,8.061936,17.048954,1,-1,-1,-1,0.653319,0.653319,3.015070,2.701562
30,1129,49.385209,246.753276,8.676045,18.390860,1,-1,-1,-1,0.653319,0.653319,3.015070,2.701562
30,1128,34.321571,187.610313,8.519247,19.599071,1,-1,-1,-1,0.653319,0.653319,3.015070,2.701562
30,1127,45.249453,25.032167,7.981935,19.008430,1,-1,-1,-1,0.653319,0.653319,3.015070,2.701562
30,1126,122.510915,130.879612,18.504862,7.740874,1,-1,-1,-1,0.653319,0.653319,3.015070,2.701562
30,1125,95.298709,130.640816,16.826292,7.300123,1,-1,-1,-1,0.653319,0.653319,3.015070,2.701562
31,1147,43.665070,-4.099209,10.315663,20.566356,1,-1,-1,-1,0.739812,0.739812,5.560040,2.851250
31,1141,29.972280,-17.220521,8.463123,18.845204,1,-1,-1,-1,0.660633,0.660633,3.506534,2.702067
31,1134,35.207202,214.226637,7.835208,16.233349,1,-1,-1,-1,0.653566,0.653566,3.050869,2.701562
31,1131,45.825397,54.363556,8.338843,18.573759,1,-1,-1,-1,0.653256,0.653256,3.002767,2.701562
31,1130,49.501855,216.991843,8.057961,16.937461,1,-1,-1,-1,0.653256,0.653256,3.002767,2.701562
31,1129,49.261864,246.939261,8.686092,18.462963,1,-1,-1,-1,0.653256,0.653256,3.002767,2.701562
31,1128,34.322452,187.616517,8.522306,19.599676,1,-1,-1,-1,0.653256,0.653256,3.002767,2.701562
31,1127,45.246675,25.037106,7.986942,19.009157,1,-1,-1,-1,0.653256,0.653256,3.002767,2.701562
31,1126,122.511151,130.881505,18.506725,7.743537,1,-1,-1,-1,0.653256,0.653256,3.002767,2.701562
31,1125,95.295600,130.640287,16.830138,7.300152,1,-1,-1,-1,0.653256,0.653256,3.002767,2.701562
32,1141,29.834341,-26.458045,8.433521,19.046081,1,-1,-1,-1,0.659128,0.659128,3.434287,2.701831
32,1134,35.216796,213.556202,7.843735,16.097658,1,-1,-1,-1,0.653458,0.653458,3.035556,2.701562
32,1131,45.861097,54.439415,8.315236,18.551462,1,-1,-1,-1,0.653205,0.653205,2.991436,2.701562
32,1130,49.576989,217.429437,8.064612,17.095345,1,-1,-1,-1,0.653205,0.653205,2.991436,2.701562
32,1129,49.490370,246.761468,8.629822,18.344758,1,-1,-1,-1,0.653205,0.653205,2.991436,2.701562
32,1128,34.320448,187.610572,8.521619,19.596914,1,-1,-1,-1,0.653205,0.653205,2.991436,2.701562
32,1127,45.242907,25.039064,7.987738,19.009311,1,-1,-1,-1,0.653205,0.653205,2.991436,2.701562
32,1126,122.509252,130.879947,18.504861,7.742561,1,-1,-1,-1,0.653205,0.653205,2.991436,2.701562
32,1125,95.301452,130.638330,16.824063,7.297133,1,-1,-1,-1,0.653205,0.653205,2.991436,2.701562
33,1141,29.872193,-33.337830,8.417009,19.247900,1,-1,-1,-1,0.657936,0.657936,3.372813,2.701705
33,1134,35.276003,213.451572,7.827152,16.020774,1,-1,-1,-1,0.653370,0.653370,3.021566,2.701562
33,1131,45.946287,54.442521,8.280335,18.496879,1,-1,-1,-1,0.653163,0.653163,2.980969,2.701562
33,1130,49.470547,217.771067,8.199574,17.307395,1,-1,-1,-1,0.653163,0.653163,2.980969,2.701562
33,1129,49.652333,246.022592,8.504184,18.001131,1,-1,-1,-1,0.653163,0.653163,2.980969,2.701562
33,1128,34.321623,187.610480,8.524024,19.598072,1,-1,-1,-1,0.653163,0.653163,2.980969,2.701562
33,1127,45.247845,25.048166,7.988377,19.012265,1,-1,-1,-1,0.653163,0.653163,2.980969,2.701562
33,1126,122.508847,130.879520,18.503507,7.741852,1,-1,-1,-1,0.653163,0.653163,2.980969,2.701562
33,1125,95.295182,130.639893,16.825671,7.297910,1,-1,-1,-1,0.653163,0.653163,2.980969,2.701562
34,1134,35.263983,213.402668,7.817652,15.959154,1,-1,-1,-1,0.653298,0.653298,3.008740,2.701562
34,1131,45.803925,54.465681,8.328644,18.458609,1,-1,-1,-1,0.653129,0.653129,2.971273,2.701562
34,1130,49.536578,217.516860,8.076675,17.264743,1,-1,-1,-1,0.653129,0.653129,2.971273,2.701562
34,1129,49.507737,246.608048,8.574228,18.138700,1,-1,-1,-1,0.653129,0.653129,2.971273,2.701562
34,1128,34.319807,187.610420,8.522934,19.598587,1,-1,-1,-1,0.653129,0.653129,2.971273,2.701562
34,1127,45.243082,25.051099,7.988840,19.014413,1,-1,-1,-1,0.653129,0.653129,2.971273,2.701562
34,1126,122.508927,130.879479,18.502525,7.741337,1,-1,-1,-1,0.653129,0.653129,2.971273,2.701562
34,1125,95.299055,130.640356,16.826841,7.298474,1,-1,-1,-1,0.653129,0.653129,2.971273,2.701562
35,1134,35.187925,213.843608,7.839037,16.114991,1,-1,-1,-1,0.653239,0.653239,2.996944,2.701562
35,1131,45.721192,54.472820,8.377909,18.552213,1,-1,-1,-1,0.653101,0.653101,2.962268,2.701562
35,1130,49.399840,217.848827,8.196597,17.453019,1,-1,-1,-1,0.653101,0.653101,2.962268,2.701562
35,1129,49.305693,246.890406,8.620329,18.282095,1,-1,-1,-1,0.653101,0.653101,2.962268,2.701562
35,1128,34.325841,187.610316,8.522140,19.598965,1,-1,-1,-1,0.653101,0.653101,2.962268,2.701562
35,1127,45.247752,25.036897,7.989120,19.013142,1,-1,-1,-1,0.653101,0.653101,2.962268,2.701562
35,1126,122.509130,130.879555,18.501811,7.740963,1,-1,-1,-1,0.653101,0.653101,2.962268,2.701562
35,1125,95.300325,130.640433,16.827691,7.298885,1,-1,-1,-1,0.653101,0.653101,2.962268,2.701562
36,1134,35.188361,213.832811,7.807988,16.110822,1,-1,-1,-1,0.653191,0.653191,2.986061,2.701562
36,1131,45.829261,54.374647,8.353007,18.378217,1,-1,-1,-1,0.653078,0.653078,2.953887,2.701562
36,1130,49.412788,217.176910,8.223357,17.255994,1,-1,-1,-1,0.653078,0.653078,2.953887,2.701562
36,1129,49.503954,246.857627,8.623816,18.334755,1,-1,-1,-1,0.653078,0.653078,2.953887,2.701562
36,1128,34.321765,187.608367,8.521507,19.596415,1,-1,-1,-1,0.653078,0.653078,2.953887,2.701562
36,1127,45.249477,25.031711,7.989327,19.012218,1,-1,-1,-1,0.653078,0.653078,2.953887,2.701562
36,1126,122.509334,130.879650,18.501293,7.740691,1,-1,-1,-1,0.653078,0.653078,2.953887,2.701562
36,1125,95.298801,130.640416,16.825482,7.299129,1,-1,-1,-1,0.653078,0.653078,2.953887,2.701562
37,1134,35.244487,213.361940,7.769309,16.013019,1,-1,-1,-1,0.653151,0.653151,2.975994,2.701562
37,1131,45.800107,54.380397,8.510187,18.559632,1,-1,-1,-1,0.653059,0.653059,2.946067,2.701562
37,1130,49.363293,217.530784,8.283674,17.358685,1,-1,-1,-1,0.653059,0.653059,2.946067,2.701562
37,1129,49.492253,247.122990,8.708043,18.489437,1,-1,-1,-1,0.653059,0.653059,2.946067,2.701562
37,1128,34.320295,187.609935,8.521101,19.597386,1,-1,-1,-1,0.653059,0.653059,2.946067,2.701562
37,1127,45.250060,25.038305,7.989530,19.014370,1,-1,-1,-1,0.653059,0.653059,2.946067,2.701562
37,1126,122.504826,130.879709,18.503741,7.740544,1,-1,-1,-1,0.653059,0.653059,2.946067,2.701562
37,1125,95.300455,130.640337,16.826699,7.299363,1,-1,-1,-1,0.653059,0.653059,2.946067,2.701562
38,1134,35.199844,213.747883,7.775551,16.096820,1,-1,-1,-1,0.653119,0.653119,2.966657,2.701562
38,1131,45.710878,54.551083,8.464657,18.618769,1,-1,-1,-1,0.653044,0.653044,2.938756,2.701562
38,1130,49.403969,216.845352,8.187709,17.129794,1,-1,-1,-1,0.653044,0.653044,2.938756,2.701562
38,1129,49.414464,246.596802,8.723083,18.434499,1,-1,-1,-1,0.653044,0.653044,2.938756,2.701562
38,1128,34.319813,187.610375,8.520805,19.598095,1,-1,-1,-1,0.653044,0.653044,2.938756,2.701562
38,1127,45.243705,25.046980,7.989676,19.015937,1,-1,-1,-1,0.653044,0.653044,2.938756,2.701562
38,1126,122.509227,130.879760,18.505523,7.740435,1,-1,-1,-1,0.653044,0.653044,2.938756,2.701562
38,1125,95.297909,130.642067,16.833503,7.302457,1,-1,-1,-1,0.653044,0.653044,2.938756,2.701562
39,1134,35.186469,213.266142,7.790413,15.970464,1,-1,-1,-1,0.653093,0.653093,2.957975,2.701562
39,1131,45.629592,54.425166,8.424511,18.598019,1,-1,-1,-1,0.653031,0.653031,2.931907,2.701562
39,1130,49.501456,215.621746,8.111408,16.566850,1,-1,-1,-1,0.653031,0.653031,2.931907,2.701562
39,1129,49.638828,244.343643,8.468909,17.718604,1,-1,-1,-1,0.653031,0.653031,2.931907,2.701562
39,1128,34.319690,187.610425,8.520588,19.598612,1,-1,-1,-1,0.653031,0.653031,2.931907,2.701562
39,1127,45.247842,25.033215,7.989685,19.011443,1,-1,-1,-1,0.653031,0.653031,2.931907,2.701562
39,1126,122.510592,130.879801,18.506819,7.740354,1,-1,-1,-1,0.653031,0.653031,2.931907,2.701562
39,1125,95.298707,130.640375,16.832539,7.301786,1,-1,-1,-1,0.653031,0.653031,2.931907,2.701562
40,1134,35.153702,214.443213,7.845096,16.319527,1,-1,-1,-1,0.653071,0.653071,2.949883,2.701562
40,1131,45.771297,54.258946,8.384628,18.375955,1,-1,-1,-1,0.653021,0.653021,2.925479,2.701562
40,1130,49.375271,217.061478,8.245572,16.894090,1,-1,-1,-1,0.653021,0.653021,2.925479,2.701562
40,1129,49.395106,246.134186,8.553252,18.058604,1,-1,-1,-1,0.653021,0.653021,2.925479,2.701562
40,1128,34.319690,187.610360,8.520430,19.598989,1,-1,-1,-1,0.653021,0.653021,2.925479,2.701562
40,1127,45.249387,25.030626,7.989742,19.010986,1,-1,-1,-1,0.653021,0.653021,2.925479,2.701562
40,1126,122.508885,130.881715,18.505219,7.743058,1,-1,-1,-1,0.653021,0.653021,2.925479,2.701562
40,1125,95.300124,130.639914,16.823398,7.301152,1,-1,-1,-1,0.653021,0.653021,2.925479,2.701562
41,1134,35.131476,213.662726,7.813799,16.182674,1,-1,-1,-1,0.653054,0.653054,2.942326,2.701562
41,1131,45.873082,54.532307,8.332748,18.422708,1,-1,-1,-1,0.653013,0.653013,2.919436,2.701562
41,1130,49.452946,217.382943,8.202031,16.979164,1,-1,-1,-1,0.653013,0.653013,2.919436,2.701562
41,1129,49.496074,246.675767,8.603137,18.179706,1,-1,-1,-1,0.653013,0.653013,2.919436,2.701562
41,1128,34.326255,187.610274,8.520315,19.599265,1,-1,-1,-1,0.653013,0.653013,2.919436,2.701562
41,1127,45.249955,25.029748,7.989785,19.010656,1,-1,-1,-1,0.653013,0.653013,2.919436,2.701562
41,1126,122.510507,130.880084,18.506588,7.742264,1,-1,-1,-1,0.653013,0.653013,2.919436,2.701562
41,1125,95.296502,130.641608,16.828239,7.303696,1,-1,-1,-1,0.653013,0.653013,2.919436,2.701562
42,1134,35.103297,213.844851,7.835176,16.221814,1,-1,-1,-1,0.653040,0.653040,2.935253,2.701562
42,1131,45.823671,54.509089,8.377975,18.538557,1,-1,-1,-1,0.653006,0.653006,2.913746,2.701562
42,1130,49.402991,217.246632,8.194207,16.986275,1,-1,-1,-1,0.653006,0.653006,2.913746,2.701562
42,1129,49.378807,247.061482,8.626670,18.329798,1,-1,-1,-1,0.653006,0.653006,2.913746,2.701562
42,1128,34.328790,187.608336,8.520185,19.596657,1,-1,-1,-1,0.653006,0.653006,2.913746,2.701562
42,1127,45.250153,25.029501,7.989817,19.010416,1,-1,-1,-1,0.653006,0.653006,2.913746,2.701562
42,1126,122.509018,130.879621,18.504778,7.741639,1,-1,-1,-1,0.653006,0.653006,2.913746,2.701562
42,1125,95.302009,130.631620,16.822847,7.299792,1,-1,-1,-1,0.653006,0.653006,2.913746,2.701562
43,1134,35.111493,213.764556,7.832074,16.155277,1,-1,-1,-1,0.653028,0.653028,2.928621,2.701562
43,1131,45.763094,54.472030,8.406618,18.560361,1,-1,-1,-1,0.653000,0.653000,2.908379,2.701562
43,1130,49.310940,217.808195,8.304728,17.250455,1,-1,-1,-1,0.653000,0.653000,2.908379,2.701562
43,1129,49.246820,247.078001,8.712740,18.415516,1,-1,-1,-1,0.653000,0.653000,2.908379,2.701562
43,1128,34.329737,187.609924,8.520137,19.597565,1,-1,-1,-1,0.653000,0.653000,2.908379,2.701562
43,1127,45.250211,25.036007,7.989841,19.010243,1,-1,-1,-1,0.653000,0.653000,2.908379,2.701562
43,1126,122.508764,130.879553,18.503460,7.741185,1,-1,-1,-1,0.653000,0.653000,2.908379,2.701562
43,1125,95.300368,130.635021,16.821736,7.296996,1,-1,-1,-1,0.653000,0.653000,2.908379,2.701562
44,1134,35.142864,213.372204,7.840125,16.041691,1,-1,-1,-1,0.653018,0.653018,2.922392,2.701562
44,1131,45.758747,54.502575,8.353979,18.531330,1,-1,-1,-1,0.652996,0.652996,2.903309,2.701562
44,1130,49.242692,217.263251,8.341702,17.154105,1,-1,-1,-1,0.652996,0.652996,2.903309,2.701562
44,1129,49.341922,246.419893,8.795271,18.323203,1,-1,-1,-1,0.652996,0.652996,2.903309,2.701562
44,1128,34.323557,187.610378,8.520101,19.598226,1,-1,-1,-1,0.652996,0.652996,2.903309,2.701562
44,1127,45.250198,25.040390,7.989902,19.012920,1,-1,-1,-1,0.652996,0.652996,2.903309,2.701562
44,1126,122.508897,130.879607,18.502500,7.740854,1,-1,-1,-1,0.652996,0.652996,2.903309,2.701562
44,1125,95.299816,130.638684,16.821169,7.297765,1,-1,-1,-1,0.652996,0.652996,2.903309,2.701562
45,1134,35.167283,213.533069,7.857636,16.011213,1,-1,-1,-1,0.653010,0.653010,2.916530,2.701562
45,1131,45.781308,54.540632,8.331428,18.610795,1,-1,-1,-1,0.652992,0.652992,2.898514,2.701562
45,1130,49.166379,217.982388,8.437430,17.483082,1,-1,-1,-1,0.652992,0.652992,2.898514,2.701562
45,1129,49.534379,243.180916,8.854034,17.401529,1,-1,-1,-1,0.652992,0.652992,2.898514,2.701562
45,1128,34.321228,187.608574,8.520033,19.595908,1,-1,-1,-1,0.652992,0.652992,2.898514,2.701562
45,1127,45.245529,25.046133,7.992703,19.012305,1,-1,-1,-1,0.652992,0.652992,2.898514,2.701562
45,1126,122.509118,130.879687,18.501801,7.740614,1,-1,-1,-1,0.652992,0.652992,2.898514,2.701562
45,1125,95.299822,130.638086,16.820531,7.295526,1,-1,-1,-1,0.652992,0.652992,2.898514,2.701562
46,1134,35.130924,213.517579,7.844593,15.956306,1,-1,-1,-1,0.653004,0.653004,2.911006,2.701562
46,1131,45.776306,54.446597,8.363265,18.544011,1,-1,-1,-1,0.652989,0.652989,2.893973,2.701562
46,1130,49.244909,217.451854,8.383505,17.383966,1,-1,-1,-1,0.652989,0.652989,2.893973,2.701562
46,1129,49.346178,245.826635,8.934752,17.845710,1,-1,-1,-1,0.652989,0.652989,2.893973,2.701562
46,1128,34.320337,187.610166,8.520026,19.597018,1,-1,-1,-1,0.652989,0.652989,2.893973,2.701562
46,1127,45.241377,25.050388,7.991988,19.014418,1,-1,-1,-1,0.652989,0.652989,2.893973,2.701562
46,1126,122.511193,130.879741,18.504090,7.740479,1,-1,-1,-1,0.652989,0.652989,2.893973,2.701562
46,1125,95.304599,130.638275,16.817278,7.293856,1,-1,-1,-1,0.652989,0.652989,2.893973,2.701562
47,1134,35.110089,213.307273,7.840707,15.924937,1,-1,-1,-1,0.652999,0.652999,2.905791,2.701562
47,1131,45.883430,54.477511,8.372912,18.528728,1,-1,-1,-1,0.652986,0.652986,2.889667,2.701562
47,1130,49.152395,217.100456,8.399294,17.231080,1,-1,-1,-1,0.652986,0.652986,2.889667,2.701562
47,1129,49.355792,246.374854,8.991849,17.974181,1,-1,-1,-1,0.652986,0.652986,2.889667,2.701562
47,1128,34.326560,187.608717,8.519980,19.595032,1,-1,-1,-1,0.652986,0.652986,2.889667,2.701562
47,1127,45.246483,25.036675,7.991425,19.013164,1,-1,-1,-1,0.652986,0.652986,2.889667,2.701562
47,1126,122.511580,130.879787,18.505758,7.740379,1,-1,-1,-1,0.652986,0.652986,2.889667,2.701562
47,1125,95.304072,130.640472,16.820726,7.295521,1,-1,-1,-1,0.652986,0.652986,2.889667,2.701562
48,1134,35.191871,213.631296,7.797234,15.979137,1,-1,-1,-1,0.652994,0.652994,2.900863,2.701562
48,1131,45.824745,54.460890,8.542412,18.697206,1,-1,-1,-1,0.652984,0.652984,2.885579,2.701562
48,1130,49.238992,216.904012,8.371373,17.122329,1,-1,-1,-1,0.652984,0.652984,2.885579,2.701562
48,1129,49.267593,246.695127,8.863866,18.107205,1,-1,-1,-1,0.652984,0.652984,2.885579,2.701562
48,1128,34.322401,187.608521,8.519948,19.593586,1,-1,-1,-1,0.652984,0.652984,2.885579,2.701562
48,1127,45.248528,25.031669,7.991016,19.012251,1,-1,-1,-1,0.652984,0.652984,2.885579,2.701562
48,1126,122.509560,130.879843,18.504179,7.740267,1,-1,-1,-1,0.652984,0.652984,2.885579,2.701562
48,1125,95.304296,130.639212,16.814646,7.293821,1,-1,-1,-1,0.652984,0.652984,2.885579,2.701562
49,1134,35.163350,213.227647,7.808597,15.921509,1,-1,-1,-1,0.652991,0.652991,2.896198,2.701562
49,1131,45.646567,54.233222,8.480425,18.511493,1,-1,-1,-1,0.652983,0.652983,2.881694,2.701562
49,1130,49.405832,216.447059,8.250160,16.809164,1,-1,-1,-1,0.652983,0.652983,2.881694,2.701562
49,1129,49.397135,246.233606,8.867926,18.055619,1,-1,-1,-1,0.652983,0.652983,2.881694,2.701562
49,1128,34.327333,187.610578,8.519965,19.595324,1,-1,-1,-1,0.652983,0.652983,2.881694,2.701562
49,1127,45.242842,25.043000,7.990718,19.011587,1,-1,-1,-1,0.652983,0.652983,2.881694,2.701562
49,1126,122.509063,130.879885,18.503028,7.740186,1,-1,-1,-1,0.652983,0.652983,2.881694,2.701562
49,1125,95.305435,130.639031,16.810223,7.292587,1,-1,-1,-1,0.652983,0.652983,2.881694,2.701562
50,1134,35.167045,213.753783,7.836105,16.020881,1,-1,-1,-1,0.652988,0.652988,2.891778,2.701562
50,1131,45.577853,54.348407,8.458919,18.540965,1,-1,-1,-1,0.652981,0.652981,2.877997,2.701562
50,1130,49.438535,217.157222,8.187091,16.944600,1,-1,-1,-1,0.652981,0.652981,2.877997,2.701562
50,1129,49.407594,246.402601,8.777255,18.097184,1,-1,-1,-1,0.652981,0.652981,2.877997,2.701562
50,1128,34.322670,187.611064,8.519976,19.596592,1,-1,-1,-1,0.652981,0.652981,2.877997,2.701562
50,1127,45.240718,25.049294,7.990539,19.013894,1,-1,-1,-1,0.652981,0.652981,2.877997,2.701562
50,1126,122.509077,130.879916,18.502189,7.740127,1,-1,-1,-1,0.652981,0.652981,2.877997,2.701562
50,1125,95.300850,130.642844,16.818585,7.297427,1,-1,-1,-1,0.652981,0.652981,2.877997,2.701562
51,1134,35.217501,213.816916,7.826827,16.035214,1,-1,-1,-1,0.652986,0.652986,2.887583,2.701562
51,1131,45.725147,54.403920,8.411684,18.497017,1,-1,-1,-1,0.652980,0.652980,2.874476,2.701562
51,1130,49.256234,217.869807,8.421661,17.315054,1,-1,-1,-1,0.652980,0.652980,2.874476,2.701562
51,1129,49.732309,243.594359,8.636565,17.229865,1,-1,-1,-1,0.652980,0.652980,2.874476,2.701562
51,1128,34.320893,187.617557,8.519985,19.597517,1,-1,-1,-1,0.652980,0.652980,2.874476,2.701562
51,1127,45.244635,25.036431,7.987583,19.012584,1,-1,-1,-1,0.652980,0.652980,2.874476,2.701562
51,1126,122.509231,130.879940,18.501578,7.740084,1,-1,-1,-1,0.652980,0.652980,2.874476,2.701562
51,1125,95.298679,130.641634,16.816100,7.298049,1,-1,-1,-1,0.652980,0.652980,2.874476,2.701562
52,1134,35.148102,213.629384,7.810896,15.994869,1,-1,-1,-1,0.652984,0.652984,2.883599,2.701562
52,1131,45.733078,54.517064,8.392431,18.551328,1,-1,-1,-1,0.652979,0.652979,2.871119,2.701562
52,1130,49.191822,218.312188,8.422637,17.554307,1,-1,-1,-1,0.652979,0.652979,2.871119,2.701562
52,1129,49.602200,245.583544,8.651666,17.451577,1,-1,-1,-1,0.652979,0.652979,2.871119,2.701562
52,1128,34.320223,187.613321,8.519991,19.598192,1,-1,-1,-1,0.652979,0.652979,2.871119,2.701562
52,1127,45.248505,25.040059,7.988251,19.014624,1,-1,-1,-1,0.652979,0.652979,2.871119,2.701562
52,1126,122.509400,130.879957,18.501133,7.740054,1,-1,-1,-1,0.652979,0.652979,2.871119,2.701562
52,1125,95.306796,130.639166,16.816882,7.295755,1,-1,-1,-1,0.652979,0.652979,2.871119,2.701562
53,1134,35.265645,213.353326,7.804298,15.920687,1,-1,-1,-1,0.652982,0.652982,2.879810,2.701562
53,1131,45.759970,54.628990,8.350612,18.597198,1,-1,-1,-1,0.652978,0.652978,2.867916,2.701562
53,1130,49.319248,217.109662,8.367645,17.252363,1,-1,-1,-1,0.652978,0.652978,2.867916,2.701562
53,1129,49.508727,246.571339,8.685589,17.755204,1,-1,-1,-1,0.652978,0.652978,2.867916,2.701562
53,1128,34.319977,187.618110,8.519995,19.598684,1,-1,-1,-1,0.652978,0.652978,2.867916,2.701562
53,1127,45.249877,25.032682,7.988703,19.013325,1,-1,-1,-1,0.652978,0.652978,2.867916,2.701562
53,1126,122.504889,130.879952,18.503593,7.740066,1,-1,-1,-1,0.652978,0.652978,2.867916,2.701562
53,1125,95.301337,130.638644,16.814675,7.294049,1,-1,-1,-1,0.652978,0.652978,2.867916,2.701562
54,1134,35.209972,213.802577,7.767191,15.956164,1,-1,-1,-1,0.652981,0.652981,2.876203,2.701562
54,1131,45.757769,54.473077,8.516438,18.729786,1,-1,-1,-1,0.652978,0.652978,2.864857,2.701562
54,1130,49.231891,217.788294,8.461710,17.527858,1,-1,-1,-1,0.652978,0.652978,2.864857,2.701562
54,1129,49.453849,246.895500,8.638814,17.966825,1,-1,-1,-1,0.652978,0.652978,2.864857,2.701562
54,1128,34.319892,187.613298,8.519997,19.599043,1,-1,-1,-1,0.652978,0.652978,2.864857,2.701562
54,1127,45.254969,25.030210,7.986250,19.012185,1,-1,-1,-1,0.652978,0.652978,2.864857,2.701562
54,1126,122.507410,130.879966,18.502603,7.740040,1,-1,-1,-1,0.652978,0.652978,2.864857,2.701562
54,1125,95.298543,130.642440,16.821808,7.298482,1,-1,-1,-1,0.652978,0.652978,2.864857,2.701562
55,1134,35.250162,213.785232,7.793404,16.008330,1,-1,-1,-1,0.652980,0.652980,2.872767,2.701562
55,1131,45.663380,54.486064,8.629294,18.856795,1,-1,-1,-1,0.652977,0.652977,2.861934,2.701562
55,1130,49.215455,217.645211,8.463914,17.544748,1,-1,-1,-1,0.652977,0.652977,2.861934,2.701562
55,1129,49.588651,246.752633,8.597104,18.072467,1,-1,-1,-1,0.652977,0.652977,2.861934,2.701562
55,1128,34.319886,187.609519,8.519965,19.596522,1,-1,-1,-1,0.652977,0.652977,2.861934,2.701562
55,1127,45.252660,25.035925,7.987245,19.011551,1,-1,-1,-1,0.652977,0.652977,2.861934,2.701562
55,1126,122.510425,130.879960,18.504663,7.740055,1,-1,-1,-1,0.652977,0.652977,2.861934,2.701562
55,1125,95.302086,130.637555,16.815322,7.293227,1,-1,-1,-1,0.652977,0.652977,2.861934,2.701562
56,1134,35.059878,214.925706,7.881260,16.398850,1,-1,-1,-1,0.652979,0.652979,2.869489,2.701562
56,1131,45.571997,54.389454,8.567519,18.793861,1,-1,-1,-1,0.652977,0.652977,2.859137,2.701562
56,1130,49.156369,217.303654,8.472624,17.436705,1,-1,-1,-1,0.652977,0.652977,2.859137,2.701562
56,1129,49.435243,246.654817,8.572498,18.175542,1,-1,-1,-1,0.652977,0.652977,2.859137,2.701562
56,1128,34.319880,187.610400,8.519976,19.597466,1,-1,-1,-1,0.652977,0.652977,2.859137,2.701562
56,1127,45.249718,25.031788,7.985190,19.010901,1,-1,-1,-1,0.652977,0.652977,2.859137,2.701562
56,1126,122.509335,130.879973,18.503384,7.740032,1,-1,-1,-1,0.652977,0.652977,2.859137,2.701562
56,1125,95.301696,130.638457,16.816339,7.292248,1,-1,-1,-1,0.652977,0.652977,2.859137,2.701562
57,1134,35.102449,213.930816,7.828709,16.239501,1,-1,-1,-1,0.652978,0.652978,2.866359,2.701562
57,1131,45.658394,54.438341,8.511068,18.722262,1,-1,-1,-1,0.652977,0.652977,2.856459,2.701562
57,1130,49.287316,217.591427,8.509030,17.538740,1,-1,-1,-1,0.652977,0.652977,2.856459,2.701562
57,1129,49.495079,246.787010,8.529459,18.257509,1,-1,-1,-1,0.652977,0.652977,2.856459,2.701562
57,1128,34.326414,187.610576,8.519984,19.598154,1,-1,-1,-1,0.652977,0.652977,2.856459,2.701562
57,1127,45.243378,25.044904,7.994843,19.013956,1,-1,-1,-1,0.652977,0.652977,2.856459,2.701562
57,1126,122.509140,130.879982,18.502452,7.740016,1,-1,-1,-1,0.652977,0.652977,2.856459,2.701562
57,1125,95.301282,130.640857,16.817267,7.294314,1,-1,-1,-1,0.652977,0.652977,2.856459,2.701562
58,1134,35.130151,213.634972,7.851467,16.180873,1,-1,-1,-1,0.652978,0.652978,2.863370,2.701562
58,1131,45.666562,54.385358,8.624243,18.805314,1,-1,-1,-1,0.652976,0.652976,2.853893,2.701562
58,1130,49.189514,218.111468,8.563289,17.747430,1,-1,-1,-1,0.652976,0.652976,2.853893,2.701562
58,1129,49.446662,246.766438,8.544847,18.302348,1,-1,-1,-1,0.652976,0.652976,2.853893,2.701562
58,1128,34.322361,187.610526,8.519990,19.598656,1,-1,-1,-1,0.652976,0.652976,2.853893,2.701562
58,1127,45.246735,25.041228,7.993514,19.012839,1,-1,-1,-1,0.652976,0.652976,2.853893,2.701562
58,1126,122.511106,130.879973,18.504549,7.740036,1,-1,-1,-1,0.652976,0.652976,2.853893,2.701562
58,1125,95.305707,130.639551,16.814989,7.293012,1,-1,-1,-1,0.652976,0.652976,2.853893,2.701562
59,1134,35.195107,213.816035,7.829879,16.205792,1,-1,-1,-1,0.652977,0.652977,2.860511,2.701562
59,1131,45.608667,54.416474,8.567242,18.819073,1,-1,-1,-1,0.652976,0.652976,2.851434,2.701562
59,1130,49.199735,217.705888,8.554247,17.677376,1,-1,-1,-1,0.652976,0.652976,2.851434,2.701562
59,1129,49.491880,246.749262,8.547965,18.353730,1,-1,-1,-1,0.652976,0.652976,2.851434,2.701562
59,1128,34.320815,187.610421,8.519994,19.599023,1,-1,-1,-1,0.652976,0.652976,2.851434,2.701562
59,1127,45.248243,25.033480,7.992545,19.012025,1,-1,-1,-1,0.652976,0.652976,2.851434,2.701562
59,1126,122.509606,130.873453,18.503302,7.740019,1,-1,-1,-1,0.652976,0.652976,2.851434,2.701562
59,1125,95.307782,130.639283,16.813334,7.292065,1,-1,-1,-1,0.652976,0.652976,2.851434,2.701562
60,1134,35.168131,213.613866,7.807413,16.118202,1,-1,-1,-1,0.652977,0.652977,2.857774,2.701562
60,1131,45.651340,54.356715,8.507779,18.660300,1,-1,-1,-1,0.652976,0.652976,2.849075,2.701562
60,1130,49.236401,217.745669,8.498299,17.690038,1,-1,-1,-1,0.652976,0.652976,2.849075,2.701562
60,1129,49.424720,246.374917,8.587588,18.249853,1,-1,-1,-1,0.652976,0.652976,2.849075,2.701562
60,1128,34.322107,187.616764,8.522772,19.599460,1,-1,-1,-1,0.652976,0.652976,2.849075,2.701562
60,1127,45.248995,25.028804,7.991807,19.008657,1,-1,-1,-1,0.652976,0.652976,2.849075,2.701562
60,1126,122.511127,130.877504,18.505168,7.740037,1,-1,-1,-1,0.652976,0.652976,2.849075,2.701562
60,1125,95.301244,130.643057,16.820809,7.297025,1,-1,-1,-1,0.652976,0.652976,2.849075,2.701562
61,1134,35.229095,213.489476,7.793519,16.037539,1,-1,-1,-1,0.652977,0.652977,2.855154,2.701562
61,1131,45.781701,54.437825,8.433495,18.529575,1,-1,-1,-1,0.652976,0.652976,2.846809,2.701562
61,1130,49.268989,217.156566,8.439680,17.496855,1,-1,-1,-1,0.652976,0.652976,2.846809,2.701562
61,1129,49.550661,246.423630,8.580852,18.237914,1,-1,-1,-1,0.652976,0.652976,2.846809,2.701562
61,1128,34.320236,187.612644,8.522024,19.599606,1,-1,-1,-1,0.652976,0.652976,2.846809,2.701562
61,1127,45.249388,25.029518,7.991301,19.008977,1,-1,-1,-1,0.652976,0.652976,2.846809,2.701562
61,1126,122.509496,130.879067,18.503754,7.740020,1,-1,-1,-1,0.652976,0.652976,2.846809,2.701562
61,1125,95.305050,130.639914,16.817589,7.294997,1,-1,-1,-1,0.652976,0.652976,2.846809,2.701562
62,1134,35.245366,213.415338,7.788843,15.984504,1,-1,-1,-1,0.652976,0.652976,2.852643,2.701562
62,1131,45.757138,54.480971,8.416266,18.553619,1,-1,-1,-1,0.652976,0.652976,2.844634,2.701562
62,1130,49.299121,216.821015,8.368771,17.254909,1,-1,-1,-1,0.652976,0.652976,2.844634,2.701562
62,1129,49.627838,246.737882,8.571928,18.333281,1,-1,-1,-1,0.652976,0.652976,2.844634,2.701562
62,1128,34.326201,187.609164,8.521446,19.596940,1,-1,-1,-1,0.652976,0.652976,2.844634,2.701562
62,1127,45.249618,25.029762,7.990932,19.009211,1,-1,-1,-1,0.652976,0.652976,2.844634,2.701562
62,1126,122.509120,130.879667,18.502723,7.740007,1,-1,-1,-1,0.652976,0.652976,2.844634,2.701562
62,1125,95.297667,130.640915,16.820957,7.296355,1,-1,-1,-1,0.652976,0.652976,2.844634,2.701562
63,1134,35.171771,213.696052,7.802662,16.002353,1,-1,-1,-1,0.652976,0.652976,2.850234,2.701562
63,1131,45.915602,54.615167,8.348174,18.562383,1,-1,-1,-1,0.652976,0.652976,2.842542,2.701562
63,1130,49.201312,216.997808,8.397038,17.217058,1,-1,-1,-1,0.652976,0.652976,2.842542,2.701562
63,1129,49.527873,246.591368,8.611108,18.311687,1,-1,-1,-1,0.652976,0.652976,2.842542,2.701562
63,1128,34.323897,187.616637,8.523829,19.597932,1,-1,-1,-1,0.652976,0.652976,2.842542,2.701562
63,1127,45.249764,25.029839,7.990663,19.009383,1,-1,-1,-1,0.652976,0.652976,2.842542,2.701562
63,1126,122.509158,130.879897,18.501970,7.739998,1,-1,-1,-1,0.652976,0.652976,2.842542,2.701562
63,1125,95.298927,130.641072,16.820641,7.297314,1,-1,-1,-1,0.652976,0.652976,2.842542,2.701562
64,1134,35.134019,213.734113,7.820863,16.004545,1,-1,-1,-1,0.652976,0.652976,2.847923,2.701562
64,1131,45.902645,54.563376,8.298362,18.555339,1,-1,-1,-1,0.652975,0.652975,2.840531,2.701562
64,1130,49.208783,217.387726,8.377506,17.292104,1,-1,-1,-1,0.652975,0.652975,2.840531,2.701562
64,1129,49.408625,246.945800,8.677109,18.401703,1,-1,-1,-1,0.652975,0.652975,2.840531,2.701562
64,1128,34.320715,187.612853,8.522794,19.598490,1,-1,-1,-1,0.652975,0.652975,2.840531,2.701562
64,1127,45.243330,25.042919,7.990467,19.009510,1,-1,-1,-1,0.652975,0.652975,2.840531,2.701562
64,1126,122.509307,130.879985,18.501422,7.739992,1,-1,-1,-1,0.652975,0.652975,2.840531,2.701562
64,1125,95.301348,130.640943,16.823181,7.298045,1,-1,-1,-1,0.652975,0.652975,2.840531,2.701562
65,1134,35.202823,213.936127,7.818383,16.068559,1,-1,-1,-1,0.652976,0.652976,2.845704,2.701562
65,1131,45.849076,54.490193,8.284643,18.587242,1,-1,-1,-1,0.652975,0.652975,2.838596,2.701562
65,1130,49.120983,217.706362,8.506095,17.444709,1,-1,-1,-1,0.652975,0.652975,2.838596,2.701562
65,1129,49.505831,246.502628,8.573992,18.321876,1,-1,-1,-1,0.652975,0.652975,2.838596,2.701562
65,1128,34.319684,187.617838,8.522040,19.598898,1,-1,-1,-1,0.652975,0.652975,2.838596,2.701562
65,1127,45.247455,25.034806,7.990324,19.009603,1,-1,-1,-1,0.652975,0.652975,2.838596,2.701562
65,1126,122.509462,130.880018,18.501022,7.739988,1,-1,-1,-1,0.652975,0.652975,2.838596,2.701562
65,1125,95.300022,130.638896,16.822108,7.295777,1,-1,-1,-1,0.652975,0.652975,2.838596,2.701562
66,1134,35.148927,213.532057,7.801238,15.990038,1,-1,-1,-1,0.652976,0.652976,2.843571,2.701562
66,1131,45.755420,54.552987,8.327780,18.653018,1,-1,-1,-1,0.652975,0.652975,2.836732,2.701562
66,1130,49.271038,217.019594,8.436738,17.184437,1,-1,-1,-1,0.652975,0.652975,2.836732,2.701562
66,1129,49.474768,246.723189,8.566526,18.386458,1,-1,-1,-1,0.652975,0.652975,2.836732,2.701562
66,1128,34.319429,187.613120,8.521489,19.599197,1,-1,-1,-1,0.652975,0.652975,2.836732,2.701562
66,1127,45.249039,25.046641,7.990249,19.012440,1,-1,-1,-1,0.652975,0.652975,2.836732,2.701562
66,1126,122.511474,130.880015,18.503500,7.740013,1,-1,-1,-1,0.652975,0.652975,2.836732,2.701562
66,1125,95.297744,130.640409,16.818715,7.296864,1,-1,-1,-1,0.652975,0.652975,2.836732,2.701562
67,1134,35.299860,213.566393,7.758846,16.003057,1,-1,-1,-1,0.652976,0.652976,2.841520,2.701562
67,1131,45.813491,54.364705,8.294101,18.533854,1,-1,-1,-1,0.652975,0.652975,2.834938,2.701562
67,1130,49.337825,216.656913,8.351791,16.989228,1,-1,-1,-1,0.652975,0.652975,2.834938,2.701562
67,1129,49.248217,247.148441,8.817050,18.653819,1,-1,-1,-1,0.652975,0.652975,2.834938,2.701562
67,1128,34.325980,187.609385,8.521058,19.596646,1,-1,-1,-1,0.652975,0.652975,2.834938,2.701562
67,1127,45.249653,25.050626,7.990194,19.014510,1,-1,-1,-1,0.652975,0.652975,2.834938,2.701562
67,1126,122.509923,130.880022,18.502538,7.740003,1,-1,-1,-1,0.652975,0.652975,2.834938,2.701562
67,1125,95.308733,130.638926,16.813320,7.294863,1,-1,-1,-1,0.652975,0.652975,2.834938,2.701562
68,1134,35.214752,213.910044,7.759715,16.099394,1,-1,-1,-1,0.652975,0.652975,2.839548,2.701562
68,1131,45.829127,54.500985,8.320445,18.582486,1,-1,-1,-1,0.652975,0.652975,2.833208,2.701562
68,1130,49.453540,217.196679,8.308338,17.092097,1,-1,-1,-1,0.652975,0.652975,2.833208,2.701562
68,1129,49.525473,243.688653,8.858707,17.616597,1,-1,-1,-1,0.652975,0.652975,2.833208,2.701562
68,1128,34.321997,187.616827,8.520773,19.597554,1,-1,-1,-1,0.652975,0.652975,2.833208,2.701562
68,1127,45.249905,25.043327,7.990125,19.013253,1,-1,-1,-1,0.652975,0.652975,2.833208,2.701562
68,1126,122.509498,130.880025,18.501837,7.739996,1,-1,-1,-1,0.652975,0.652975,2.833208,2.701562
68,1125,95.305436,130.638727,16.806623,7.293377,1,-1,-1,-1,0.652975,0.652975,2.833208,2.701562
69,1134,35.192238,213.707974,7.792371,16.102743,1,-1,-1,-1,0.652975,0.652975,2.837649,2.701562
69,1131,45.771985,54.103038,8.319442,18.292768,1,-1,-1,-1,0.652975,0.652975,2.831540,2.701562
69,1130,49.350308,217.048159,8.344006,17.044923,1,-1,-1,-1,0.652975,0.652975,2.831540,2.701562
69,1129,49.504199,245.812964,8.807642,17.887975,1,-1,-1,-1,0.652975,0.652975,2.831540,2.701562
69,1128,34.320529,187.612966,8.520565,19.598216,1,-1,-1,-1,0.652975,0.652975,2.831540,2.701562
69,1127,45.250008,25.034212,7.990075,19.012336,1,-1,-1,-1,0.652975,0.652975,2.831540,2.701562
69,1126,122.511342,130.880012,18.504092,7.740018,1,-1,-1,-1,0.652975,0.652975,2.831540,2.701562
69,1125,95.302507,130.640771,16.807426,7.295118,1,-1,-1,-1,0.652975,0.652975,2.831540,2.701562
70,1134,35.111001,213.490052,7.793433,16.039954,1,-1,-1,-1,0.652975,0.652975,2.835821,2.701562
70,1131,45.701524,54.351403,8.344795,18.403846,1,-1,-1,-1,0.652975,0.652975,2.829932,2.701562
70,1130,49.394089,217.358127,8.282426,17.086138,1,-1,-1,-1,0.652975,0.652975,2.829932,2.701562
70,1129,49.445948,246.606841,8.737584,18.047777,1,-1,-1,-1,0.652975,0.652975,2.829932,2.701562
70,1128,34.320012,187.611376,8.520413,19.598700,1,-1,-1,-1,0.652975,0.652975,2.829932,2.701562
70,1127,45.250050,25.030908,7.990039,19.011668,1,-1,-1,-1,0.652975,0.652975,2.829932,2.701562
70,1126,122.509763,130.880016,18.502971,7.740006,1,-1,-1,-1,0.652975,0.652975,2.829932,2.701562
70,1125,95.302186,130.649598,16.819231,7.299272,1,-1,-1,-1,0.652975,0.652975,2.829932,2.701562
71,1134,35.162123,213.537165,7.799916,16.025089,1,-1,-1,-1,0.652975,0.652975,2.834059,2.701562
71,1131,45.774165,54.423363,8.358422,18.264303,1,-1,-1,-1,0.652975,0.652975,2.828379,2.701562
71,1130,49.405269,217.128693,8.269636,17.013703,1,-1,-1,-1,0.652975,0.652975,2.828379,2.701562
71,1129,49.394660,246.675453,8.710201,18.131209,1,-1,-1,-1,0.652975,0.652975,2.828379,2.701562
71,1128,34.319848,187.610690,8.520302,19.599053,1,-1,-1,-1,0.652975,0.652975,2.828379,2.701562
71,1127,45.245420,25.036240,7.992779,19.011331,1,-1,-1,-1,0.652975,0.652975,2.828379,2.701562
71,1126,122.511239,130.880005,18.504919,7.740025,1,-1,-1,-1,0.652975,0.652975,2.828379,2.701562
71,1125,95.305614,130.643853,16.816625,7.299420,1,-1,-1,-1,0.652975,0.652975,2.828379,2.701562
72,1134,35.189973,213.164057,7.759707,15.901897,1,-1,-1,-1,0.652975,0.652975,2.832361,2.701562
72,1131,45.774447,54.524365,8.333610,18.319595,1,-1,-1,-1,0.652975,0.652975,2.826881,2.701562
72,1130,49.310259,217.536751,8.280135,17.178539,1,-1,-1,-1,0.652975,0.652975,2.826881,2.701562
72,1129,49.336242,246.965671,8.751725,18.246319,1,-1,-1,-1,0.652975,0.652975,2.826881,2.701562
72,1128,34.326343,187.610371,8.520221,19.599310,1,-1,-1,-1,0.652975,0.652975,2.826881,2.701562
72,1127,45.241300,25.038413,7.992012,19.010935,1,-1,-1,-1,0.652975,0.652975,2.826881,2.701562
72,1126,122.509573,130.880010,18.503574,7.740012,1,-1,-1,-1,0.652975,0.652975,2.826881,2.701562
72,1125,95.307436,130.633208,16.814583,7.296764,1,-1,-1,-1,0.652975,0.652975,2.826881,2.701562
73,1134,35.233489,213.836924,7.763546,16.043809,1,-1,-1,-1,0.652975,0.652975,2.830724,2.701562
73,1131,45.841144,54.587615,8.302069,18.389264,1,-1,-1,-1,0.652975,0.652975,2.825433,2.701562
73,1130,49.330115,217.744037,8.315850,17.345613,1,-1,-1,-1,0.652975,0.652975,2.825433,2.701562
73,1129,49.374565,246.681710,8.744874,18.258972,1,-1,-1,-1,0.652975,0.652975,2.825433,2.701562
73,1128,34.322291,187.610210,8.520162,19.599498,1,-1,-1,-1,0.652975,0.652975,2.825433,2.701562
73,1127,45.241764,25.039235,7.994217,19.010793,1,-1,-1,-1,0.652975,0.652975,2.825433,2.701562
73,1126,122.509171,130.880013,18.502594,7.740002,1,-1,-1,-1,0.652975,0.652975,2.825433,2.701562
73,1125,95.310356,130.636150,16.815861,7.294854,1,-1,-1,-1,0.652975,0.652975,2.825433,2.701562
74,1134,35.224520,213.681845,7.802873,16.025851,1,-1,-1,-1,0.652975,0.652975,2.829144,2.701562
74,1131,45.709843,54.651655,8.329045,18.466070,1,-1,-1,-1,0.652975,0.652975,2.824034,2.701562
74,1130,49.378965,217.075365,8.253442,17.119047,1,-1,-1,-1,0.652975,0.652975,2.824034,2.701562
74,1129,49.345379,246.891127,8.790998,18.370489,1,-1,-1,-1,0.652975,0.652975,2.824034,2.701562
74,1128,34.322653,187.608168,8.522855,19.597011,1,-1,-1,-1,0.652975,0.652975,2.824034,2.701562
74,1127,45.246217,25.039643,7.993062,19.010541,1,-1,-1,-1,0.652975,0.652975,2.824034,2.701562
74,1126,122.509192,130.880015,18.501879,7.739996,1,-1,-1,-1,0.652975,0.652975,2.824034,2.701562
74,1125,95.306578,130.637606,16.819559,7.293489,1,-1,-1,-1,0.652975,0.652975,2.824034,2.701562
75,1134,35.234678,213.431326,7.803518,15.964366,1,-1,-1,-1,0.652975,0.652975,2.827619,2.701562
75,1131,45.920865,54.765159,8.268204,18.492393,1,-1,-1,-1,0.652975,0.652975,2.822682,2.701562
75,1130,49.329877,217.914672,8.351901,17.412084,1,-1,-1,-1,0.652975,0.652975,2.822682,2.701562
75,1129,49.282932,246.834426,8.807061,18.395193,1,-1,-1,-1,0.652975,0.652975,2.822682,2.701562
75,1128,34.320421,187.609790,8.522084,19.597818,1,-1,-1,-1,0.652975,0.652975,2.822682,2.701562
75,1127,45.248115,25.033308,7.992220,19.010359,1,-1,-1,-1,0.652975,0.652975,2.822682,2.701562
75,1126,122.511212,130.880004,18.504119,7.740016,1,-1,-1,-1,0.652975,0.652975,2.822682,2.701562
75,1125,95.305356,130.638449,16.813973,7.292416,1,-1,-1,-1,0.652975,0.652975,2.822682,2.701562
76,1134,35.153516,213.375980,7.823349,15.934177,1,-1,-1,-1,0.652975,0.652975,2.826146,2.701562
76,1131,45.864900,54.617222,8.275663,18.445596,1,-1,-1,-1,0.652975,0.652975,2.821375,2.701562
76,1130,49.339571,216.602337,8.247629,16.958069,1,-1,-1,-1,0.652975,0.652975,2.821375,2.701562
76,1129,49.506141,246.830346,8.744194,18.412151,1,-1,-1,-1,0.652975,0.652975,2.821375,2.701562
76,1128,34.326238,187.616804,8.521521,19.598408,1,-1,-1,-1,0.652975,0.652975,2.821375,2.701562
76,1127,45.248981,25.037468,7.991605,19.010227,1,-1,-1,-1,0.652975,0.652975,2.821375,2.701562
76,1126,122.509702,130.880008,18.502992,7.740006,1,-1,-1,-1,0.652975,0.652975,2.821375,2.701562
76,1125,95.303030,130.640825,16.815564,7.294448,1,-1,-1,-1,0.652975,0.652975,2.821375,2.701562
77,1134,35.198341,213.395920,7.829700,15.934108,1,-1,-1,-1,0.652975,0.652975,2.824723,2.701562
77,1131,45.830910,54.582546,8.283945,18.422837,1,-1,-1,-1,0.652975,0.652975,2.820111,2.701562
77,1130,49.366376,217.600592,8.227104,17.194872,1,-1,-1,-1,0.652975,0.652975,2.820111,2.701562
77,1129,49.450415,246.913459,8.668307,18.455408,1,-1,-1,-1,0.652975,0.652975,2.820111,2.701562
77,1128,34.328541,187.612831,8.521111,19.598839,1,-1,-1,-1,0.652975,0.652975,2.820111,2.701562
77,1127,45.249411,25.045609,7.991157,19.010131,1,-1,-1,-1,0.652975,0.652975,2.820111,2.701562
77,1126,122.509323,130.880011,18.502169,7.739998,1,-1,-1,-1,0.652975,0.652975,2.820111,2.701562
77,1125,95.300054,130.639503,16.813827,7.293144,1,-1,-1,-1,0.652975,0.652975,2.820111,2.701562
78,1134,35.173863,213.581372,7.823714,15.971989,1,-1,-1,-1,0.652975,0.652975,2.823348,2.701562
78,1131,45.848445,54.677189,8.271759,18.498544,1,-1,-1,-1,0.652975,0.652975,2.818887,2.701562
78,1130,49.340659,217.645289,8.225908,17.282976,1,-1,-1,-1,0.652975,0.652975,2.818887,2.701562
78,1129,49.451091,246.898421,8.634695,18.464219,1,-1,-1,-1,0.652975,0.652975,2.818887,2.701562
78,1128,34.322955,187.609352,8.520786,19.596393,1,-1,-1,-1,0.652975,0.652975,2.818887,2.701562
78,1127,45.249635,25.070181,7.990855,19.012821,1,-1,-1,-1,0.652975,0.652975,2.818887,2.701562
78,1126,122.511210,130.880000,18.504329,7.740017,1,-1,-1,-1,0.652975,0.652975,2.818887,2.701562
78,1125,95.305766,130.639230,16.812563,7.292195,1,-1,-1,-1,0.652975,0.652975,2.818887,2.701562
79,1134,35.082708,213.707646,7.841450,16.006342,1,-1,-1,-1,0.652975,0.652975,2.822019,2.701562
79,1131,45.805355,55.028271,8.301251,18.542858,1,-1,-1,-1,0.652975,0.652975,2.817702,2.701562
79,1130,49.341779,217.726113,8.308276,17.389261,1,-1,-1,-1,0.652975,0.652975,2.817702,2.701562
79,1129,49.508433,246.370656,8.540470,18.359535,1,-1,-1,-1,0.652975,0.652975,2.817702,2.701562
79,1128,34.327398,187.616877,8.520574,19.597369,1,-1,-1,-1,0.652975,0.652975,2.817702,2.701562
79,1127,45.247906,25.120989,7.987826,19.009130,1,-1,-1,-1,0.652975,0.652975,2.817702,2.701562
79,1126,122.509662,130.880005,18.503146,7.740007,1,-1,-1,-1,0.652975,0.652975,2.817702,2.701562
79,1125,95.305335,130.641156,16.817299,7.294315,1,-1,-1,-1,0.652975,0.652975,2.817702,2.701562
80,1134,35.134213,213.701965,7.793748,16.041709,1,-1,-1,-1,0.652975,0.652975,2.820733,2.701562
80,1131,45.888745,55.421428,8.276162,18.599570,1,-1,-1,-1,0.652975,0.652975,2.816556,2.701562
80,1130,49.400765,217.733690,8.274741,17.486538,1,-1,-1,-1,0.652975,0.652975,2.816556,2.701562
80,1129,49.397386,246.737575,8.600635,18.483567,1,-1,-1,-1,0.652975,0.652975,2.816556,2.701562
80,1128,34.322587,187.613034,8.520420,19.598081,1,-1,-1,-1,0.652975,0.652975,2.816556,2.701562
80,1127,45.254295,25.227539,7.985641,19.009196,1,-1,-1,-1,0.652975,0.652975,2.816556,2.701562
80,1126,122.511164,130.879996,18.505041,7.740023,1,-1,-1,-1,0.652975,0.652975,2.816556,2.701562
80,1125,95.299695,130.641506,16.823513,7.295886,1,-1,-1,-1,0.652975,0.652975,2.816556,2.701562
81,1134,35.168598,213.424105,7.785578,15.933451,1,-1,-1,-1,0.652975,0.652975,2.819490,2.701562
81,1131,45.890343,55.993972,8.254805,18.619322,1,-1,-1,-1,0.652975,0.652975,2.815445,2.701562
81,1130,49.358260,217.068553,8.306742,17.263515,1,-1,-1,-1,0.652975,0.652975,2.815445,2.701562
81,1129,49.361571,246.992742,8.695927,18.520708,1,-1,-1,-1,0.652975,0.652975,2.815445,2.701562
81,1128,34.320795,187.609556,8.520282,19.595842,1,-1,-1,-1,0.652975,0.652975,2.815445,2.701562
81,1127,45.258973,25.400026,7.986831,19.012143,1,-1,-1,-1,0.652975,0.652975,2.815445,2.701562
81,1126,122.509515,130.880001,18.503665,7.740011,1,-1,-1,-1,0.652975,0.652975,2.815445,2.701562
81,1125,95.296464,130.641360,16.828045,7.297032,1,-1,-1,-1,0.652975,0.652975,2.815445,2.701562
82,1134,35.193617,213.149119,7.784880,15.846447,1,-1,-1,-1,0.652975,0.652975,2.818286,2.701562
82,1131,45.722384,56.591353,8.354966,18.813513,1,-1,-1,-1,0.652975,0.652975,2.814369,2.701562
82,1130,49.358490,216.680279,8.246748,17.051429,1,-1,-1,-1,0.652975,0.652975,2.814369,2.701562
82,1129,49.453438,246.383009,8.665293,18.424271,1,-1,-1,-1,0.652975,0.652975,2.814369,2.701562
82,1128,34.320132,187.610517,8.520207,19.596967,1,-1,-1,-1,0.652975,0.652975,2.814369,2.701562
82,1127,45.265191,25.636861,7.984893,19.008643,1,-1,-1,-1,0.652975,0.652975,2.814369,2.701562
82,1126,122.509126,130.880005,18.502661,7.740002,1,-1,-1,-1,0.652975,0.652975,2.814369,2.701562
82,1125,95.296266,130.642971,16.834244,7.300650,1,-1,-1,-1,0.652975,0.652975,2.814369,2.701562
83,1134,35.293120,213.433702,7.754824,15.886563,1,-1,-1,-1,0.652975,0.652975,2.817121,2.701562
83,1131,45.707043,57.037708,8.309253,18.640797,1,-1,-1,-1,0.652975,0.652975,2.813325,2.701562
83,1130,49.326967,217.353412,8.365505,17.226729,1,-1,-1,-1,0.652975,0.652975,2.813325,2.701562
83,1129,49.601117,246.119087,8.637191,18.242312,1,-1,-1,-1,0.652975,0.652975,2.813325,2.701562
83,1128,34.326444,187.608808,8.520128,19.595031,1,-1,-1,-1,0.652975,0.652975,2.813325,2.701562
83,1127,45.274387,25.967728,7.983480,19.006092,1,-1,-1,-1,0.652975,0.652975,2.813325,2.701562
83,1126,122.509157,130.880007,18.501929,7.739996,1,-1,-1,-1,0.652975,0.652975,2.813325,2.701562
83,1125,95.293290,130.641065,16.835871,7.300506,1,-1,-1,-1,0.652975,0.652975,2.813325,2.701562
84,1134,35.220092,213.252817,7.762327,15.809357,1,-1,-1,-1,0.652975,0.652975,2.815992,2.701562
84,1131,45.724289,58.086039,8.278935,18.646795,1,-1,-1,-1,0.652975,0.652975,2.812314,2.701562
84,1130,49.140368,217.407997,8.452937,17.260305,1,-1,-1,-1,0.652975,0.652975,2.812314,2.701562
84,1129,49.464040,246.588278,8.653233,18.296619,1,-1,-1,-1,0.652975,0.652975,2.812314,2.701562
84,1128,34.322313,187.610393,8.520094,19.596375,1,-1,-1,-1,0.652975,0.652975,2.812314,2.701562
84,1127,45.284618,26.396836,7.982428,19.001477,1,-1,-1,-1,0.652975,0.652975,2.812314,2.701562
84,1126,122.509365,130.871593,18.501265,7.737233,1,-1,-1,-1,0.652975,0.652975,2.812314,2.701562
84,1125,95.294631,130.640378,16.831544,7.300352,1,-1,-1,-1,0.652975,0.652975,2.812314,2.701562
85,1134,35.143939,213.588138,7.796393,15.868290,1,-1,-1,-1,0.652975,0.652975,2.814899,2.701562
85,1131,45.750858,59.402229,8.463051,18.821988,1,-1,-1,-1,0.652975,0.652975,2.811334,2.701562
85,1130,49.261686,217.341906,8.389390,17.224354,1,-1,-1,-1,0.652975,0.652975,2.811334,2.701562
85,1129,49.453755,246.557809,8.758151,18.298529,1,-1,-1,-1,0.652975,0.652975,2.811334,2.701562
85,1128,34.320747,187.617300,8.520070,19.597356,1,-1,-1,-1,0.652975,0.652975,2.811334,2.701562
85,1127,45.295133,26.944812,7.981684,19.000869,1,-1,-1,-1,0.652975,0.652975,2.811334,2.701562
85,1126,122.509499,130.877311,18.500912,7.737976,1,-1,-1,-1,0.652975,0.652975,2.811334,2.701562
85,1125,95.294075,130.638261,16.825507,7.297461,1,-1,-1,-1,0.652975,0.652975,2.811334,2.701562
86,1134,35.191295,213.523355,7.767869,15.812487,1,-1,-1,-1,0.652975,0.652975,2.813840,2.701562
86,1131,45.793893,60.488042,8.623996,18.916622,1,-1,-1,-1,0.652975,0.652975,2.810383,2.701562
86,1130,49.246101,217.755406,8.384550,17.397574,1,-1,-1,-1,0.652975,0.652975,2.810383,2.701562
86,1129,49.337176,246.706970,8.735884,18.336849,1,-1,-1,-1,0.652975,0.652975,2.810383,2.701562
86,1128,34.322049,187.619682,8.522808,19.598198,1,-1,-1,-1,0.652975,0.652975,2.810383,2.701562
86,1127,45.305712,27.602226,7.981098,18.994915,1,-1,-1,-1,0.652975,0.652975,2.810383,2.701562
86,1126,122.511502,130.879359,18.503410,7.738541,1,-1,-1,-1,0.652975,0.652975,2.810383,2.701562
86,1125,95.292111,130.639825,16.826739,7.298155,1,-1,-1,-1,0.652975,0.652975,2.810383,2.701562
87,1134,35.293949,213.762279,7.731514,15.871734,1,-1,-1,-1,0.652975,0.652975,2.812813,2.701562
87,1131,45.878800,61.803200,8.769466,19.033528,1,-1,-1,-1,0.652975,0.652975,2.809460,2.701562
87,1130,49.277776,218.138659,8.457900,17.662462,1,-1,-1,-1,0.652975,0.652975,2.809460,2.701562
87,1129,49.466970,246.662856,8.614467,18.317385,1,-1,-1,-1,0.652975,0.652975,2.809460,2.701562
87,1128,34.320193,187.612067,8.522026,19.595930,1,-1,-1,-1,0.652975,0.652975,2.809460,2.701562
87,1127,45.322741,28.395057,7.980740,18.998842,1,-1,-1,-1,0.652975,0.652975,2.809460,2.701562
87,1126,122.511826,130.880043,18.505232,7.738953,1,-1,-1,-1,0.652975,0.652975,2.809460,2.701562
87,1125,95.295808,130.640312,16.824883,7.298638,1,-1,-1,-1,0.652975,0.652975,2.809460,2.701562
88,1134,35.230690,213.675364,7.765285,15.896644,1,-1,-1,-1,0.652975,0.652975,2.811817,2.701562
88,1131,45.731577,63.187871,8.620773,18.993190,1,-1,-1,-1,0.652975,0.652975,2.808564,2.701562
88,1130,49.376776,216.289452,8.292260,17.066430,1,-1,-1,-1,0.652975,0.652975,2.808564,2.701562
88,1129,49.215517,247.069629,8.784873,18.506924,1,-1,-1,-1,0.652975,0.652975,2.808564,2.701562
88,1128,34.319616,187.611448,8.521479,19.597031,1,-1,-1,-1,0.652975,0.652975,2.808564,2.701562
88,1127,45.342206,29.357107,7.980434,18.996200,1,-1,-1,-1,0.652975,0.652975,2.808564,2.701562
88,1126,122.511622,130.880230,18.506561,7.739253,1,-1,-1,-1,0.652975,0.652975,2.808564,2.701562
88,1125,95.295722,130.638534,16.820652,7.296212,1,-1,-1,-1,0.652975,0.652975,2.808564,2.701562
89,1134,35.273562,213.903444,7.755024,15.983806,1,-1,-1,-1,0.652975,0.652975,2.810851,2.701562
89,1131,45.836716,64.722717,8.548067,18.966834,1,-1,-1,-1,0.652975,0.652975,2.807695,2.701562
89,1130,49.396626,217.074444,8.251566,17.183353,1,-1,-1,-1,0.652975,0.652975,2.807695,2.701562
89,1129,49.339387,246.928828,8.744401,18.507972,1,-1,-1,-1,0.652975,0.652975,2.807695,2.701562
89,1128,34.319499,187.611025,8.521080,19.597834,1,-1,-1,-1,0.652975,0.652975,2.807695,2.701562
89,1127,45.369066,30.528171,7.980191,18.991521,1,-1,-1,-1,0.652975,0.652975,2.807695,2.701562
89,1126,122.509416,130.880257,18.504776,7.739449,1,-1,-1,-1,0.652975,0.652975,2.807695,2.701562
89,1125,95.302969,130.638284,16.817567,7.294444,1,-1,-1,-1,0.652975,0.652975,2.807695,2.701562
90,1134,35.206124,214.260957,7.768140,16.133285,1,-1,-1,-1,0.652975,0.652975,2.809915,2.701562
90,1131,45.974178,67.433631,8.677525,19.033649,1,-1,-1,-1,0.652975,0.652975,2.806851,2.701562
90,1130,49.281589,217.440635,8.356945,17.298746,1,-1,-1,-1,0.652975,0.652975,2.806851,2.701562
90,1129,49.328328,246.866931,8.715323,18.554942,1,-1,-1,-1,0.652975,0.652975,2.806851,2.701562
90,1128,34.319533,187.617258,8.520789,19.598420,1,-1,-1,-1,0.652975,0.652975,2.806851,2.701562
90,1127,45.392119,31.943669,7.980036,18.990865,1,-1,-1,-1,0.652975,0.652975,2.806851,2.701562
90,1126,122.508885,130.880230,18.503473,7.739593,1,-1,-1,-1,0.652975,0.652975,2.806851,2.701562
90,1125,95.298807,130.640358,16.823702,7.295978,1,-1,-1,-1,0.652975,0.652975,2.806851,2.701562
91,1134,35.332434,213.782295,7.789076,16.044391,1,-1,-1,-1,0.652975,0.652975,2.809006,2.701562
91,1131,45.885072,69.792240,8.746903,19.242764,1,-1,-1,-1,0.652975,0.652975,2.806031,2.701562
91,1130,49.211895,217.206645,8.324865,17.246864,1,-1,-1,-1,0.652975,0.652975,2.806031,2.701562
91,1129,49.214258,247.244699,8.930931,18.773687,1,-1,-1,-1,0.652975,0.652975,2.806031,2.701562
91,1128,34.326134,187.612987,8.520576,19.598848,1,-1,-1,-1,0.652975,0.652975,2.806031,2.701562
91,1127,45.424842,33.466278,7.977172,18.990266,1,-1,-1,-1,0.652975,0.652975,2.806031,2.701562
91,1126,122.508914,130.880191,18.502523,7.739698,1,-1,-1,-1,0.652975,0.652975,2.806031,2.701562
91,1125,95.297976,130.642758,16.831058,7.299874,1,-1,-1,-1,0.652975,0.652975,2.806031,2.701562
92,1134,35.272439,214.244410,7.810180,16.221888,1,-1,-1,-1,0.652975,0.652975,2.808123,2.701562
92,1131,45.960645,71.785331,8.905466,19.292506,1,-1,-1,-1,0.652975,0.652975,2.805235,2.701562
92,1130,49.365521,217.138352,8.279374,17.205539,1,-1,-1,-1,0.652975,0.652975,2.805235,2.701562
92,1129,49.181911,247.040035,8.906422,18.759698,1,-1,-1,-1,0.652975,0.652975,2.805235,2.701562
92,1128,34.328688,187.609393,8.520399,19.596407,1,-1,-1,-1,0.652975,0.652975,2.805235,2.701562
92,1127,45.452353,35.004033,7.977881,18.995464,1,-1,-1,-1,0.652975,0.652975,2.805235,2.701562
92,1126,122.509095,130.880156,18.501829,7.739774,1,-1,-1,-1,0.652975,0.652975,2.805235,2.701562
92,1125,95.297298,130.641129,16.828036,7.299893,1,-1,-1,-1,0.652975,0.652975,2.805235,2.701562
93,1134,35.316491,213.532854,7.762285,16.036639,1,-1,-1,-1,0.652975,0.652975,2.807267,2.701562
93,1131,45.885759,73.695394,9.073208,19.312621,1,-1,-1,-1,0.652975,0.652975,2.804461,2.701562
93,1130,49.266285,217.774579,8.362013,17.387934,1,-1,-1,-1,0.652975,0.652975,2.804461,2.701562
93,1129,49.177854,246.861825,8.855091,18.677307,1,-1,-1,-1,0.652975,0.652975,2.804461,2.701562
93,1128,34.323132,187.610348,8.520292,19.597379,1,-1,-1,-1,0.652975,0.652975,2.804461,2.701562
93,1127,45.493048,36.603314,7.975624,18.996383,1,-1,-1,-1,0.652975,0.652975,2.804461,2.701562
93,1126,122.511179,130.880115,18.504076,7.739852,1,-1,-1,-1,0.652975,0.652975,2.804461,2.701562
93,1125,95.297563,130.640496,16.825832,7.299907,1,-1,-1,-1,0.652975,0.652975,2.804461,2.701562
94,1134,35.346147,213.558422,7.743911,16.058652,1,-1,-1,-1,0.652975,0.652975,2.806435,2.701562
94,1131,45.925975,75.360478,9.062853,19.174903,1,-1,-1,-1,0.652975,0.652975,2.803709,2.701562
94,1130,49.266641,218.004338,8.395657,17.590999,1,-1,-1,-1,0.652975,0.652975,2.803709,2.701562
94,1129,49.290896,243.838011,8.855284,17.778226,1,-1,-1,-1,0.652975,0.652975,2.803709,2.701562
94,1128,34.322921,187.610491,8.522966,19.598207,1,-1,-1,-1,0.652975,0.652975,2.803709,2.701562
94,1127,45.528023,38.304079,7.973978,18.997059,1,-1,-1,-1,0.652975,0.652975,2.803709,2.701562
94,1126,122.509748,130.871677,18.502844,7.737133,1,-1,-1,-1,0.652975,0.652975,2.803709,2.701562
94,1125,95.295235,130.642113,16.829849,7.302715,1,-1,-1,-1,0.652975,0.652975,2.803709,2.701562
95,1134,35.276982,213.630674,7.779727,16.040689,1,-1,-1,-1,0.652975,0.652975,2.805628,2.701562
95,1131,46.078566,78.451523,8.880242,19.402875,1,-1,-1,-1,0.652975,0.652975,2.802979,2.701562
95,1130,49.246310,218.018990,8.462542,17.685255,1,-1,-1,-1,0.652975,0.652975,2.802979,2.701562
95,1129,49.310155,245.814827,8.844351,17.992580,1,-1,-1,-1,0.652975,0.652975,2.802979,2.701562
95,1128,34.320493,187.608576,8.522143,19.595940,1,-1,-1,-1,0.652975,0.652975,2.802979,2.701562
95,1127,45.567182,40.132049,7.972779,18.997556,1,-1,-1,-1,0.652975,0.652975,2.802979,2.701562
95,1126,122.511247,130.877367,18.504817,7.737925,1,-1,-1,-1,0.652975,0.652975,2.802979,2.701562
95,1125,95.296519,130.631943,16.827042,7.299214,1,-1,-1,-1,0.652975,0.652975,2.802979,2.701562
96,1134,35.173312,213.457286,7.797555,16.024597,1,-1,-1,-1,0.652975,0.652975,2.804843,2.701562
96,1131,46.612726,80.483807,8.790134,19.228317,1,-1,-1,-1,0.652975,0.652975,2.802268,2.701562
96,1130,49.142474,217.747634,8.490826,17.630151,1,-1,-1,-1,0.652975,0.652975,2.802268,2.701562
96,1129,49.495135,246.680886,8.746059,18.064718,1,-1,-1,-1,0.652975,0.652975,2.802268,2.701562
96,1128,34.319705,187.610144,8.521565,19.597038,1,-1,-1,-1,0.652975,0.652975,2.802268,2.701562
96,1127,45.607770,42.107206,7.971949,19.003424,1,-1,-1,-1,0.652975,0.652975,2.802268,2.701562
96,1126,122.509580,130.879417,18.503505,7.738480,1,-1,-1,-1,0.652975,0.652975,2.802268,2.701562
96,1125,95.298362,130.628729,16.816738,7.296597,1,-1,-1,-1,0.652975,0.652975,2.802268,2.701562
97,1134,35.175622,213.868038,7.773270,16.117315,1,-1,-1,-1,0.652975,0.652975,2.804080,2.701562
97,1131,46.515063,82.796446,9.007381,19.167364,1,-1,-1,-1,0.652975,0.652975,2.801577,2.701562
97,1130,49.240905,217.149726,8.500318,17.452509,1,-1,-1,-1,0.652975,0.652975,2.801577,2.701562
97,1129,49.518550,246.784424,8.593015,18.199157,1,-1,-1,-1,0.652975,0.652975,2.801577,2.701562
97,1128,34.319513,187.610556,8.521143,19.597839,1,-1,-1,-1,0.652975,0.652975,2.801577,2.701562
97,1127,45.655326,44.221928,7.971343,19.007710,1,-1,-1,-1,0.652975,0.652975,2.801577,2.701562
97,1126,122.509174,130.880101,18.502547,7.738886,1,-1,-1,-1,0.652975,0.652975,2.801577,2.701562
97,1125,95.301840,130.636370,16.820341,7.297526,1,-1,-1,-1,0.652975,0.652975,2.801577,2.701562
98,1134,35.122366,214.136618,7.774746,16.194975,1,-1,-1,-1,0.652975,0.652975,2.803339,2.701562
98,1131,46.858565,85.721486,8.865979,19.126145,1,-1,-1,-1,0.652975,0.652975,2.800906,2.701562
98,1130,49.227544,217.705207,8.553356,17.608599,1,-1,-1,-1,0.652975,0.652975,2.800906,2.701562
98,1129,49.527417,246.365869,8.534292,18.113625,1,-1,-1,-1,0.652975,0.652975,2.800906,2.701562
98,1128,34.326074,187.606799,8.520792,19.592920,1,-1,-1,-1,0.652975,0.652975,2.800906,2.701562
98,1127,45.698867,46.488477,7.970946,19.016339,1,-1,-1,-1,0.652975,0.652975,2.800906,2.701562
98,1126,122.507359,130.871879,18.498980,7.736411,1,-1,-1,-1,0.652975,0.652975,2.800906,2.701562
98,1125,95.300644,130.639142,16.820219,7.298181,1,-1,-1,-1,0.652975,0.652975,2.800906,2.701562
99,1134,35.196629,213.760613,7.750099,16.166010,1,-1,-1,-1,0.652975,0.652975,2.802619,2.701562
99,1131,46.999893,89.300736,9.484120,19.378799,1,-1,-1,-1,0.652975,0.652975,2.800252,2.701562
99,1130,49.245831,217.975409,8.487418,17.738551,1,-1,-1,-1,0.652975,0.652975,2.800252,2.701562
99,1129,49.505542,246.366828,8.535984,18.139892,1,-1,-1,-1,0.652975,0.652975,2.800252,2.701562
99,1128,34.328615,187.608133,8.520557,19.592084,1,-1,-1,-1,0.652975,0.652975,2.800252,2.701562
99,1127,45.747318,48.950363,7.970677,19.025389,1,-1,-1,-1,0.652975,0.652975,2.800252,2.701562
99,1126,122.509133,130.877608,18.499247,7.737376,1,-1,-1,-1,0.652975,0.652975,2.800252,2.701562
99,1125,95.300208,130.640083,16.820130,7.298659,1,-1,-1,-1,0.652975,0.652975,2.800252,2.701562
100,1134,35.238419,213.465405,7.792381,16.098748,1,-1,-1,-1,0.652975,0.652975,2.801918,2.701562
100,1131,47.143927,92.795450,10.073365,19.478212,1,-1,-1,-1,0.652975,0.652975,2.799616,2.701562
100,1130,49.315295,216.861209,8.343704,17.364968,1,-1,-1,-1,0.652975,0.652975,2.799616,2.701562
100,1129,49.270447,246.896815,8.715733,18.332499,1,-1,-1,-1,0.652975,0.652975,2.799616,2.701562
100,1128,34.324955,187.610636,8.523158,19.594339,1,-1,-1,-1,0.652975,0.652975,2.799616,2.701562
100,1127,45.804101,51.622690,7.970459,19.029249,1,-1,-1,-1,0.652975,0.652975,2.799616,2.701562
100,1126,122.509771,130.879630,18.499442,7.738081,1,-1,-1,-1,0.652975,0.652975,2.799616,2.701562
100,1125,95.297249,130.642220,16.825684,7.301803,1,-1,-1,-1,0.652975,0.652975,2.799616,2.701562
