1,248,48.730000,63.590000,7.800000,20.230000,1,-1,-1,-1,10.000000,10.000000,10.000000,10.000000
1,247,179.510000,129.560000,18.890000,8.160000,1,-1,-1,-1,10.000000,10.000000,10.000000,10.000000
1,246,73.430000,41.670000,8.830000,18.330000,1,-1,-1,-1,10.000000,10.000000,10.000000,10.000000
1,245,-203.160000,118.130000,19.340000,8.450000,1,-1,-1,-1,10.000000,10.000000,10.000000,10.000000
1,244,77.710000,246.240000,8.440000,18.130000,1,-1,-1,-1,10.000000,10.000000,10.000000,10.000000
1,243,63.240000,213.880000,7.670000,15.990000,1,-1,-1,-1,10.000000,10.000000,10.000000,10.000000
1,242,77.580000,217.920000,8.030000,17.550000,1,-1,-1,-1,10.000000,10.000000,10.000000,10.000000
1,241,62.580000,187.420000,8.240000,18.890000,1,-1,-1,-1,10.000000,10.000000,10.000000,10.000000
1,240,-236.120000,118.120000,15.260000,7.960000,1,-1,-1,-1,10.000000,10.000000,10.000000,10.000000
1,239,74.270000,71.620000,7.950000,18.980000,1,-1,-1,-1,10.000000,10.000000,10.000000,10.000000
1,238,150.560000,130.880000,18.500000,7.740000,1,-1,-1,-1,10.000000,10.000000,10.000000,10.000000
1,237,123.340000,130.640000,16.830000,7.300000,1,-1,-1,-1,10.000000,10.000000,10.000000,10.000000
2,249,-347.950000,191.040000,21.060000,15.140000,1,-1,-1,-1,10.000000,10.000000,10.000000,10.000000
2,248,48.642441,64.008594,8.075108,20.802672,1,-1,-1,-1,0.999900,0.999900,9.990021,5.238095
2,246,73.743116,42.333278,8.763712,18.163328,1,-1,-1,-1,0.999900,0.999900,9.990021,5.238095
2,245,-203.115822,118.052509,19.211648,8.405002,1,-1,-1,-1,0.999900,0.999900,9.990021,5.238095
2,244,77.559548,246.700980,8.450932,18.157945,1,-1,-1,-1,0.999900,0.999900,9.990021,5.238095
2,243,63.268153,213.873307,7.793676,16.173369,1,-1,-1,-1,0.999900,0.999900,9.990021,5.238095
2,242,77.545046,217.465035,8.259892,17.520025,1,-1,-1,-1,0.999900,0.999900,9.990021,5.238095
2,241,62.611240,187.247119,8.217517,18.825803,1,-1,-1,-1,0.999900,0.999900,9.990021,5.238095
2,240,-236.118700,118.119334,15.287397,7.971332,1,-1,-1,-1,0.999900,0.999900,9.990021,5.238095
2,239,74.280497,71.618808,7.949005,18.972385,1,-1,-1,-1,0.999900,0.999900,9.990021,5.238095
2,238,150.550001,130.880000,18.500000,7.740000,1,-1,-1,-1,0.999900,0.999900,9.990021,5.238095
2,237,123.340000,130.640000,16.830000,7.300000,1,-1,-1,-1,0.999900,0.999900,9.990021,5.238095
3,246,73.474001,42.404726,8.939626,18.634592,1,-1,-1,-1,0.941153,0.941153,8.384601,3.841642
3,245,-202.983585,118.048528,19.330691,8.448248,1,-1,-1,-1,0.941153,0.941153,8.384601,3.841642
3,244,77.364359,246.945941,8.739535,18.693337,1,-1,-1,-1,0.941153,0.941153,8.384601,3.841642
3,243,63.359705,212.942940,7.762341,15.794756,1,-1,-1,-1,0.941153,0.941153,8.384601,3.841642
3,242,77.480396,217.271028,8.163322,17.203304,1,-1,-1,-1,0.941153,0.941153,8.384601,3.841642
3,241,62.744949,186.994477,8.244210,18.770493,1,-1,-1,-1,0.941153,0.941153,8.384601,3.841642
3,240,-236.123602,118.120032,15.280143,7.970523,1,-1,-1,-1,0.941153,0.941153,8.384601,3.841642
3,239,74.272128,71.608316,7.948097,18.964546,1,-1,-1,-1,0.941153,0.941153,8.384601,3.841642
3,238,150.558824,130.880000,18.500000,7.740000,1,-1,-1,-1,0.941153,0.941153,8.384601,3.841642
3,237,123.340000,130.640000,16.830000,7.300000,1,-1,-1,-1,0.941153,0.941153,8.384601,3.841642
4,246,73.203924,42.386377,9.156331,18.904452,1,-1,-1,-1,0.847083,0.847083,7.132717,3.262201
4,245,-203.034302,118.140030,19.416352,8.513533,1,-1,-1,-1,0.847083,0.847083,7.132717,3.262201
4,244,77.519263,246.308666,8.681323,18.466251,1,-1,-1,-1,0.847083,0.847083,7.132717,3.262201
4,243,63.418968,213.941473,7.861172,16.183631,1,-1,-1,-1,0.847083,0.847083,7.132717,3.262201
4,242,77.449485,217.698441,8.316769,17.500083,1,-1,-1,-1,0.847083,0.847083,7.132717,3.262201
4,241,62.692514,187.042606,8.196931,18.694961,1,-1,-1,-1,0.847083,0.847083,7.132717,3.262201
4,240,-236.113464,118.118430,15.273059,7.965120,1,-1,-1,-1,0.847083,0.847083,7.132717,3.262201
4,239,74.278377,71.617449,7.948928,18.966827,1,-1,-1,-1,0.847083,0.847083,7.132717,3.262201
4,238,150.560630,130.880000,18.500000,7.740000,1,-1,-1,-1,0.847083,0.847083,7.132717,3.262201
4,237,123.345790,130.639621,16.809950,7.292286,1,-1,-1,-1,0.847083,0.847083,7.132717,3.262201
5,246,73.723013,42.464135,8.651874,18.252572,1,-1,-1,-1,0.780933,0.780933,6.225018,2.988460
5,245,-203.061721,118.147825,19.488105,8.537638,1,-1,-1,-1,0.780933,0.780933,6.225018,2.988460
5,244,77.608885,246.267640,8.617253,18.407318,1,-1,-1,-1,0.780933,0.780933,6.225018,2.988460
5,243,63.340474,213.976589,7.919449,16.317103,1,-1,-1,-1,0.780933,0.780933,6.225018,2.988460
5,242,77.269129,217.629638,8.455983,17.532812,1,-1,-1,-1,0.780933,0.780933,6.225018,2.988460
5,241,62.639957,187.234910,8.239554,18.763191,1,-1,-1,-1,0.780933,0.780933,6.225018,2.988460
5,240,-236.122672,118.117714,15.279475,7.964293,1,-1,-1,-1,0.780933,0.780933,6.225018,2.988460
5,239,74.280046,71.619916,7.949322,18.967951,1,-1,-1,-1,0.780933,0.780933,6.225018,2.988460
5,238,150.560907,130.880000,18.500000,7.740000,1,-1,-1,-1,0.780933,0.780933,6.225018,2.988460
5,237,123.356753,130.640080,16.801498,7.289227,1,-1,-1,-1,0.780933,0.780933,6.225018,2.988460
6,246,74.130624,42.137965,8.363163,17.552389,1,-1,-1,-1,0.739812,0.739812,5.560040,2.851250
6,245,-203.154621,118.097169,19.251535,8.460914,1,-1,-1,-1,0.739812,0.739812,5.560040,2.851250
6,244,77.583507,246.618745,8.626187,18.532088,1,-1,-1,-1,0.739812,0.739812,5.560040,2.851250
6,243,63.396087,213.427733,7.881734,16.085866,1,-1,-1,-1,0.739812,0.739812,5.560040,2.851250
6,242,77.386019,216.882470,8.274997,17.055463,1,-1,-1,-1,0.739812,0.739812,5.560040,2.851250
6,241,62.800713,185.044181,8.185993,17.616966,1,-1,-1,-1,0.739812,0.739812,5.560040,2.851250
6,240,-236.123539,118.120142,15.277480,7.966287,1,-1,-1,-1,0.739812,0.739812,5.560040,2.851250
6,239,74.280468,71.620550,7.949536,18.968584,1,-1,-1,-1,0.739812,0.739812,5.560040,2.851250
6,238,150.553448,130.880000,18.500000,7.740000,1,-1,-1,-1,0.739812,0.739812,5.560040,2.851250
6,237,123.355021,130.640195,16.801803,7.288528,1,-1,-1,-1,0.739812,0.739812,5.560040,2.851250
7,246,74.045292,42.206632,8.220654,17.199496,1,-1,-1,-1,0.714060,0.714060,5.062690,2.780435
7,245,-203.124014,118.061360,19.139706,8.405513,1,-1,-1,-1,0.714060,0.714060,5.062690,2.780435
7,244,77.595513,246.782458,8.584844,18.515758,1,-1,-1,-1,0.714060,0.714060,5.062690,2.780435
7,243,63.360613,213.373807,7.844685,15.956882,1,-1,-1,-1,0.714060,0.714060,5.062690,2.780435
7,242,77.377891,217.109596,8.284374,17.039100,1,-1,-1,-1,0.714060,0.714060,5.062690,2.780435
7,241,62.706686,186.681449,8.212258,18.025314,1,-1,-1,-1,0.714060,0.714060,5.062690,2.780435
7,240,-236.120600,118.118784,15.277628,7.964250,1,-1,-1,-1,0.714060,0.714060,5.062690,2.780435
7,239,74.280526,71.620648,7.949662,18.968972,1,-1,-1,-1,0.714060,0.714060,5.062690,2.780435
7,238,150.558027,130.880000,18.500000,7.740000,1,-1,-1,-1,0.714060,0.714060,5.062690,2.780435
7,237,123.352820,130.641957,16.805072,7.292145,1,-1,-1,-1,0.714060,0.714060,5.062690,2.780435
8,246,73.753061,41.973623,8.361680,17.470754,1,-1,-1,-1,0.697349,0.697349,4.683127,2.743335
8,245,-203.044592,118.077345,19.083910,8.391499,1,-1,-1,-1,0.697349,0.697349,4.683127,2.743335
8,244,77.466034,246.912970,8.689286,18.708415,1,-1,-1,-1,0.697349,0.697349,4.683127,2.743335
8,243,63.304994,213.403630,7.824287,15.905469,1,-1,-1,-1,0.697349,0.697349,4.683127,2.743335
8,242,77.197700,217.857525,8.393795,17.333151,1,-1,-1,-1,0.697349,0.697349,4.683127,2.743335
8,241,62.639512,187.326097,8.224428,18.273416,1,-1,-1,-1,0.697349,0.697349,4.683127,2.743335
8,240,-236.124299,118.126731,15.287238,7.967638,1,-1,-1,-1,0.697349,0.697349,4.683127,2.743335
8,239,74.273511,71.620595,7.949742,18.969224,1,-1,-1,-1,0.697349,0.697349,4.683127,2.743335
8,238,150.559629,130.880000,18.500000,7.740000,1,-1,-1,-1,0.697349,0.697349,4.683127,2.743335
8,237,123.346384,130.641876,16.810550,7.294899,1,-1,-1,-1,0.697349,0.697349,4.683127,2.743335
9,246,73.562521,41.693241,8.506693,17.788281,1,-1,-1,-1,0.686065,0.686065,4.388218,2.723746
9,245,-203.105260,118.134177,19.223423,8.449483,1,-1,-1,-1,0.686065,0.686065,4.388218,2.723746
9,244,77.478006,246.975953,8.608844,18.677436,1,-1,-1,-1,0.686065,0.686065,4.388218,2.723746
9,243,63.270765,213.284578,7.748074,15.783273,1,-1,-1,-1,0.686065,0.686065,4.388218,2.723746
9,242,77.361222,217.962418,8.356542,17.429835,1,-1,-1,-1,0.686065,0.686065,4.388218,2.723746
9,241,62.642650,187.469505,8.235309,18.488463,1,-1,-1,-1,0.686065,0.686065,4.388218,2.723746
9,240,-236.122509,118.121147,15.284487,7.965151,1,-1,-1,-1,0.686065,0.686065,4.388218,2.723746
9,239,74.277822,71.620512,7.949796,18.969396,1,-1,-1,-1,0.686065,0.686065,4.388218,2.723746
9,238,150.553307,130.880000,18.500000,7.740000,1,-1,-1,-1,0.686065,0.686065,4.388218,2.723746
9,237,123.350225,130.641477,16.813941,7.296643,1,-1,-1,-1,0.686065,0.686065,4.388218,2.723746
10,246,73.494997,41.708934,8.571086,17.916439,1,-1,-1,-1,0.678159,0.678159,4.155461,2.713360
10,245,-203.114206,118.137862,19.255485,8.470830,1,-1,-1,-1,0.678159,0.678159,4.155461,2.713360
10,244,77.340702,246.981506,8.883382,18.842560,1,-1,-1,-1,0.678159,0.678159,4.155461,2.713360
10,243,63.217852,213.337974,7.787525,15.734421,1,-1,-1,-1,0.678159,0.678159,4.155461,2.713360
10,242,77.423416,217.344849,8.211935,17.143690,1,-1,-1,-1,0.678159,0.678159,4.155461,2.713360
10,241,62.637633,187.371926,8.211020,18.560862,1,-1,-1,-1,0.678159,0.678159,4.155461,2.713360
10,240,-236.111450,118.082271,15.242340,7.936115,1,-1,-1,-1,0.678159,0.678159,4.155461,2.713360
10,239,74.272472,71.622107,7.950136,18.972951,1,-1,-1,-1,0.678159,0.678159,4.155461,2.713360
10,238,150.557757,130.880000,18.500000,7.740000,1,-1,-1,-1,0.678159,0.678159,4.155461,2.713360
10,237,123.346070,130.640923,16.819537,7.298092,1,-1,-1,-1,0.678159,0.678159,4.155461,2.713360
11,246,73.675769,42.045164,8.556153,17.897591,1,-1,-1,-1,0.672446,0.672446,3.969193,2.707841
11,245,-202.978299,118.141714,19.345787,8.519891,1,-1,-1,-1,0.672446,0.672446,3.969193,2.707841
11,244,77.223865,246.847134,8.868662,18.900420,1,-1,-1,-1,0.672446,0.672446,3.969193,2.707841
11,243,63.242838,214.402322,7.848362,16.135348,1,-1,-1,-1,0.672446,0.672446,3.969193,2.707841
11,242,77.291787,217.959863,8.287112,17.373240,1,-1,-1,-1,0.672446,0.672446,3.969193,2.707841
11,241,62.692336,187.221615,8.183155,18.571291,1,-1,-1,-1,0.672446,0.672446,3.969193,2.707841
11,240,-236.111534,118.111155,15.255333,7.946735,1,-1,-1,-1,0.672446,0.672446,3.969193,2.707841
11,239,74.270608,71.620431,7.950046,18.972026,1,-1,-1,-1,0.672446,0.672446,3.969193,2.707841
11,238,150.554370,130.879868,18.503339,7.740264,1,-1,-1,-1,0.672446,0.672446,3.969193,2.707841
11,237,123.341315,130.641809,16.834743,7.303162,1,-1,-1,-1,0.672446,0.672446,3.969193,2.707841
12,246,73.865950,42.306640,8.393528,17.383266,1,-1,-1,-1,0.668212,0.668212,3.818265,2.704905
12,245,-203.184651,118.161633,19.318156,8.526925,1,-1,-1,-1,0.668212,0.668212,3.818265,2.704905
12,244,77.388260,246.682787,8.769069,18.710322,1,-1,-1,-1,0.668212,0.668212,3.818265,2.704905
12,243,63.404036,213.760857,7.801779,16.047536,1,-1,-1,-1,0.668212,0.668212,3.818265,2.704905
12,242,77.459758,217.701116,8.256638,17.425385,1,-1,-1,-1,0.668212,0.668212,3.818265,2.704905
12,241,62.729705,187.262714,8.172190,18.647190,1,-1,-1,-1,0.668212,0.668212,3.818265,2.704905
12,240,-236.112830,118.118768,15.262786,7.950729,1,-1,-1,-1,0.668212,0.668212,3.818265,2.704905
12,239,74.276633,71.619928,7.949995,18.971386,1,-1,-1,-1,0.668212,0.668212,3.818265,2.704905
12,238,150.557544,130.879917,18.502370,7.740165,1,-1,-1,-1,0.668212,0.668212,3.818265,2.704905
12,237,123.340128,130.638371,16.832531,7.299195,1,-1,-1,-1,0.668212,0.668212,3.818265,2.704905
13,246,73.739690,42.394376,8.547976,17.599627,1,-1,-1,-1,0.665009,0.665009,3.694582,2.703342
13,245,-203.153668,118.113291,19.257131,8.513690,1,-1,-1,-1,0.665009,0.665009,3.694582,2.703342
13,244,77.254349,246.612962,8.797836,18.772335,1,-1,-1,-1,0.665009,0.665009,3.694582,2.703342
13,243,63.281832,213.960720,7.756672,16.100705,1,-1,-1,-1,0.665009,0.665009,3.694582,2.703342
13,242,77.231438,218.509003,8.462810,17.919916,1,-1,-1,-1,0.665009,0.665009,3.694582,2.703342
13,241,62.684947,187.379465,8.178785,18.738421,1,-1,-1,-1,0.665009,0.665009,3.694582,2.703342
13,240,-236.114465,118.121052,15.267900,7.953475,1,-1,-1,-1,0.665009,0.665009,3.694582,2.703342
13,239,74.272258,71.613178,7.949967,18.970940,1,-1,-1,-1,0.665009,0.665009,3.694582,2.703342
13,238,150.558880,130.879948,18.501690,7.740104,1,-1,-1,-1,0.665009,0.665009,3.694582,2.703342
13,237,123.340511,130.641065,16.836671,7.303033,1,-1,-1,-1,0.665009,0.665009,3.694582,2.703342
14,246,73.575817,42.383063,8.772273,18.042676,1,-1,-1,-1,0.662548,0.662548,3.592165,2.702510
14,245,-203.110134,118.091053,19.224112,8.496175,1,-1,-1,-1,0.662548,0.662548,3.592165,2.702510
14,244,77.333193,246.700498,8.842671,18.739164,1,-1,-1,-1,0.662548,0.662548,3.592165,2.702510
14,243,63.266623,213.439275,7.764067,15.947147,1,-1,-1,-1,0.662548,0.662548,3.592165,2.702510
14,242,77.320337,217.036227,8.403524,17.299129,1,-1,-1,-1,0.662548,0.662548,3.592165,2.702510
14,241,62.668501,187.378143,8.193466,18.782050,1,-1,-1,-1,0.662548,0.662548,3.592165,2.702510
14,240,-236.120778,118.121374,15.274594,7.955615,1,-1,-1,-1,0.662548,0.662548,3.592165,2.702510
14,239,74.270624,71.617346,7.949951,18.970628,1,-1,-1,-1,0.662548,0.662548,3.592165,2.702510
14,238,150.559477,130.879967,18.501208,7.740065,1,-1,-1,-1,0.662548,0.662548,3.592165,2.702510
14,237,123.340604,130.639733,16.838305,7.302532,1,-1,-1,-1,0.662548,0.662548,3.592165,2.702510
15,246,73.688338,42.447730,8.686774,18.038257,1,-1,-1,-1,0.660633,0.660633,3.506534,2.702067
15,245,-203.065849,118.130757,19.308327,8.505393,1,-1,-1,-1,0.660633,0.660633,3.506534,2.702067
15,243,63.290785,213.397109,7.747062,15.858336,1,-1,-1,-1,0.660633,0.660633,3.506534,2.702067
15,242,77.394313,217.229953,8.670977,17.224157,1,-1,-1,-1,0.660633,0.660633,3.506534,2.702067
15,241,62.641794,187.465196,8.206947,18.819469,1,-1,-1,-1,0.660633,0.660633,3.506534,2.702067
15,240,-236.106559,118.123027,15.276967,7.959973,1,-1,-1,-1,0.660633,0.660633,3.506534,2.702067
15,239,74.289849,71.618979,7.949944,18.970409,1,-1,-1,-1,0.660633,0.660633,3.506534,2.702067
15,238,150.572976,130.879980,18.500865,7.740041,1,-1,-1,-1,0.660633,0.660633,3.506534,2.702067
15,237,123.338614,130.639410,16.836330,7.301964,1,-1,-1,-1,0.660633,0.660633,3.506534,2.702067
16,246,73.646408,42.611567,8.684919,18.158338,1,-1,-1,-1,0.659128,0.659128,3.434287,2.701831
16,245,-202.706505,118.094147,19.300746,8.486481,1,-1,-1,-1,0.659128,0.659128,3.434287,2.701831
16,243,63.572147,213.653771,7.835802,16.000915,1,-1,-1,-1,0.659128,0.659128,3.434287,2.701831
16,242,78.227442,217.095255,9.013255,17.517028,1,-1,-1,-1,0.659128,0.659128,3.434287,2.701831
16,241,62.771281,187.424621,8.222999,18.859455,1,-1,-1,-1,0.659128,0.659128,3.434287,2.701831
16,240,-235.864258,118.122921,15.278522,7.963064,1,-1,-1,-1,0.659128,0.659128,3.434287,2.701831
16,239,74.534294,71.621392,7.950095,18.973323,1,-1,-1,-1,0.659128,0.659128,3.434287,2.701831
16,238,150.795596,130.879987,18.500621,7.740025,1,-1,-1,-1,0.659128,0.659128,3.434287,2.701831
16,237,123.341681,130.637777,16.827927,7.298173,1,-1,-1,-1,0.659128,0.659128,3.434287,2.701831
17,246,74.328562,42.786257,8.557979,18.212641,1,-1,-1,-1,0.657936,0.657936,3.372813,2.701705
17,245,-201.664853,118.038051,19.293752,8.451718,1,-1,-1,-1,0.657936,0.657936,3.372813,2.701705
17,243,64.219472,213.445897,7.760014,15.876507,1,-1,-1,-1,0.657936,0.657936,3.372813,2.701705
17,242,78.891191,216.593115,8.702949,17.105710,1,-1,-1,-1,0.657936,0.657936,3.372813,2.701705
17,241,63.442653,187.401841,8.266772,18.880507,1,-1,-1,-1,0.657936,0.657936,3.372813,2.701705
17,240,-235.266816,118.122351,15.279541,7.965259,1,-1,-1,-1,0.657936,0.657936,3.372813,2.701705
17,239,75.126158,71.621805,7.950183,18.975399,1,-1,-1,-1,0.657936,0.657936,3.372813,2.701705
17,238,151.280208,130.881764,18.501250,7.743051,1,-1,-1,-1,0.657936,0.657936,3.372813,2.701705
17,237,123.342549,130.639334,16.831911,7.298980,1,-1,-1,-1,0.657936,0.657936,3.372813,2.701705
18,246,75.301905,42.716493,8.535696,18.074193,1,-1,-1,-1,0.656986,0.656986,3.320085,2.701638
18,245,-199.886607,118.172628,19.301681,8.501636,1,-1,-1,-1,0.656986,0.656986,3.320085,2.701638
18,244,79.302533,246.788843,8.964953,18.671365,1,-1,-1,-1,0.658927,0.658927,3.521602,2.835123
18,243,65.039737,212.875644,7.771926,15.637834,1,-1,-1,-1,0.656986,0.656986,3.320085,2.701638
18,242,79.916132,215.525064,8.539059,16.510857,1,-1,-1,-1,0.656986,0.656986,3.320085,2.701638
18,241,64.378373,187.615717,8.263258,18.980238,1,-1,-1,-1,0.656986,0.656986,3.320085,2.701638
18,240,-234.257826,118.120134,15.273590,7.963489,1,-1,-1,-1,0.656986,0.656986,3.320085,2.701638
18,239,76.090444,71.621594,7.950234,18.976880,1,-1,-1,-1,0.656986,0.656986,3.320085,2.701638
18,238,151.967994,130.880141,18.500858,7.742204,1,-1,-1,-1,0.656986,0.656986,3.320085,2.701638
18,237,123.382101,130.707461,16.761530,7.328470,1,-1,-1,-1,0.656986,0.656986,3.320085,2.701638
19,246,76.210580,42.665564,8.541877,18.060819,1,-1,-1,-1,0.656225,0.656225,3.274518,2.701603
19,245,-197.019613,118.035531,19.652423,8.469928,1,-1,-1,-1,0.656225,0.656225,3.274518,2.701603
19,244,80.692764,246.882272,9.063861,18.754523,1,-1,-1,-1,0.656409,0.656409,3.376861,2.772019
19,243,66.575572,213.329335,7.764679,15.702351,1,-1,-1,-1,0.656225,0.656225,3.274518,2.701603
19,242,80.664416,216.181742,8.313568,16.426564,1,-1,-1,-1,0.656225,0.656225,3.274518,2.701603
19,241,65.773944,187.542268,8.296749,19.081380,1,-1,-1,-1,0.656225,0.656225,3.274518,2.701603
19,240,-232.836026,118.119568,15.269348,7.962249,1,-1,-1,-1,0.656225,0.656225,3.274518,2.701603
19,239,77.415779,71.611110,7.950020,18.971959,1,-1,-1,-1,0.656225,0.656225,3.274518,2.701603
19,238,152.797556,130.879604,18.503579,7.741713,1,-1,-1,-1,0.656225,0.656225,3.274518,2.701603
19,237,123.369861,130.658618,16.782718,7.317996,1,-1,-1,-1,0.656225,0.656225,3.274518,2.701603
20,246,78.768337,42.292780,8.424637,18.019491,1,-1,-1,-1,0.655613,0.655613,3.234861,2.701584
20,244,81.441996,246.813839,8.972465,18.775506,1,-1,-1,-1,0.655618,0.655618,3.287338,2.738901
20,243,67.870859,213.350737,7.741715,15.809387,1,-1,-1,-1,0.655613,0.655613,3.234861,2.701584
20,242,81.173151,216.925191,8.212298,16.664193,1,-1,-1,-1,0.655613,0.655613,3.234861,2.701584
20,241,66.998561,187.119649,8.291717,19.178388,1,-1,-1,-1,0.655613,0.655613,3.234861,2.701584
20,239,79.570722,71.169230,7.886799,18.934615,1,-1,-1,-1,0.655613,0.655613,3.234861,2.701584
20,238,153.686349,131.144670,18.537206,7.801038,1,-1,-1,-1,0.655613,0.655613,3.234861,2.701584
20,237,123.361187,130.643548,16.798778,7.313368,1,-1,-1,-1,0.655613,0.655613,3.234861,2.701584
21,244,81.972166,245.904878,8.724296,18.647848,1,-1,-1,-1,0.655123,0.655123,3.227155,2.721397
21,243,68.668321,213.444385,7.836658,16.165920,1,-1,-1,-1,0.655120,0.655120,3.200116,2.701574
21,242,81.441408,216.508691,8.075656,16.834455,1,-1,-1,-1,0.655120,0.655120,3.200116,2.701574
21,241,68.215295,186.306388,8.314482,19.268531,1,-1,-1,-1,0.655120,0.655120,3.200116,2.701574
21,239,82.454998,70.457429,7.829480,18.903538,1,-1,-1,-1,0.655120,0.655120,3.200116,2.701574
21,238,154.586421,131.640429,18.619427,7.929462,1,-1,-1,-1,0.655120,0.655120,3.200116,2.701574
21,237,123.353666,130.640253,16.819858,7.313255,1,-1,-1,-1,0.655120,0.655120,3.200116,2.701574
22,244,82.469647,244.942578,8.478372,18.540115,1,-1,-1,-1,0.654730,0.654730,3.183444,2.712112
22,243,69.333262,211.859834,7.944407,16.222679,1,-1,-1,-1,0.654721,0.654721,3.169484,2.701568
22,242,82.119545,215.088353,7.997176,16.691688,1,-1,-1,-1,0.654721,0.654721,3.169484,2.701568
22,241,69.604517,184.994652,8.494775,19.367296,1,-1,-1,-1,0.654721,0.654721,3.169484,2.701568
22,238,155.500434,132.306920,18.741767,8.123940,1,-1,-1,-1,0.654721,0.654721,3.169484,2.701568
22,237,123.355402,130.635608,16.825189,7.306904,1,-1,-1,-1,0.654721,0.654721,3.169484,2.701568
23,244,82.769213,243.885013,8.538650,18.504971,1,-1,-1,-1,0.654408,0.654408,3.149527,2.707178
23,243,69.957859,210.457557,8.244202,16.438191,1,-1,-1,-1,0.654397,0.654397,3.142321,2.701565
23,242,82.981285,214.331651,8.001027,16.723543,1,-1,-1,-1,0.654397,0.654397,3.142321,2.701565
23,241,71.317261,183.138244,8.598206,19.232144,1,-1,-1,-1,0.654397,0.654397,3.142321,2.701565
23,238,156.419395,133.117558,18.895178,8.376744,1,-1,-1,-1,0.654397,0.654397,3.142321,2.701565
23,237,123.351707,130.626705,16.822777,7.299180,1,-1,-1,-1,0.654397,0.654397,3.142321,2.701565
24,265,97.971712,38.422676,8.299737,17.430048,1,-1,-1,-1,0.847083,0.847083,7.132717,3.262201
24,244,83.685295,240.744382,8.260822,17.665129,1,-1,-1,-1,0.654145,0.654145,3.121813,2.704552
24,243,71.622087,207.923457,8.055283,16.063274,1,-1,-1,-1,0.654134,0.654134,3.118101,2.701564
24,242,83.832908,212.253204,8.212170,16.533823,1,-1,-1,-1,0.654134,0.654134,3.118101,2.701564
24,241,73.164531,181.454520,8.713322,19.136237,1,-1,-1,-1,0.654134,0.654134,3.118101,2.701564
24,238,157.305652,134.069855,19.066555,8.682070,1,-1,-1,-1,0.654134,0.654134,3.118101,2.701564
24,237,123.345691,130.626470,16.824504,7.296599,1,-1,-1,-1,0.654134,0.654134,3.118101,2.701564
25,268,100.692544,66.965179,9.114312,19.980050,1,-1,-1,-1,0.847083,0.847083,7.132717,3.262201
25,265,103.477420,37.970886,8.921276,18.549475,1,-1,-1,-1,0.780933,0.780933,6.225018,2.988460
25,244,83.729233,241.036889,8.770560,18.040615,1,-1,-1,-1,0.653930,0.653930,3.098300,2.703154
25,243,72.653572,207.024418,8.200302,16.153992,1,-1,-1,-1,0.653921,0.653921,3.096395,2.701563
25,242,85.225194,210.874844,8.252811,16.409142,1,-1,-1,-1,0.653921,0.653921,3.096395,2.701563
25,241,75.226763,180.165196,8.856718,19.054861,1,-1,-1,-1,0.653921,0.653921,3.096395,2.701563
25,238,158.203057,135.165224,19.252863,9.038963,1,-1,-1,-1,0.653921,0.653921,3.096395,2.701563
25,237,123.344909,130.633389,16.828685,7.294812,1,-1,-1,-1,0.653921,0.653921,3.096395,2.701563
26,268,106.473322,66.061151,9.625761,20.350825,1,-1,-1,-1,0.780933,0.780933,6.225018,2.988460
26,265,110.281765,36.595649,9.686424,19.225993,1,-1,-1,-1,0.739812,0.739812,5.560040,2.851250
26,244,83.205529,240.843386,9.417496,18.616688,1,-1,-1,-1,0.653755,0.653755,3.077820,2.702410
26,243,73.629847,205.016278,8.411136,16.214893,1,-1,-1,-1,0.653747,0.653747,3.076849,2.701563
26,242,85.567732,209.179791,8.719870,16.410733,1,-1,-1,-1,0.653747,0.653747,3.076849,2.701563
26,241,76.897255,179.129316,9.301956,19.406033,1,-1,-1,-1,0.653747,0.653747,3.076849,2.701563
26,238,158.965749,136.539392,19.477607,9.489969,1,-1,-1,-1,0.653747,0.653747,3.076849,2.701563
26,237,123.349874,130.634716,16.819753,7.290297,1,-1,-1,-1,0.653747,0.653747,3.076849,2.701563
27,268,114.981923,64.522322,10.540270,20.956074,1,-1,-1,-1,0.739812,0.739812,5.560040,2.851250
27,243,72.120342,201.664953,9.214059,16.605190,1,-1,-1,-1,0.653605,0.653605,3.059169,2.701562
27,242,83.612233,207.692276,9.210237,16.988125,1,-1,-1,-1,0.653605,0.653605,3.059169,2.701562
27,241,77.227689,175.624671,10.322176,20.008974,1,-1,-1,-1,0.653605,0.653605,3.059169,2.701562
27,238,159.358049,139.166950,19.830023,10.204050,1,-1,-1,-1,0.653605,0.653605,3.059169,2.701562
27,237,123.348566,130.635991,16.816208,7.287119,1,-1,-1,-1,0.653605,0.653605,3.059169,2.701562
28,268,124.956213,63.626456,11.665545,21.480296,1,-1,-1,-1,0.714060,0.714060,5.062690,2.780435
28,241,77.665320,170.914043,11.372165,20.196184,1,-1,-1,-1,0.653490,0.653490,3.043111,2.701562
28,238,159.544345,142.430928,20.203940,11.103150,1,-1,-1,-1,0.653490,0.653490,3.043111,2.701562
28,237,123.352129,130.638812,16.819818,7.287847,1,-1,-1,-1,0.653490,0.653490,3.043111,2.701562
29,268,135.949151,63.993115,12.907848,21.813761,1,-1,-1,-1,0.697349,0.697349,4.683127,2.743335
29,241,78.227922,166.545609,12.748946,20.573059,1,-1,-1,-1,0.653396,0.653396,3.028469,2.701562
29,238,159.858806,146.213223,20.520248,12.135887,1,-1,-1,-1,0.653396,0.653396,3.028469,2.701562
29,237,123.347121,130.639644,16.833906,7.288660,1,-1,-1,-1,0.653396,0.653396,3.028469,2.701562
30,237,123.340745,130.648253,16.841647,7.292023,1,-1,-1,-1,0.653319,0.653319,3.015070,2.701562
31,292,66.134687,177.083241,15.966816,19.878671,1,-1,-1,-1,0.847083,0.847083,7.132717,3.262201
31,237,123.334783,130.646052,16.864713,7.297709,1,-1,-1,-1,0.653256,0.653256,3.002767,2.701562
32,292,63.255010,166.734396,17.553151,19.314521,1,-1,-1,-1,0.780933,0.780933,6.225018,2.988460
32,237,123.330539,130.650960,16.864339,7.301414,1,-1,-1,-1,0.653205,0.653205,2.991436,2.701562
33,302,159.923059,173.993682,16.340430,18.325623,1,-1,-1,-1,0.847083,0.847083,7.132717,3.262201
33,292,62.806062,154.605087,17.685996,17.208209,1,-1,-1,-1,0.739812,0.739812,5.560040,2.851250
33,237,123.330319,130.648556,16.854854,7.298241,1,-1,-1,-1,0.653163,0.653163,2.980969,2.701562
34,302,160.372072,178.746326,14.703286,18.010562,1,-1,-1,-1,0.780933,0.780933,6.225018,2.988460
34,292,65.045330,145.458538,17.257493,15.014553,1,-1,-1,-1,0.714060,0.714060,5.062690,2.780435
34,237,123.336567,130.648195,16.845122,7.295880,1,-1,-1,-1,0.653129,0.653129,2.971273,2.701562
35,302,160.870541,182.873186,13.056826,17.522203,1,-1,-1,-1,0.739812,0.739812,5.560040,2.851250
35,237,123.338483,130.652181,16.835821,7.299764,1,-1,-1,-1,0.653101,0.653101,2.962268,2.701562
36,334,208.225342,169.208316,11.455970,22.523543,1,-1,-1,-1,0.847083,0.847083,7.132717,3.262201
36,330,100.127559,119.784585,18.265556,11.557127,1,-1,-1,-1,0.847083,0.847083,7.132717,3.262201
36,302,161.639979,186.046181,11.533707,16.967754,1,-1,-1,-1,0.714060,0.714060,5.062690,2.780435
36,237,123.341281,130.640905,16.828162,7.294124,1,-1,-1,-1,0.653078,0.653078,2.953887,2.701562
37,334,211.016219,172.615117,10.239034,21.713813,1,-1,-1,-1,0.780933,0.780933,6.225018,2.988460
37,330,103.897237,118.311887,16.911593,10.281095,1,-1,-1,-1,0.780933,0.780933,6.225018,2.988460
37,302,163.522772,187.516379,10.404046,16.590125,1,-1,-1,-1,0.697349,0.697349,4.683127,2.743335
37,237,123.345395,130.639420,16.825708,7.292902,1,-1,-1,-1,0.653059,0.653059,2.946067,2.701562
38,346,80.227715,119.653771,16.970231,9.245250,1,-1,-1,-1,0.847083,0.847083,7.132717,3.262201
38,343,78.408689,134.067259,16.483644,9.045397,1,-1,-1,-1,0.847083,0.847083,7.132717,3.262201
38,330,108.228688,117.652832,16.991679,9.656874,1,-1,-1,-1,0.739812,0.739812,5.560040,2.851250
38,302,165.577970,188.438666,9.521759,16.310686,1,-1,-1,-1,0.686065,0.686065,4.388218,2.723746
38,237,123.353029,130.639187,16.812649,7.291811,1,-1,-1,-1,0.653044,0.653044,2.938756,2.701562
39,350,254.591324,123.551322,14.994203,8.245339,1,-1,-1,-1,0.847083,0.847083,7.132717,3.262201
39,349,51.628740,134.968496,17.877376,9.337202,1,-1,-1,-1,0.847083,0.847083,7.132717,3.262201
39,348,226.126360,124.752349,18.692307,8.850922,1,-1,-1,-1,0.847083,0.847083,7.132717,3.262201
39,346,84.266691,118.727806,15.833140,8.543903,1,-1,-1,-1,0.780933,0.780933,6.225018,2.988460
39,343,81.680605,133.056783,15.800276,8.589951,1,-1,-1,-1,0.780933,0.780933,6.225018,2.988460
39,330,111.308413,117.158885,17.044229,9.201107,1,-1,-1,-1,0.714060,0.714060,5.062690,2.780435
39,302,167.503567,189.185617,8.811540,16.096103,1,-1,-1,-1,0.678159,0.678159,4.155461,2.713360
39,237,123.353391,130.641136,16.806236,7.293892,1,-1,-1,-1,0.653031,0.653031,2.931907,2.701562
40,350,257.035308,126.305146,15.166869,8.229909,1,-1,-1,-1,0.780933,0.780933,6.225018,2.988460
40,349,53.875138,133.225504,17.649132,8.826786,1,-1,-1,-1,0.780933,0.780933,6.225018,2.988460
40,348,228.721358,126.786026,18.442496,8.493190,1,-1,-1,-1,0.780933,0.780933,6.225018,2.988460
40,346,87.625524,117.801258,14.961583,7.994681,1,-1,-1,-1,0.739812,0.739812,5.560040,2.851250
40,343,83.897255,132.335038,15.859765,8.548791,1,-1,-1,-1,0.739812,0.739812,5.560040,2.851250
40,330,113.804853,116.319787,17.013531,8.607641,1,-1,-1,-1,0.697349,0.697349,4.683127,2.743335
40,302,169.217580,189.875102,8.224697,15.920829,1,-1,-1,-1,0.672446,0.672446,3.969193,2.707841
40,237,123.353696,130.641451,16.810006,7.295564,1,-1,-1,-1,0.653021,0.653021,2.925479,2.701562
41,350,259.384907,128.644156,15.185333,8.028968,1,-1,-1,-1,0.739812,0.739812,5.560040,2.851250
41,348,230.991148,128.676119,18.227135,8.158884,1,-1,-1,-1,0.739812,0.739812,5.560040,2.851250
41,346,89.299774,117.228817,15.402261,8.096687,1,-1,-1,-1,0.714060,0.714060,5.062690,2.780435
41,343,86.668922,131.430698,15.050317,8.034458,1,-1,-1,-1,0.714060,0.714060,5.062690,2.780435
41,330,116.435793,116.471400,16.995011,8.342462,1,-1,-1,-1,0.686065,0.686065,4.388218,2.723746
41,302,170.706193,190.542249,7.746908,15.790891,1,-1,-1,-1,0.668212,0.668212,3.818265,2.704905
41,237,123.350090,130.658019,16.818890,7.302497,1,-1,-1,-1,0.653013,0.653013,2.919436,2.701562
42,350,261.364325,131.007763,14.975870,7.817200,1,-1,-1,-1,0.714060,0.714060,5.062690,2.780435
42,348,232.954585,130.449005,18.041825,7.841958,1,-1,-1,-1,0.714060,0.714060,5.062690,2.780435
42,346,89.425610,117.032761,16.876663,8.536311,1,-1,-1,-1,0.697349,0.697349,4.683127,2.743335
42,343,88.415094,130.710147,14.712144,7.728125,1,-1,-1,-1,0.697349,0.697349,4.683127,2.743335
42,330,118.414310,116.357594,17.028479,8.039175,1,-1,-1,-1,0.678159,0.678159,4.155461,2.713360
42,302,171.864151,191.239778,7.546361,15.878405,1,-1,-1,-1,0.665009,0.665009,3.694582,2.703342
42,237,123.347190,130.663082,16.825326,7.307540,1,-1,-1,-1,0.653006,0.653006,2.913746,2.701562
43,350,264.349734,131.980970,16.141091,8.137660,1,-1,-1,-1,0.697349,0.697349,4.683127,2.743335
43,348,234.603583,131.172129,17.963159,7.641771,1,-1,-1,-1,0.697349,0.697349,4.683127,2.743335
43,346,92.357434,116.252341,15.923950,8.006921,1,-1,-1,-1,0.686065,0.686065,4.388218,2.723746
43,343,88.774375,130.823156,15.973255,8.137741,1,-1,-1,-1,0.686065,0.686065,4.388218,2.723746
43,330,120.062463,116.285458,17.026655,7.801578,1,-1,-1,-1,0.672446,0.672446,3.969193,2.707841
43,302,173.231991,191.429473,7.445322,16.022682,1,-1,-1,-1,0.662548,0.662548,3.592165,2.702510
43,237,123.353394,130.664206,16.813156,7.310928,1,-1,-1,-1,0.653000,0.653000,2.908379,2.701562
44,365,65.242496,117.073440,19.284776,8.115742,1,-1,-1,-1,0.847083,0.847083,7.132717,3.262201
44,364,104.800511,-84.426134,20.168579,8.727350,1,-1,-1,-1,0.847083,0.847083,7.132717,3.262201
44,348,235.988795,131.428646,17.954636,7.520096,1,-1,-1,-1,0.686065,0.686065,4.388218,2.723746
44,346,92.410443,116.600885,17.004924,8.374766,1,-1,-1,-1,0.678159,0.678159,4.155461,2.713360
44,343,90.720376,130.496234,15.600274,7.880454,1,-1,-1,-1,0.678159,0.678159,4.155461,2.713360
44,330,121.662496,116.415405,17.034900,7.710162,1,-1,-1,-1,0.668212,0.668212,3.818265,2.704905
44,302,174.575540,191.383475,7.396459,16.181429,1,-1,-1,-1,0.660633,0.660633,3.506534,2.702067
44,237,123.356246,130.653724,16.801008,7.307765,1,-1,-1,-1,0.652996,0.652996,2.903309,2.701562
45,366,195.359354,-124.287248,8.083090,15.378675,1,-1,-1,-1,0.847083,0.847083,7.132717,3.262201
45,365,66.253572,117.069096,19.599393,8.186155,1,-1,-1,-1,0.780933,0.780933,6.225018,2.988460
45,364,100.384300,-84.827293,20.269850,8.671073,1,-1,-1,-1,0.780933,0.780933,6.225018,2.988460
45,361,222.214208,179.550647,11.950354,26.034675,1,-1,-1,-1,0.715357,0.715357,5.235760,2.953529
45,348,237.148758,131.469411,17.986459,7.448859,1,-1,-1,-1,0.678159,0.678159,4.155461,2.713360
45,346,93.502049,116.515945,17.796837,8.485882,1,-1,-1,-1,0.672446,0.672446,3.969193,2.707841
45,343,90.900770,130.884693,16.341081,8.119931,1,-1,-1,-1,0.672446,0.672446,3.969193,2.707841
45,330,122.893523,116.631360,17.097141,7.753702,1,-1,-1,-1,0.665009,0.665009,3.694582,2.703342
45,302,175.799171,191.248782,7.378547,16.339932,1,-1,-1,-1,0.659128,0.659128,3.434287,2.701831
45,237,123.364111,130.650261,16.789364,7.305424,1,-1,-1,-1,0.652992,0.652992,2.898514,2.701562
46,366,196.308603,-120.466405,8.085040,15.378555,1,-1,-1,-1,0.780933,0.780933,6.225018,2.988460
46,365,67.596870,116.989028,19.638854,8.132225,1,-1,-1,-1,0.739812,0.739812,5.560040,2.851250
46,364,96.371513,-84.672935,19.969986,8.590614,1,-1,-1,-1,0.739812,0.739812,5.560040,2.851250
46,361,223.068023,179.967841,12.128976,26.207931,1,-1,-1,-1,0.697378,0.697378,4.731599,2.833354
46,348,238.133449,131.444337,18.027484,7.407577,1,-1,-1,-1,0.672446,0.672446,3.969193,2.707841
46,346,94.974729,116.834247,18.324412,8.681572,1,-1,-1,-1,0.668212,0.668212,3.818265,2.704905
46,343,92.942252,130.559451,15.807911,7.859848,1,-1,-1,-1,0.668212,0.668212,3.818265,2.704905
46,330,123.920747,116.756528,17.110882,7.799584,1,-1,-1,-1,0.662548,0.662548,3.592165,2.702510
46,302,176.872660,191.086540,7.380499,16.491648,1,-1,-1,-1,0.657936,0.657936,3.372813,2.701705
46,237,123.375867,130.639202,16.760883,7.297855,1,-1,-1,-1,0.652989,0.652989,2.893973,2.701562
47,369,266.418086,131.278185,15.324039,7.723139,1,-1,-1,-1,0.847083,0.847083,7.132717,3.262201
47,366,197.131172,-116.554517,8.075192,15.382078,1,-1,-1,-1,0.739812,0.739812,5.560040,2.851250
47,365,68.367122,117.028513,19.723837,8.132334,1,-1,-1,-1,0.714060,0.714060,5.062690,2.780435
47,364,91.898938,-84.608808,20.457493,8.628332,1,-1,-1,-1,0.714060,0.714060,5.062690,2.780435
47,361,223.921145,180.065467,12.201269,26.257057,1,-1,-1,-1,0.686088,0.686088,4.398862,2.771095
47,348,238.948649,131.393370,18.082771,7.386131,1,-1,-1,-1,0.668212,0.668212,3.818265,2.704905
47,346,96.660245,116.512659,16.937089,8.225566,1,-1,-1,-1,0.665009,0.665009,3.694582,2.703342
47,343,93.622598,130.639159,15.849619,7.839790,1,-1,-1,-1,0.665009,0.665009,3.694582,2.703342
47,330,125.011610,116.815334,16.830244,7.759846,1,-1,-1,-1,0.660633,0.660633,3.506534,2.702067
47,302,177.780590,190.925495,7.394908,16.633315,1,-1,-1,-1,0.656986,0.656986,3.320085,2.701638
47,237,123.384155,130.646535,16.748959,7.298050,1,-1,-1,-1,0.652986,0.652986,2.889667,2.701562
48,370,39.281638,117.270228,18.259481,7.999427,1,-1,-1,-1,0.847083,0.847083,7.132717,3.262201
48,369,267.291388,131.329500,15.217222,7.684054,1,-1,-1,-1,0.780933,0.780933,6.225018,2.988460
48,366,197.804949,-112.638302,8.073471,15.369834,1,-1,-1,-1,0.714060,0.714060,5.062690,2.780435
48,365,68.601293,117.057243,19.855177,8.165594,1,-1,-1,-1,0.697349,0.697349,4.683127,2.743335
48,364,88.285003,-84.829799,20.154628,8.448514,1,-1,-1,-1,0.697349,0.697349,4.683127,2.743335
48,361,224.669752,179.521320,12.246908,26.204572,1,-1,-1,-1,0.678218,0.678218,4.156458,2.738413
48,348,239.628928,131.337974,18.134485,7.376366,1,-1,-1,-1,0.665009,0.665009,3.694582,2.703342
48,346,97.860724,116.421375,16.047516,7.926467,1,-1,-1,-1,0.662548,0.662548,3.592165,2.702510
48,343,93.833379,130.843666,16.349716,7.941411,1,-1,-1,-1,0.662548,0.662548,3.592165,2.702510
48,330,125.370777,116.940999,17.167821,7.870899,1,-1,-1,-1,0.659128,0.659128,3.434287,2.701831
48,302,178.545167,190.783740,7.417080,16.766643,1,-1,-1,-1,0.656225,0.656225,3.274518,2.701603
48,237,123.387512,130.649318,16.737489,7.298164,1,-1,-1,-1,0.652984,0.652984,2.885579,2.701562
49,370,40.139998,117.306881,17.866490,7.980159,1,-1,-1,-1,0.780933,0.780933,6.225018,2.988460
49,369,268.218357,131.192421,15.202979,7.613180,1,-1,-1,-1,0.739812,0.739812,5.560040,2.851250
49,366,198.353744,-108.660806,8.076796,15.367303,1,-1,-1,-1,0.697349,0.697349,4.683127,2.743335
49,365,68.765864,117.076864,20.123051,8.211689,1,-1,-1,-1,0.686065,0.686065,4.388218,2.723746
49,364,85.275935,-85.140320,19.759426,8.273653,1,-1,-1,-1,0.686065,0.686065,4.388218,2.723746
49,361,225.369240,179.399807,12.095971,26.079940,1,-1,-1,-1,0.672509,0.672509,3.969350,2.721139
49,348,240.190725,131.284943,18.187437,7.374402,1,-1,-1,-1,0.662548,0.662548,3.592165,2.702510
49,346,97.550417,116.682087,17.070866,8.215335,1,-1,-1,-1,0.660633,0.660633,3.506534,2.702067
49,343,93.940296,131.073203,16.785125,8.103083,1,-1,-1,-1,0.660633,0.660633,3.506534,2.702067
49,330,126.091674,116.952298,17.050957,7.869190,1,-1,-1,-1,0.657936,0.657936,3.372813,2.701705
49,302,179.182934,190.649768,7.443341,16.887663,1,-1,-1,-1,0.655613,0.655613,3.234861,2.701584
49,237,123.393577,130.650389,16.723562,7.298180,1,-1,-1,-1,0.652983,0.652983,2.881694,2.701562
50,370,40.503699,117.134492,18.451563,8.092820,1,-1,-1,-1,0.739812,0.739812,5.560040,2.851250
50,369,268.724809,131.047740,15.438921,7.634601,1,-1,-1,-1,0.714060,0.714060,5.062690,2.780435
50,366,198.812929,-104.625596,8.074934,15.359840,1,-1,-1,-1,0.686065,0.686065,4.388218,2.723746
50,365,69.439605,117.090809,19.855614,8.156929,1,-1,-1,-1,0.678159,0.678159,4.155461,2.713360
50,364,82.694148,-84.967799,19.122211,8.204832,1,-1,-1,-1,0.678159,0.678159,4.155461,2.713360
50,361,225.947533,179.762653,12.058706,26.041383,1,-1,-1,-1,0.668266,0.668266,3.819822,2.711975
50,348,240.661155,131.236787,18.226789,7.376462,1,-1,-1,-1,0.660633,0.660633,3.506534,2.702067
50,343,94.635297,130.973515,16.705985,8.105817,1,-1,-1,-1,0.659128,0.659128,3.434287,2.701831
50,330,126.437489,117.014500,17.155343,7.906465,1,-1,-1,-1,0.656986,0.656986,3.320085,2.701638
50,302,179.707666,190.518816,7.471310,16.994128,1,-1,-1,-1,0.655120,0.655120,3.200116,2.701574
50,237,123.384331,130.650724,16.721799,7.298322,1,-1,-1,-1,0.652981,0.652981,2.877997,2.701562
51,369,269.020384,131.172061,15.506083,7.682934,1,-1,-1,-1,0.697349,0.697349,4.683127,2.743335
51,366,199.180311,-100.554180,8.077931,15.362968,1,-1,-1,-1,0.678159,0.678159,4.155461,2.713360
51,365,70.156567,117.031064,19.834394,8.134085,1,-1,-1,-1,0.672446,0.672446,3.969193,2.707841
51,361,226.458461,179.863470,11.988266,25.952552,1,-1,-1,-1,0.665053,0.665053,3.697657,2.707105
51,348,241.039652,131.193271,18.267431,7.381715,1,-1,-1,-1,0.659128,0.659128,3.434287,2.701831
51,343,94.780700,131.157886,16.833105,8.214297,1,-1,-1,-1,0.657936,0.657936,3.372813,2.701705
51,330,126.982854,117.017676,17.073169,7.893382,1,-1,-1,-1,0.656225,0.656225,3.274518,2.701603
51,302,180.138011,190.413648,7.500106,17.093742,1,-1,-1,-1,0.654721,0.654721,3.169484,2.701568
51,237,123.390558,130.648982,16.714758,7.295571,1,-1,-1,-1,0.652980,0.652980,2.874476,2.701562
52,369,269.446084,131.245984,15.658391,7.709998,1,-1,-1,-1,0.686065,0.686065,4.388218,2.723746
52,366,199.482465,-96.431774,8.080493,15.371385,1,-1,-1,-1,0.672446,0.672446,3.969193,2.707841
52,365,70.655542,117.063401,19.693733,8.118793,1,-1,-1,-1,0.668212,0.668212,3.818265,2.704905
52,361,226.762985,179.375906,12.002032,25.895486,1,-1,-1,-1,0.662583,0.662583,3.596317,2.704513
52,348,241.342346,131.154182,18.307761,7.388782,1,-1,-1,-1,0.657936,0.657936,3.372813,2.701705
52,343,95.246670,131.027960,16.812027,8.242016,1,-1,-1,-1,0.656986,0.656986,3.320085,2.701638
52,330,126.902975,117.043253,17.368941,7.983925,1,-1,-1,-1,0.655613,0.655613,3.234861,2.701584
52,302,180.480025,190.314537,7.525357,17.179567,1,-1,-1,-1,0.654397,0.654397,3.142321,2.701565
52,237,123.380959,130.652404,16.729549,7.299415,1,-1,-1,-1,0.652979,0.652979,2.871119,2.701562
53,369,269.545780,131.076524,15.602156,7.695357,1,-1,-1,-1,0.678159,0.678159,4.155461,2.713360
53,366,199.709856,-92.294465,8.077889,15.366046,1,-1,-1,-1,0.668212,0.668212,3.818265,2.704905
53,365,70.497481,117.030141,19.694212,8.106159,1,-1,-1,-1,0.665009,0.665009,3.694582,2.703342
53,361,227.111416,179.040916,11.942899,25.798933,1,-1,-1,-1,0.660661,0.660661,3.511282,2.703134
53,348,241.591248,131.119273,18.340842,7.396463,1,-1,-1,-1,0.656986,0.656986,3.320085,2.701638
53,343,95.620968,131.135794,16.761475,8.290608,1,-1,-1,-1,0.656225,0.656225,3.274518,2.701603
53,330,127.025206,117.059266,17.576393,8.034732,1,-1,-1,-1,0.655120,0.655120,3.200116,2.701574
53,302,180.761479,190.226764,7.553683,17.261778,1,-1,-1,-1,0.654134,0.654134,3.118101,2.701564
53,237,123.376631,130.659540,16.743119,7.302252,1,-1,-1,-1,0.652978,0.652978,2.867916,2.701562
54,370,42.129551,116.940239,18.766530,8.073536,1,-1,-1,-1,0.680305,0.680305,4.407867,2.852345
54,369,269.818435,131.099413,15.506416,7.642428,1,-1,-1,-1,0.672446,0.672446,3.969193,2.707841
54,368,66.776996,131.648676,17.572655,8.813938,1,-1,-1,-1,0.670587,0.670587,4.099583,2.881010
54,366,199.891237,-88.132205,8.069661,15.360405,1,-1,-1,-1,0.665009,0.665009,3.694582,2.703342
54,365,71.137639,117.103412,19.696436,8.137121,1,-1,-1,-1,0.662548,0.662548,3.592165,2.702510
54,361,227.488286,178.401358,11.851079,25.377590,1,-1,-1,-1,0.659150,0.659150,3.439254,2.702399
54,348,241.782359,131.089688,18.374836,7.407612,1,-1,-1,-1,0.656225,0.656225,3.274518,2.701603
54,343,95.904879,131.189902,16.686383,8.290758,1,-1,-1,-1,0.655613,0.655613,3.234861,2.701584
54,330,127.337041,116.997918,17.547569,8.018210,1,-1,-1,-1,0.654721,0.654721,3.169484,2.701568
54,302,180.986821,190.144472,7.580327,17.333031,1,-1,-1,-1,0.653921,0.653921,3.096395,2.701563
54,237,123.374417,130.663585,16.755994,7.307140,1,-1,-1,-1,0.652978,0.652978,2.864857,2.701562
55,376,100.310782,116.560211,14.917175,7.297817,1,-1,-1,-1,0.847083,0.847083,7.132717,3.262201
55,370,42.397043,117.002509,18.232441,7.942117,1,-1,-1,-1,0.672667,0.672667,4.079049,2.781005
55,369,269.951052,131.386416,15.469548,7.730619,1,-1,-1,-1,0.668212,0.668212,3.818265,2.704905
55,366,200.029480,-83.943013,8.063871,15.356689,1,-1,-1,-1,0.662548,0.662548,3.592165,2.702510
55,365,71.357572,117.099441,19.596454,8.114219,1,-1,-1,-1,0.660633,0.660633,3.506534,2.702067
55,361,227.393155,179.604277,11.992992,25.599206,1,-1,-1,-1,0.657954,0.657954,3.377741,2.702008
55,348,241.932860,131.066551,18.401063,7.414733,1,-1,-1,-1,0.655613,0.655613,3.234861,2.701584
55,343,95.522992,131.332854,17.006615,8.470616,1,-1,-1,-1,0.655120,0.655120,3.200116,2.701574
55,330,127.211593,117.088125,17.788196,8.096227,1,-1,-1,-1,0.654397,0.654397,3.142321,2.701565
55,302,181.166609,190.071166,7.605437,17.398043,1,-1,-1,-1,0.653747,0.653747,3.076849,2.701563
55,237,123.369471,130.664243,16.762592,7.310662,1,-1,-1,-1,0.652977,0.652977,2.861934,2.701562
56,376,100.469042,116.510462,14.996725,7.324834,1,-1,-1,-1,0.780933,0.780933,6.225018,2.988460
56,370,42.606672,116.868005,17.587762,7.736182,1,-1,-1,-1,0.668222,0.668222,3.866204,2.743635
56,369,270.005447,131.360529,15.392531,7.732291,1,-1,-1,-1,0.665009,0.665009,3.694582,2.703342
56,366,200.130706,-79.719451,8.065982,15.355747,1,-1,-1,-1,0.660633,0.660633,3.506534,2.702067
56,361,227.547610,179.417055,11.977449,25.672953,1,-1,-1,-1,0.657000,0.657000,3.324818,2.701800
56,348,242.054402,131.043316,18.425046,7.421877,1,-1,-1,-1,0.655120,0.655120,3.200116,2.701574
56,343,95.611461,131.125376,17.145464,8.488613,1,-1,-1,-1,0.654721,0.654721,3.169484,2.701568
56,330,127.419535,117.076126,17.801377,8.114807,1,-1,-1,-1,0.654134,0.654134,3.118101,2.701564
56,302,181.309620,190.005618,7.626080,17.456627,1,-1,-1,-1,0.653605,0.653605,3.059169,2.701562
56,237,123.363672,130.663788,16.772959,7.313300,1,-1,-1,-1,0.652977,0.652977,2.859137,2.701562
57,376,99.042309,116.845510,17.285245,8.267166,1,-1,-1,-1,0.739812,0.739812,5.560040,2.851250
57,370,42.633820,116.865285,17.656303,7.726317,1,-1,-1,-1,0.665010,0.665010,3.715104,2.723905
57,369,269.795148,131.339061,15.253351,7.749311,1,-1,-1,-1,0.662548,0.662548,3.592165,2.702510
57,366,200.200450,-75.503020,8.064406,15.354271,1,-1,-1,-1,0.659128,0.659128,3.434287,2.701831
57,361,227.594843,179.893525,12.080732,25.804285,1,-1,-1,-1,0.656237,0.656237,3.278969,2.701689
57,348,242.142283,131.014897,18.446929,7.428852,1,-1,-1,-1,0.654721,0.654721,3.169484,2.701568
57,343,96.365028,130.929268,16.935711,8.371281,1,-1,-1,-1,0.654397,0.654397,3.142321,2.701565
57,330,127.420854,117.065334,17.957136,8.139672,1,-1,-1,-1,0.653921,0.653921,3.096395,2.701563
57,302,181.416680,189.948037,7.646133,17.513387,1,-1,-1,-1,0.653490,0.653490,3.043111,2.701562
57,237,123.354925,130.664960,16.783477,7.318034,1,-1,-1,-1,0.652977,0.652977,2.856459,2.701562
58,376,98.183162,116.925148,18.355770,8.735054,1,-1,-1,-1,0.714060,0.714060,5.062690,2.780435
58,370,43.153130,116.930987,17.226365,7.771719,1,-1,-1,-1,0.662553,0.662553,3.600571,2.713444
58,369,270.158170,131.177444,15.304756,7.705805,1,-1,-1,-1,0.660633,0.660633,3.506534,2.702067
58,368,68.496261,133.103984,15.874249,9.342453,1,-1,-1,-1,0.661221,0.661221,3.680206,2.855720
58,366,200.238364,-71.269827,8.065785,15.344741,1,-1,-1,-1,0.657936,0.657936,3.372813,2.701705
58,361,227.878478,179.348254,11.980511,25.703402,1,-1,-1,-1,0.655623,0.655623,3.238990,2.701630
58,348,242.210798,130.994029,18.473415,7.438691,1,-1,-1,-1,0.654397,0.654397,3.142321,2.701565
58,343,97.223721,131.038059,16.446102,8.288434,1,-1,-1,-1,0.654134,0.654134,3.118101,2.701564
58,330,127.937751,116.999152,17.593402,8.034977,1,-1,-1,-1,0.653747,0.653747,3.076849,2.701563
58,302,181.500692,189.892031,7.667965,17.562967,1,-1,-1,-1,0.653396,0.653396,3.028469,2.701562
58,237,123.349788,130.664526,16.791133,7.321481,1,-1,-1,-1,0.652976,0.652976,2.853893,2.701562
59,376,99.418009,116.624244,17.000712,8.346060,1,-1,-1,-1,0.697349,0.697349,4.683127,2.743335
59,369,270.180133,131.116217,15.192297,7.690453,1,-1,-1,-1,0.659128,0.659128,3.434287,2.701831
59,366,200.261276,-66.988619,8.064627,15.352324,1,-1,-1,-1,0.656986,0.656986,3.320085,2.701638
59,365,71.628462,117.181681,19.555130,8.170792,1,-1,-1,-1,0.658157,0.658157,3.471004,2.835070
59,361,227.869564,179.757759,11.974152,25.768674,1,-1,-1,-1,0.655127,0.655127,3.203914,2.701598
59,348,242.257772,130.973125,18.495627,7.444373,1,-1,-1,-1,0.654134,0.654134,3.118101,2.701564
59,343,96.542971,131.076298,16.715037,8.335221,1,-1,-1,-1,0.653921,0.653921,3.096395,2.701563
59,330,128.092790,117.111750,17.446919,8.022827,1,-1,-1,-1,0.653605,0.653605,3.059169,2.701562
59,302,181.568726,189.842134,7.688042,17.608638,1,-1,-1,-1,0.653319,0.653319,3.015070,2.701562
59,237,123.348405,130.657156,16.799480,7.324023,1,-1,-1,-1,0.652976,0.652976,2.851434,2.701562
60,376,98.109630,116.971039,18.115439,8.785497,1,-1,-1,-1,0.686065,0.686065,4.388218,2.723746
60,369,270.383719,131.240064,15.176116,7.707964,1,-1,-1,-1,0.657936,0.657936,3.372813,2.701705
60,366,200.262850,-62.683702,8.064195,15.366728,1,-1,-1,-1,0.656225,0.656225,3.274518,2.701603
60,365,71.428112,117.186335,19.599985,8.185950,1,-1,-1,-1,0.655795,0.655795,3.335131,2.771992
60,361,227.813395,180.093911,12.003725,25.825745,1,-1,-1,-1,0.654727,0.654727,3.172961,2.701581
60,348,242.297202,130.964097,18.512852,7.452652,1,-1,-1,-1,0.653921,0.653921,3.096395,2.701563
60,343,96.495582,131.060886,16.803338,8.378684,1,-1,-1,-1,0.653747,0.653747,3.076849,2.701563
60,330,127.559940,117.188896,17.783005,8.139880,1,-1,-1,-1,0.653490,0.653490,3.043111,2.701562
60,302,181.617525,189.797402,7.703688,17.650109,1,-1,-1,-1,0.653256,0.653256,3.002767,2.701562
60,237,123.351181,130.658540,16.802612,7.323061,1,-1,-1,-1,0.652976,0.652976,2.849075,2.701562
61,376,99.812570,116.669172,16.204585,8.413377,1,-1,-1,-1,0.678159,0.678159,4.155461,2.713360
61,369,270.475017,131.277446,15.099984,7.649170,1,-1,-1,-1,0.656986,0.656986,3.320085,2.701638
61,366,200.265911,-58.409837,8.054322,15.363704,1,-1,-1,-1,0.655613,0.655613,3.234861,2.701584
61,365,71.497105,117.177552,19.621339,8.192997,1,-1,-1,-1,0.655124,0.655124,3.251754,2.738886
61,361,227.913109,179.962609,11.997419,25.854417,1,-1,-1,-1,0.654402,0.654402,3.145495,2.701572
61,348,242.321443,130.943151,18.530744,7.457107,1,-1,-1,-1,0.653747,0.653747,3.076849,2.701563
61,343,96.670020,131.089798,16.768403,8.329431,1,-1,-1,-1,0.653605,0.653605,3.059169,2.701562
61,330,128.001446,117.077136,17.464764,8.060233,1,-1,-1,-1,0.653396,0.653396,3.028469,2.701562
61,302,181.651745,189.756293,7.721576,17.689336,1,-1,-1,-1,0.653205,0.653205,2.991436,2.701562
61,237,123.381683,130.688735,16.725328,7.335117,1,-1,-1,-1,0.652976,0.652976,2.846809,2.701562
62,376,99.133694,116.740426,17.435454,8.649999,1,-1,-1,-1,0.672446,0.672446,3.969193,2.707841
62,370,42.567757,116.641729,17.071940,7.594084,1,-1,-1,-1,0.658931,0.658931,3.521703,2.836409
62,369,270.460322,131.359181,15.156083,7.669379,1,-1,-1,-1,0.656225,0.656225,3.274518,2.701603
62,366,200.240612,-54.127203,8.061961,15.364038,1,-1,-1,-1,0.655120,0.655120,3.200116,2.701574
62,365,71.422319,117.166809,19.650078,8.177619,1,-1,-1,-1,0.654724,0.654724,3.196203,2.721390
62,361,227.829605,180.071836,12.059378,25.900831,1,-1,-1,-1,0.654138,0.654138,3.120996,2.701568
62,348,242.333110,130.934038,18.546614,7.461488,1,-1,-1,-1,0.653605,0.653605,3.059169,2.701562
62,343,96.464440,131.181322,16.880207,8.368066,1,-1,-1,-1,0.653490,0.653490,3.043111,2.701562
62,330,127.988949,117.055409,17.486141,8.045237,1,-1,-1,-1,0.653319,0.653319,3.015070,2.701562
62,302,181.679477,189.718782,7.737996,17.725669,1,-1,-1,-1,0.653163,0.653163,2.980969,2.701562
62,237,123.376809,130.668480,16.748505,7.331144,1,-1,-1,-1,0.652976,0.652976,2.844634,2.701562
63,376,98.863868,116.980209,18.250013,8.924653,1,-1,-1,-1,0.668212,0.668212,3.818265,2.704905
63,370,42.533737,116.685389,17.106548,7.578302,1,-1,-1,-1,0.656412,0.656412,3.376861,2.772691
63,369,270.609571,131.215631,15.249422,7.698316,1,-1,-1,-1,0.655613,0.655613,3.234861,2.701584
63,366,200.206774,-49.813079,8.067588,15.367088,1,-1,-1,-1,0.654721,0.654721,3.169484,2.701568
63,365,71.372052,117.189988,19.741900,8.189214,1,-1,-1,-1,0.654407,0.654407,3.156175,2.712108
63,361,227.957696,179.416634,12.012681,25.789654,1,-1,-1,-1,0.653924,0.653924,3.099036,2.701565
63,348,242.345051,130.923655,18.555049,7.465560,1,-1,-1,-1,0.653490,0.653490,3.043111,2.701562
63,343,96.236511,131.239763,17.023213,8.441452,1,-1,-1,-1,0.653396,0.653396,3.028469,2.701562
63,330,127.643884,117.187740,17.829812,8.160794,1,-1,-1,-1,0.653256,0.653256,3.002767,2.701562
63,302,181.693063,189.686308,7.753252,17.762253,1,-1,-1,-1,0.653129,0.653129,2.971273,2.701562
63,237,123.370919,130.661382,16.765409,7.328249,1,-1,-1,-1,0.652976,0.652976,2.842542,2.701562
64,376,98.495344,116.824653,18.453524,8.956212,1,-1,-1,-1,0.665009,0.665009,3.694582,2.703342
64,370,42.999269,116.384458,16.906546,7.581029,1,-1,-1,-1,0.655621,0.655621,3.287372,2.739255
64,369,270.431804,131.226539,15.087904,7.624697,1,-1,-1,-1,0.655120,0.655120,3.200116,2.701574
64,366,200.172287,-45.482707,8.062864,15.367926,1,-1,-1,-1,0.654397,0.654397,3.142321,2.701565
64,365,71.530088,117.174412,19.808659,8.203024,1,-1,-1,-1,0.654146,0.654146,3.125286,2.707176
64,361,227.961504,179.946651,12.074602,25.861597,1,-1,-1,-1,0.653749,0.653749,3.079260,2.701564
64,348,242.348802,130.913387,18.560776,7.469433,1,-1,-1,-1,0.653396,0.653396,3.028469,2.701562
64,343,95.953560,131.208872,17.177395,8.490737,1,-1,-1,-1,0.653319,0.653319,3.015070,2.701562
64,330,127.666872,117.163828,17.912781,8.192184,1,-1,-1,-1,0.653205,0.653205,2.991436,2.701562
64,302,181.707393,189.653507,7.764387,17.792293,1,-1,-1,-1,0.653101,0.653101,2.962268,2.701562
64,237,123.361075,130.659133,16.780507,7.326166,1,-1,-1,-1,0.652975,0.652975,2.840531,2.701562
65,370,43.250326,116.362971,16.952776,7.557929,1,-1,-1,-1,0.655125,0.655125,3.227257,2.721585
65,369,270.818486,131.222356,15.301587,7.679560,1,-1,-1,-1,0.654721,0.654721,3.169484,2.701568
65,366,200.139127,-41.151807,8.059540,15.371469,1,-1,-1,-1,0.654134,0.654134,3.118101,2.701564
65,365,71.710345,117.229495,19.856473,8.230009,1,-1,-1,-1,0.653932,0.653932,3.100116,2.704551
65,361,228.024056,179.462032,11.987282,25.834803,1,-1,-1,-1,0.653607,0.653607,3.061374,2.701563
65,348,242.348567,130.897121,18.570093,7.473255,1,-1,-1,-1,0.653319,0.653319,3.015070,2.701562
65,343,96.097785,131.213098,17.175350,8.522573,1,-1,-1,-1,0.653256,0.653256,3.002767,2.701562
65,330,127.383706,117.189241,18.119789,8.234211,1,-1,-1,-1,0.653163,0.653163,2.980969,2.701562
65,302,181.714320,189.624043,7.778146,17.821209,1,-1,-1,-1,0.653078,0.653078,2.953887,2.701562
65,237,123.352656,130.662393,16.789066,7.330161,1,-1,-1,-1,0.652975,0.652975,2.838596,2.701562
66,382,69.560667,133.422954,15.278524,8.672472,1,-1,-1,-1,0.847083,0.847083,7.132717,3.262201
66,370,43.173739,116.377968,16.975056,7.559715,1,-1,-1,-1,0.654732,0.654732,3.183609,2.712212
66,369,270.993478,131.264415,15.396746,7.659492,1,-1,-1,-1,0.654397,0.654397,3.142321,2.701565
66,366,200.089355,-36.797565,8.060009,15.374431,1,-1,-1,-1,0.653921,0.653921,3.096395,2.701563
66,365,71.509400,117.154181,20.212666,8.210104,1,-1,-1,-1,0.653756,0.653756,3.078770,2.703154
66,361,228.065277,179.188781,11.938937,25.747975,1,-1,-1,-1,0.653492,0.653492,3.045131,2.701563
66,348,242.343913,130.892225,18.576145,7.476817,1,-1,-1,-1,0.653256,0.653256,3.002767,2.701562
66,343,96.387248,131.029006,17.026493,8.460603,1,-1,-1,-1,0.653205,0.653205,2.991436,2.701562
66,330,127.498422,117.209432,18.113423,8.248990,1,-1,-1,-1,0.653129,0.653129,2.971273,2.701562
66,302,181.717079,189.597333,7.790813,17.848323,1,-1,-1,-1,0.653059,0.653059,2.946067,2.701562
66,237,123.352780,130.659168,16.792217,7.327498,1,-1,-1,-1,0.652975,0.652975,2.836732,2.701562
67,370,43.309331,116.399112,16.891942,7.546632,1,-1,-1,-1,0.654410,0.654410,3.149740,2.707231
67,369,270.975538,131.226779,15.475160,7.648235,1,-1,-1,-1,0.654134,0.654134,3.118101,2.701564
67,366,200.055548,-32.487643,8.045119,15.351711,1,-1,-1,-1,0.653747,0.653747,3.076849,2.701563
67,365,71.396576,117.106424,20.495969,8.168764,1,-1,-1,-1,0.653613,0.653613,3.060156,2.702410
67,361,228.136702,178.916500,11.908893,25.675869,1,-1,-1,-1,0.653397,0.653397,3.030323,2.701562
67,348,242.338405,130.885488,18.588234,7.480357,1,-1,-1,-1,0.653205,0.653205,2.991436,2.701562
67,343,96.539294,131.015727,16.907763,8.381428,1,-1,-1,-1,0.653163,0.653163,2.980969,2.701562
67,330,127.347380,117.198267,18.281614,8.304794,1,-1,-1,-1,0.653101,0.653101,2.962268,2.701562
67,302,181.719321,189.572869,7.802537,17.873787,1,-1,-1,-1,0.653044,0.653044,2.938756,2.701562
67,237,123.356936,130.658401,16.791744,7.325526,1,-1,-1,-1,0.652975,0.652975,2.834938,2.701562
68,376,97.701732,116.951671,19.217977,9.072066,1,-1,-1,-1,0.659888,0.659888,3.580002,2.835221
68,370,42.778502,116.652926,17.341208,7.596592,1,-1,-1,-1,0.654146,0.654146,3.122057,2.704580
68,369,270.574571,131.150861,15.382926,7.623747,1,-1,-1,-1,0.653921,0.653921,3.096395,2.701563
68,366,199.996355,-28.110789,8.049511,15.360062,1,-1,-1,-1,0.653605,0.653605,3.059169,2.701562
68,365,71.273525,117.159051,20.585612,8.194800,1,-1,-1,-1,0.653496,0.653496,3.043614,2.702014
68,361,228.149940,179.158149,11.882786,25.701667,1,-1,-1,-1,0.653320,0.653320,3.016776,2.701562
68,348,242.337374,130.878482,18.601730,7.483745,1,-1,-1,-1,0.653163,0.653163,2.980969,2.701562
68,343,96.210600,131.111515,17.071014,8.455810,1,-1,-1,-1,0.653129,0.653129,2.971273,2.701562
68,330,127.291959,117.191736,18.367170,8.342417,1,-1,-1,-1,0.653078,0.653078,2.953887,2.701562
68,302,181.715804,189.550348,7.813438,17.897738,1,-1,-1,-1,0.653031,0.653031,2.931907,2.701562
68,237,123.352989,130.660267,16.802617,7.326971,1,-1,-1,-1,0.652975,0.652975,2.833208,2.701562
69,376,99.150311,116.438939,17.847128,8.615137,1,-1,-1,-1,0.657172,0.657172,3.424675,2.772070
69,370,42.839935,116.465359,17.304586,7.603616,1,-1,-1,-1,0.653931,0.653931,3.098559,2.703169
69,369,270.693810,131.308329,15.407869,7.680643,1,-1,-1,-1,0.653747,0.653747,3.076849,2.701563
69,366,199.942348,-23.738231,8.052499,15.360340,1,-1,-1,-1,0.653490,0.653490,3.043111,2.701562
69,365,71.337836,117.278814,20.540978,8.247123,1,-1,-1,-1,0.653401,0.653401,3.028723,2.701803
69,361,228.161825,178.877413,11.863761,25.605967,1,-1,-1,-1,0.653257,0.653257,3.004341,2.701562
69,348,242.330459,130.871788,18.613288,7.486904,1,-1,-1,-1,0.653129,0.653129,2.971273,2.701562
69,343,96.055528,131.304088,17.212758,8.555381,1,-1,-1,-1,0.653101,0.653101,2.962268,2.701562
69,330,127.182235,117.172085,18.487686,8.395794,1,-1,-1,-1,0.653059,0.653059,2.946067,2.701562
69,302,181.715663,189.529809,7.820793,17.919796,1,-1,-1,-1,0.653021,0.653021,2.925479,2.701562
69,237,123.354234,130.660728,16.807774,7.327990,1,-1,-1,-1,0.652975,0.652975,2.831540,2.701562
70,376,100.280631,116.468165,16.412099,8.373596,1,-1,-1,-1,0.656230,0.656230,3.327854,2.738928
70,370,42.898564,116.481287,17.429064,7.623439,1,-1,-1,-1,0.653755,0.653755,3.078085,2.702418
70,369,270.751220,131.197774,15.402980,7.664175,1,-1,-1,-1,0.653605,0.653605,3.059169,2.701562
70,366,199.890932,-19.357240,8.054928,15.369115,1,-1,-1,-1,0.653396,0.653396,3.028469,2.701562
70,365,71.442151,117.169917,20.600427,8.215986,1,-1,-1,-1,0.653323,0.653323,3.015196,2.701690
70,361,228.015968,179.603137,11.941158,25.693846,1,-1,-1,-1,0.653205,0.653205,2.992891,2.701562
70,348,242.323573,130.865667,18.614831,7.489661,1,-1,-1,-1,0.653101,0.653101,2.962268,2.701562
70,343,95.722442,131.414961,17.458245,8.716992,1,-1,-1,-1,0.653078,0.653078,2.953887,2.701562
70,330,127.233571,117.143276,18.495573,8.410773,1,-1,-1,-1,0.653044,0.653044,2.938756,2.701562
70,302,181.708707,189.512360,7.831182,17.944047,1,-1,-1,-1,0.653013,0.653013,2.919436,2.701562
70,237,123.347265,130.660712,16.811528,7.328730,1,-1,-1,-1,0.652975,0.652975,2.829932,2.701562
71,376,99.541099,116.786874,17.235251,8.512631,1,-1,-1,-1,0.655617,0.655617,3.262194,2.721412
71,370,42.761771,116.583474,17.500219,7.617265,1,-1,-1,-1,0.653612,0.653612,3.059922,2.702018
71,369,270.424418,131.212700,15.337474,7.720711,1,-1,-1,-1,0.653490,0.653490,3.043111,2.701562
71,366,199.834907,-14.987819,8.056342,15.364027,1,-1,-1,-1,0.653319,0.653319,3.015070,2.701562
71,365,71.373288,117.186871,20.763127,8.198172,1,-1,-1,-1,0.653259,0.653259,3.002829,2.701630
71,361,227.991846,179.303943,11.941674,25.698944,1,-1,-1,-1,0.653163,0.653163,2.982316,2.701562
71,348,242.310817,130.859925,18.625981,7.492480,1,-1,-1,-1,0.653078,0.653078,2.953887,2.701562
71,343,96.001459,131.186612,17.391863,8.700634,1,-1,-1,-1,0.653059,0.653059,2.946067,2.701562
71,330,127.307842,117.158792,18.375836,8.360936,1,-1,-1,-1,0.653031,0.653031,2.931907,2.701562
71,302,181.704030,189.492841,7.840667,17.963500,1,-1,-1,-1,0.653006,0.653006,2.913746,2.701562
71,237,123.347718,130.660534,16.819790,7.329322,1,-1,-1,-1,0.652975,0.652975,2.828379,2.701562
72,376,99.564479,116.924129,17.557609,8.616640,1,-1,-1,-1,0.655129,0.655129,3.214147,2.712120
72,369,270.462842,131.133099,15.398249,7.723574,1,-1,-1,-1,0.653396,0.653396,3.028469,2.701562
72,366,199.780588,-10.618679,8.051439,15.351195,1,-1,-1,-1,0.653256,0.653256,3.002767,2.701562
72,365,71.281404,117.075881,20.801799,8.125736,1,-1,-1,-1,0.653208,0.653208,2.991465,2.701598
72,361,228.180871,178.993532,11.828838,25.568599,1,-1,-1,-1,0.653129,0.653129,2.972524,2.701562
72,348,242.302282,130.856530,18.635923,7.497936,1,-1,-1,-1,0.653059,0.653059,2.946067,2.701562
72,343,96.007823,131.226145,17.402184,8.678736,1,-1,-1,-1,0.653044,0.653044,2.938756,2.701562
72,330,127.069177,117.099459,18.539049,8.352037,1,-1,-1,-1,0.653021,0.653021,2.925479,2.701562
72,302,181.700860,189.477632,7.849578,17.984859,1,-1,-1,-1,0.653000,0.653000,2.908379,2.701562
72,237,123.346440,130.660350,16.825808,7.329749,1,-1,-1,-1,0.652975,0.652975,2.826881,2.701562
73,384,66.595311,131.642869,18.787574,8.914824,1,-1,-1,-1,0.739820,0.739820,5.643614,3.065463
73,376,99.200394,116.986707,18.127387,8.737051,1,-1,-1,-1,0.654732,0.654732,3.176681,2.707182
73,369,270.570895,131.111139,15.280698,7.630160,1,-1,-1,-1,0.653319,0.653319,3.015070,2.701562
73,366,199.717731,-6.200109,8.056888,15.359807,1,-1,-1,-1,0.653205,0.653205,2.991436,2.701562
73,365,71.165616,117.013781,20.811820,8.073188,1,-1,-1,-1,0.653165,0.653165,2.980982,2.701581
73,361,228.103144,179.110258,11.859553,25.623557,1,-1,-1,-1,0.653101,0.653101,2.963433,2.701562
73,348,242.296485,130.851945,18.644507,7.502454,1,-1,-1,-1,0.653044,0.653044,2.938756,2.701562
73,343,96.013996,131.270444,17.463940,8.751179,1,-1,-1,-1,0.653031,0.653031,2.931907,2.701562
73,330,127.122846,117.103972,18.505302,8.356874,1,-1,-1,-1,0.653013,0.653013,2.919436,2.701562
73,302,181.690537,189.462588,7.855079,18.004134,1,-1,-1,-1,0.652996,0.652996,2.903309,2.701562
73,237,123.338286,130.662077,16.830336,7.332819,1,-1,-1,-1,0.652975,0.652975,2.825433,2.701562
74,384,67.133717,132.092907,18.487629,9.143278,1,-1,-1,-1,0.714526,0.714526,5.071875,2.890387
74,376,98.843744,116.949996,18.443183,8.795473,1,-1,-1,-1,0.654407,0.654407,3.146001,2.704554
74,369,271.001556,131.178691,15.476641,7.678907,1,-1,-1,-1,0.653256,0.653256,3.002767,2.701562
74,366,199.656370,-1.825755,8.057628,15.351549,1,-1,-1,-1,0.653163,0.653163,2.980969,2.701562
74,365,71.536149,117.210093,20.624951,8.136984,1,-1,-1,-1,0.653130,0.653130,2.971278,2.701572
74,361,228.079413,179.512148,11.876529,25.693142,1,-1,-1,-1,0.653078,0.653078,2.954973,2.701562
74,348,242.282545,130.838949,18.646044,7.503327,1,-1,-1,-1,0.653031,0.653031,2.931907,2.701562
74,343,95.866396,131.270087,17.566335,8.769013,1,-1,-1,-1,0.653021,0.653021,2.925479,2.701562
74,330,127.361447,117.136977,18.394410,8.364817,1,-1,-1,-1,0.653006,0.653006,2.913746,2.701562
74,302,181.682301,189.454491,7.863624,18.022607,1,-1,-1,-1,0.652992,0.652992,2.898514,2.701562
74,237,123.334394,130.662181,16.833625,7.335054,1,-1,-1,-1,0.652975,0.652975,2.824034,2.701562
75,384,67.106611,131.579862,18.496789,9.012680,1,-1,-1,-1,0.698056,0.698056,4.683243,2.800777
75,376,98.814887,116.959470,18.857882,8.878582,1,-1,-1,-1,0.654143,0.654143,3.119972,2.703156
75,369,272.207031,131.370290,16.242847,7.914894,1,-1,-1,-1,0.653205,0.653205,2.991436,2.701562
75,366,199.597190,2.627831,8.067186,15.366195,1,-1,-1,-1,0.653129,0.653129,2.971273,2.701562
75,365,71.511093,117.158437,20.675057,8.126791,1,-1,-1,-1,0.653102,0.653102,2.962270,2.701568
75,361,228.097578,179.641325,11.840045,25.718792,1,-1,-1,-1,0.653059,0.653059,2.947082,2.701562
75,348,242.277400,130.831926,18.648393,7.504459,1,-1,-1,-1,0.653021,0.653021,2.925479,2.701562
75,343,95.970489,131.193430,17.502757,8.773363,1,-1,-1,-1,0.653013,0.653013,2.919436,2.701562
75,330,127.574637,117.073224,18.230659,8.333992,1,-1,-1,-1,0.653000,0.653000,2.908379,2.701562
75,302,181.679483,189.434877,7.871422,18.037048,1,-1,-1,-1,0.652989,0.652989,2.893973,2.701562
75,237,123.334302,130.659912,16.838636,7.333943,1,-1,-1,-1,0.652975,0.652975,2.822682,2.701562
76,384,67.336894,131.309010,18.256586,8.801268,1,-1,-1,-1,0.686716,0.686716,4.393150,2.754031
76,376,98.368842,116.866025,19.078954,8.878605,1,-1,-1,-1,0.653928,0.653928,3.097338,2.702411
76,369,271.071166,131.347069,15.926607,7.849707,1,-1,-1,-1,0.653163,0.653163,2.980969,2.701562
76,366,199.557597,7.038235,8.062853,15.378578,1,-1,-1,-1,0.653101,0.653101,2.962268,2.701562
76,365,71.361535,117.126874,20.730957,8.088004,1,-1,-1,-1,0.653079,0.653079,2.953887,2.701565
76,361,228.187448,179.231622,11.861838,25.610740,1,-1,-1,-1,0.653044,0.653044,2.939706,2.701562
76,348,242.271338,130.833823,18.654080,7.505806,1,-1,-1,-1,0.653013,0.653013,2.919436,2.701562
76,343,95.785028,131.424424,17.631599,8.889549,1,-1,-1,-1,0.653006,0.653006,2.913746,2.701562
76,330,127.470609,117.121801,18.244351,8.349292,1,-1,-1,-1,0.652996,0.652996,2.903309,2.701562
76,302,181.672680,189.420360,7.878687,18.051188,1,-1,-1,-1,0.652986,0.652986,2.889667,2.701562
76,237,123.336159,130.659254,16.836761,7.333077,1,-1,-1,-1,0.652975,0.652975,2.821375,2.701562
77,384,66.921483,131.354710,18.572721,8.840250,1,-1,-1,-1,0.678683,0.678683,4.165985,2.729404
77,376,97.837567,116.812697,18.780540,8.852686,1,-1,-1,-1,0.653753,0.653753,3.077318,2.702014
77,369,270.867196,131.174815,16.031690,7.823974,1,-1,-1,-1,0.653129,0.653129,2.971273,2.701562
77,366,199.497489,11.409847,8.070525,15.368754,1,-1,-1,-1,0.653078,0.653078,2.953887,2.701562
77,365,71.300465,117.181373,20.851681,8.103859,1,-1,-1,-1,0.653060,0.653060,2.946067,2.701564
77,361,228.166028,178.694301,11.869722,25.292587,1,-1,-1,-1,0.653031,0.653031,2.932798,2.701562
77,348,242.262814,130.834583,18.659654,7.510038,1,-1,-1,-1,0.653006,0.653006,2.913746,2.701562
77,343,95.933087,131.179684,17.548317,8.802542,1,-1,-1,-1,0.653000,0.653000,2.908379,2.701562
77,330,127.250317,117.155525,18.370344,8.353298,1,-1,-1,-1,0.652992,0.652992,2.898514,2.701562
77,302,181.669480,189.408389,7.882695,18.064546,1,-1,-1,-1,0.652984,0.652984,2.885579,2.701562
77,237,123.332479,130.661018,16.838283,7.335228,1,-1,-1,-1,0.652975,0.652975,2.820111,2.701562
78,384,66.805207,131.000014,18.408524,8.577999,1,-1,-1,-1,0.672850,0.672850,3.983356,2.716363
78,376,97.862595,116.869609,18.869297,8.876027,1,-1,-1,-1,0.653610,0.653610,3.059398,2.701803
78,370,42.954910,116.931157,17.247893,7.765266,1,-1,-1,-1,0.655027,0.655027,3.168909,2.864219
78,369,270.710937,131.333900,15.823853,7.821919,1,-1,-1,-1,0.653101,0.653101,2.962268,2.701562
78,366,199.436839,15.830987,8.062245,15.371718,1,-1,-1,-1,0.653059,0.653059,2.946067,2.701562
78,365,71.170768,117.182830,20.823722,8.115941,1,-1,-1,-1,0.653045,0.653045,2.938756,2.701563
78,361,228.194171,178.621067,11.878428,25.192285,1,-1,-1,-1,0.653021,0.653021,2.926316,2.701562
78,348,242.256013,130.830786,18.667241,7.510787,1,-1,-1,-1,0.653000,0.653000,2.908379,2.701562
78,343,96.082445,131.146192,17.433610,8.735988,1,-1,-1,-1,0.652996,0.652996,2.903309,2.701562
78,330,127.106179,117.153775,18.548361,8.418700,1,-1,-1,-1,0.652989,0.652989,2.893973,2.701562
78,302,181.659223,189.397428,7.889859,18.078003,1,-1,-1,-1,0.652983,0.652983,2.881694,2.701562
78,237,123.332773,130.659405,16.842008,7.334058,1,-1,-1,-1,0.652975,0.652975,2.818887,2.701562
79,376,97.364430,116.933669,18.980773,8.935337,1,-1,-1,-1,0.653494,0.653494,3.043219,2.701690
79,370,42.779672,116.753453,17.556124,7.753881,1,-1,-1,-1,0.653284,0.653284,3.065297,2.787189
79,369,270.328066,131.090235,15.661970,7.795484,1,-1,-1,-1,0.653078,0.653078,2.953887,2.701562
79,366,199.373466,20.225286,8.073067,15.372438,1,-1,-1,-1,0.653044,0.653044,2.938756,2.701562
79,365,71.267635,117.278091,20.750910,8.159680,1,-1,-1,-1,0.653032,0.653032,2.931907,2.701563
79,348,242.250699,130.827927,18.668162,7.511633,1,-1,-1,-1,0.652996,0.652996,2.903309,2.701562
79,343,95.959978,131.092865,17.459932,8.708565,1,-1,-1,-1,0.652992,0.652992,2.898514,2.701562
79,330,126.925390,117.162998,18.669895,8.458141,1,-1,-1,-1,0.652986,0.652986,2.889667,2.701562
79,302,181.657200,189.389192,7.896541,18.093776,1,-1,-1,-1,0.652981,0.652981,2.877997,2.701562
79,237,123.339576,130.667439,16.836572,7.335883,1,-1,-1,-1,0.652975,0.652975,2.817702,2.701562
80,376,97.812051,116.778915,18.949599,8.882569,1,-1,-1,-1,0.653399,0.653399,3.028518,2.701630
80,370,42.584618,116.742758,17.671868,7.725955,1,-1,-1,-1,0.653095,0.653095,3.007995,2.746890
80,369,270.279890,131.245445,15.468857,7.747082,1,-1,-1,-1,0.653059,0.653059,2.946067,2.701562
80,366,199.312553,24.488146,8.078121,15.372690,1,-1,-1,-1,0.653031,0.653031,2.931907,2.701562
80,365,71.204146,117.200520,20.867237,8.155277,1,-1,-1,-1,0.653022,0.653022,2.925479,2.701562
80,348,242.241878,130.825428,18.675391,7.512731,1,-1,-1,-1,0.652992,0.652992,2.898514,2.701562
80,343,95.850673,131.242847,17.523245,8.751257,1,-1,-1,-1,0.652989,0.652989,2.893973,2.701562
80,330,127.174715,117.106011,18.568855,8.419188,1,-1,-1,-1,0.652984,0.652984,2.885579,2.701562
80,302,181.652175,189.386501,7.902737,18.108312,1,-1,-1,-1,0.652980,0.652980,2.874476,2.701562
80,237,123.338529,130.668253,16.835224,7.334479,1,-1,-1,-1,0.652975,0.652975,2.816556,2.701562
81,390,140.150999,-97.515896,16.992390,8.295153,1,-1,-1,-1,0.847083,0.847083,7.132717,3.262201
81,376,99.765795,116.545410,16.863677,8.661516,1,-1,-1,-1,0.653321,0.653321,3.015091,2.701599
81,370,42.486394,116.636185,17.722075,7.762806,1,-1,-1,-1,0.653077,0.653077,2.974604,2.725627
81,369,270.682081,131.181151,15.572840,7.746983,1,-1,-1,-1,0.653044,0.653044,2.938756,2.701562
81,366,199.265021,28.536164,8.076106,15.369604,1,-1,-1,-1,0.653021,0.653021,2.925479,2.701562
81,365,71.337697,117.230008,20.879314,8.159334,1,-1,-1,-1,0.653013,0.653013,2.919437,2.701562
81,348,242.233766,130.823180,18.681568,7.513895,1,-1,-1,-1,0.652989,0.652989,2.893973,2.701562
81,343,95.952820,131.172245,17.443551,8.782315,1,-1,-1,-1,0.652986,0.652986,2.889667,2.701562
81,330,127.381158,117.112302,18.339119,8.369522,1,-1,-1,-1,0.652983,0.652983,2.881694,2.701562
81,302,181.646340,189.379821,7.908527,18.121826,1,-1,-1,-1,0.652979,0.652979,2.871119,2.701562
81,237,123.336474,130.668788,16.831476,7.333428,1,-1,-1,-1,0.652975,0.652975,2.815445,2.701562
82,384,67.083193,131.411866,18.042037,8.819331,1,-1,-1,-1,0.662762,0.662762,3.742148,2.836752
82,376,99.148985,116.855606,17.351314,8.740162,1,-1,-1,-1,0.653258,0.653258,3.002775,2.701582
82,370,42.367469,116.708740,17.915468,7.778895,1,-1,-1,-1,0.653068,0.653068,2.953851,2.714358
82,369,270.748453,131.262202,15.640095,7.777766,1,-1,-1,-1,0.653031,0.653031,2.931907,2.701562
82,366,199.212749,32.342187,8.071823,15.367141,1,-1,-1,-1,0.653013,0.653013,2.919436,2.701562
82,365,71.407489,117.273424,20.750209,8.187602,1,-1,-1,-1,0.653006,0.653006,2.913746,2.701562
82,361,227.987296,179.669849,11.952260,25.471812,1,-1,-1,-1,0.654891,0.654891,3.058452,2.835011
82,348,242.230938,130.823003,18.684430,7.517840,1,-1,-1,-1,0.652986,0.652986,2.889667,2.701562
82,343,96.077751,131.184806,17.385982,8.774982,1,-1,-1,-1,0.652984,0.652984,2.885579,2.701562
82,330,127.083150,117.108189,18.507692,8.410933,1,-1,-1,-1,0.652981,0.652981,2.877997,2.701562
82,302,181.640535,189.363604,7.913902,18.131692,1,-1,-1,-1,0.652978,0.652978,2.867916,2.701562
82,237,123.338236,130.662605,16.831493,7.332683,1,-1,-1,-1,0.652975,0.652975,2.814369,2.701562
83,384,66.970228,131.140654,18.290863,8.740872,1,-1,-1,-1,0.659435,0.659435,3.556962,2.772870
83,376,98.955366,117.058709,18.001936,8.873742,1,-1,-1,-1,0.653206,0.653206,2.991438,2.701572
83,370,41.911527,116.977860,18.554262,7.934984,1,-1,-1,-1,0.653055,0.653055,2.939917,2.708372
83,369,270.743216,131.328245,15.586544,7.816919,1,-1,-1,-1,0.653021,0.653021,2.925479,2.701562
83,366,199.167620,35.887468,8.068699,15.365347,1,-1,-1,-1,0.653006,0.653006,2.913746,2.701562
83,365,71.215561,117.165668,20.859600,8.172068,1,-1,-1,-1,0.653001,0.653001,2.908379,2.701562
83,348,242.226597,130.819451,18.687056,7.518256,1,-1,-1,-1,0.652984,0.652984,2.885579,2.701562
83,343,96.166294,131.115884,17.302836,8.724603,1,-1,-1,-1,0.652983,0.652983,2.881694,2.701562
83,330,126.841461,117.140300,18.822472,8.399921,1,-1,-1,-1,0.652980,0.652980,2.874476,2.701562
83,302,181.634991,189.353009,7.918999,18.141580,1,-1,-1,-1,0.652978,0.652978,2.864857,2.701562
83,237,123.331442,130.662220,16.839901,7.334968,1,-1,-1,-1,0.652975,0.652975,2.813325,2.701562
84,384,67.267503,131.517122,18.286380,8.858852,1,-1,-1,-1,0.658033,0.658033,3.439565,2.739349
84,376,98.673801,116.910344,18.343901,8.857594,1,-1,-1,-1,0.653164,0.653164,2.980969,2.701568
84,370,42.018156,116.550546,18.321275,7.837055,1,-1,-1,-1,0.653042,0.653042,2.929749,2.705188
84,369,270.909276,131.268802,15.579943,7.739122,1,-1,-1,-1,0.653013,0.653013,2.919436,2.701562
84,366,199.123226,39.156395,8.063724,15.369443,1,-1,-1,-1,0.653000,0.653000,2.908379,2.701562
84,365,71.167131,117.095319,20.874920,8.120251,1,-1,-1,-1,0.652996,0.652996,2.903310,2.701562
84,348,242.221690,130.819048,18.690040,7.521670,1,-1,-1,-1,0.652983,0.652983,2.881694,2.701562
84,343,96.168414,131.180788,17.296458,8.713753,1,-1,-1,-1,0.652981,0.652981,2.877997,2.701562
84,330,126.856501,117.143572,18.854149,8.447407,1,-1,-1,-1,0.652979,0.652979,2.871119,2.701562
84,302,181.627884,189.346791,7.921130,18.153820,1,-1,-1,-1,0.652977,0.652977,2.861934,2.701562
84,237,123.337620,130.666372,16.832113,7.333754,1,-1,-1,-1,0.652975,0.652975,2.812314,2.701562
85,384,67.279709,132.437358,17.921042,9.337994,1,-1,-1,-1,0.657061,0.657061,3.358415,2.721635
85,376,98.566745,116.930015,18.734184,8.873757,1,-1,-1,-1,0.653130,0.653130,2.971273,2.701565
85,370,42.163074,116.536149,18.350072,7.809933,1,-1,-1,-1,0.653030,0.653030,2.921731,2.703493
85,369,270.717616,131.285674,15.411374,7.728202,1,-1,-1,-1,0.653006,0.653006,2.913746,2.701562
85,366,199.078667,42.141429,8.065698,15.372825,1,-1,-1,-1,0.652996,0.652996,2.903309,2.701562
85,365,71.407015,117.217759,20.694627,8.168295,1,-1,-1,-1,0.652992,0.652992,2.898515,2.701562
85,348,242.216878,130.817520,18.692969,7.524465,1,-1,-1,-1,0.652981,0.652981,2.877997,2.701562
85,343,96.138526,131.160619,17.272228,8.741591,1,-1,-1,-1,0.652980,0.652980,2.874476,2.701562
85,330,126.552012,117.175105,18.959986,8.405767,1,-1,-1,-1,0.652978,0.652978,2.867916,2.701562
85,302,181.624695,189.337894,7.926493,18.162812,1,-1,-1,-1,0.652977,0.652977,2.859137,2.701562
85,237,123.338514,130.670013,16.832065,7.335668,1,-1,-1,-1,0.652975,0.652975,2.811334,2.701562
86,384,67.077535,131.414484,18.085205,8.954482,1,-1,-1,-1,0.656292,0.656292,3.298063,2.712239
86,376,97.701311,116.889998,18.787248,8.888509,1,-1,-1,-1,0.653102,0.653102,2.962269,2.701564
86,370,42.706881,116.527002,17.898562,7.703030,1,-1,-1,-1,0.653021,0.653021,2.914997,2.702590
86,369,270.669141,131.318867,15.420456,7.722590,1,-1,-1,-1,0.653000,0.653000,2.908379,2.701562
86,366,199.063729,44.865857,8.050328,15.374137,1,-1,-1,-1,0.652992,0.652992,2.898514,2.701562
86,365,71.190426,117.176032,20.840553,8.160764,1,-1,-1,-1,0.652989,0.652989,2.893974,2.701562
86,361,228.035373,179.428578,11.907020,25.623884,1,-1,-1,-1,0.654887,0.654887,3.056272,2.850493
86,348,242.212452,130.813865,18.695567,7.524008,1,-1,-1,-1,0.652980,0.652980,2.874476,2.701562
86,343,96.234824,131.059922,17.200169,8.677879,1,-1,-1,-1,0.652979,0.652979,2.871119,2.701562
86,330,126.679138,117.137886,18.975068,8.436818,1,-1,-1,-1,0.652978,0.652978,2.864857,2.701562
86,302,181.620654,189.332622,7.931519,18.174558,1,-1,-1,-1,0.652977,0.652977,2.856459,2.701562
86,237,123.340752,130.671027,16.834777,7.337086,1,-1,-1,-1,0.652975,0.652975,2.810383,2.701562
87,376,97.833014,117.036098,18.932974,8.922868,1,-1,-1,-1,0.653079,0.653079,2.953887,2.701563
87,370,43.010159,116.330204,17.609817,7.664545,1,-1,-1,-1,0.653012,0.653012,2.909078,2.702110
87,369,270.545743,131.340833,15.247444,7.649257,1,-1,-1,-1,0.652996,0.652996,2.903309,2.701562
87,366,199.028389,47.365259,8.059140,15.398821,1,-1,-1,-1,0.652989,0.652989,2.893973,2.701562
87,365,71.321878,117.131316,20.844834,8.137153,1,-1,-1,-1,0.652987,0.652987,2.889668,2.701562
87,361,228.079017,179.392383,11.852295,25.648654,1,-1,-1,-1,0.653169,0.653169,2.971320,2.780040
87,348,242.206414,130.811922,18.695379,7.523916,1,-1,-1,-1,0.652979,0.652979,2.871119,2.701562
87,343,96.336560,131.068070,17.090773,8.594710,1,-1,-1,-1,0.652978,0.652978,2.867916,2.701562
87,330,126.978597,117.132090,18.821978,8.445671,1,-1,-1,-1,0.652977,0.652977,2.861934,2.701562
87,302,181.614680,189.324799,7.933353,18.182336,1,-1,-1,-1,0.652976,0.652976,2.853893,2.701562
87,237,123.342053,130.662752,16.828358,7.335292,1,-1,-1,-1,0.652975,0.652975,2.809460,2.701562
88,376,98.544838,117.092450,18.196833,8.723628,1,-1,-1,-1,0.653060,0.653060,2.946068,2.701563
88,370,42.897032,116.314359,17.653033,7.651175,1,-1,-1,-1,0.653006,0.653006,2.903717,2.701854
88,369,270.739912,131.321494,15.443760,7.722209,1,-1,-1,-1,0.652992,0.652992,2.898514,2.701562
88,366,198.994454,49.552141,8.065422,15.411181,1,-1,-1,-1,0.652986,0.652986,2.889667,2.701562
88,365,71.512914,117.244294,20.679579,8.175348,1,-1,-1,-1,0.652984,0.652984,2.885580,2.701562
88,348,242.204174,130.810586,18.698705,7.524161,1,-1,-1,-1,0.652978,0.652978,2.867916,2.701562
88,343,96.018996,131.225277,17.267997,8.680886,1,-1,-1,-1,0.652978,0.652978,2.864857,2.701562
88,330,127.028293,117.138693,18.771005,8.432112,1,-1,-1,-1,0.652977,0.652977,2.859137,2.701562
88,302,181.612353,189.320246,7.938511,18.193359,1,-1,-1,-1,0.652976,0.652976,2.851434,2.701562
88,237,123.340907,130.666414,16.829180,7.334026,1,-1,-1,-1,0.652975,0.652975,2.808564,2.701562
89,376,99.097811,116.783467,17.679751,8.510221,1,-1,-1,-1,0.653044,0.653044,2.938757,2.701562
89,370,42.918959,116.446894,17.451517,7.723684,1,-1,-1,-1,0.653000,0.653000,2.898767,2.701718
89,369,270.586821,131.283991,15.298891,7.718562,1,-1,-1,-1,0.652989,0.652989,2.893973,2.701562
89,366,198.968128,51.431889,8.069740,15.406170,1,-1,-1,-1,0.652984,0.652984,2.885579,2.701562
89,365,71.519421,117.229571,20.707021,8.180999,1,-1,-1,-1,0.652983,0.652983,2.881694,2.701562
89,348,242.199053,130.811387,18.699244,7.527344,1,-1,-1,-1,0.652978,0.652978,2.864857,2.701562
89,343,95.663192,131.297165,17.515366,8.768534,1,-1,-1,-1,0.652977,0.652977,2.861934,2.701562
89,330,127.318420,117.069856,18.466528,8.393978,1,-1,-1,-1,0.652977,0.652977,2.856459,2.701562
89,302,181.609110,189.314776,7.943217,18.203559,1,-1,-1,-1,0.652976,0.652976,2.849075,2.701562
89,237,123.333796,130.661491,16.829774,7.333101,1,-1,-1,-1,0.652975,0.652975,2.807695,2.701562
90,398,180.051502,251.600090,8.325888,16.329271,1,-1,-1,-1,0.847083,0.847083,7.132717,3.262201
90,376,99.513216,116.908545,17.235076,8.283626,1,-1,-1,-1,0.653032,0.653032,2.931908,2.701562
90,370,42.753589,116.575188,17.478308,7.707774,1,-1,-1,-1,0.652996,0.652996,2.894144,2.701645
90,369,270.520868,131.399668,15.200036,7.685718,1,-1,-1,-1,0.652986,0.652986,2.889667,2.701562
90,366,198.942096,53.078702,8.078558,15.408434,1,-1,-1,-1,0.652983,0.652983,2.881694,2.701562
90,365,71.428462,117.271399,20.725150,8.198906,1,-1,-1,-1,0.652981,0.652981,2.877997,2.701562
90,348,242.197342,130.810613,18.703038,7.529957,1,-1,-1,-1,0.652977,0.652977,2.861934,2.701562
90,343,95.831010,131.279227,17.478702,8.807323,1,-1,-1,-1,0.652977,0.652977,2.859137,2.701562
90,330,127.435891,117.145530,18.267095,8.352995,1,-1,-1,-1,0.652976,0.652976,2.853893,2.701562
90,302,181.605732,189.307327,7.947501,18.210310,1,-1,-1,-1,0.652976,0.652976,2.846809,2.701562
90,237,123.338336,130.668235,16.822062,7.335105,1,-1,-1,-1,0.652975,0.652975,2.806851,2.701562
91,398,180.376870,250.303322,8.012431,15.855734,1,-1,-1,-1,0.780933,0.780933,6.225018,2.988460
91,376,100.167737,116.815448,16.684380,8.100969,1,-1,-1,-1,0.653021,0.653021,2.925481,2.701562
91,369,270.702320,131.315419,15.304918,7.681150,1,-1,-1,-1,0.652984,0.652984,2.885579,2.701562
91,366,198.918244,54.493851,8.084974,15.410046,1,-1,-1,-1,0.652981,0.652981,2.877997,2.701562
91,365,71.209544,117.173599,20.824115,8.164872,1,-1,-1,-1,0.652980,0.652980,2.874476,2.701562
91,361,228.267516,178.984996,11.703716,25.508929,1,-1,-1,-1,0.654893,0.654893,3.029157,2.844174
91,348,242.194733,130.807521,18.706165,7.529322,1,-1,-1,-1,0.652977,0.652977,2.859137,2.701562
91,343,96.955345,130.934509,16.864012,8.550614,1,-1,-1,-1,0.652977,0.652977,2.856459,2.701562
91,330,127.507500,116.891035,18.381450,8.284431,1,-1,-1,-1,0.652976,0.652976,2.851434,2.701562
91,302,181.602446,189.301705,7.951510,18.217255,1,-1,-1,-1,0.652976,0.652976,2.844634,2.701562
91,237,123.335054,130.663829,16.835704,7.336731,1,-1,-1,-1,0.652975,0.652975,2.806031,2.701562
92,398,180.479171,249.664468,7.935845,15.822998,1,-1,-1,-1,0.739812,0.739812,5.560040,2.851250
92,376,100.114234,116.890251,16.416212,7.936727,1,-1,-1,-1,0.653013,0.653013,2.919438,2.701562
92,369,270.678332,131.192277,15.426091,7.678535,1,-1,-1,-1,0.652983,0.652983,2.881694,2.701562
92,366,198.902262,55.695076,8.089464,15.400012,1,-1,-1,-1,0.652980,0.652980,2.874476,2.701562
92,365,71.137072,117.079939,20.878080,8.114541,1,-1,-1,-1,0.652979,0.652979,2.871120,2.701562
92,361,228.149919,179.478140,11.752906,25.496505,1,-1,-1,-1,0.653170,0.653170,2.949587,2.776745
92,348,242.191889,130.806029,18.709027,7.529093,1,-1,-1,-1,0.652977,0.652977,2.856459,2.701562
92,343,96.360104,131.116786,17.058470,8.617803,1,-1,-1,-1,0.652976,0.652976,2.853893,2.701562
92,330,127.647874,117.130779,18.468669,8.331443,1,-1,-1,-1,0.652976,0.652976,2.849075,2.701562
92,302,181.599334,189.296840,7.955288,18.224277,1,-1,-1,-1,0.652976,0.652976,2.842542,2.701562
92,237,123.334186,130.661885,16.840143,7.337866,1,-1,-1,-1,0.652975,0.652975,2.805235,2.701562
93,398,180.347409,249.269876,7.858566,16.015995,1,-1,-1,-1,0.714060,0.714060,5.062690,2.780435
93,376,100.296468,116.994449,16.460426,7.835606,1,-1,-1,-1,0.653006,0.653006,2.913747,2.701562
93,369,270.524634,131.358485,15.290345,7.656752,1,-1,-1,-1,0.652981,0.652981,2.877997,2.701562
93,366,198.881108,56.725808,8.089943,15.392528,1,-1,-1,-1,0.652979,0.652979,2.871119,2.701562
93,365,71.420236,117.167621,20.700952,8.136685,1,-1,-1,-1,0.652979,0.652979,2.867917,2.701562
93,361,228.108156,179.269636,11.796789,25.519384,1,-1,-1,-1,0.652997,0.652997,2.906760,2.741391
93,348,242.189108,130.805114,18.711675,7.529151,1,-1,-1,-1,0.652976,0.652976,2.853893,2.701562
93,343,96.189251,131.257901,17.174210,8.690586,1,-1,-1,-1,0.652976,0.652976,2.851434,2.701562
93,330,128.097684,117.170627,18.670544,8.355183,1,-1,-1,-1,0.652976,0.652976,2.846809,2.701562
93,302,181.596385,189.294212,7.958928,18.234065,1,-1,-1,-1,0.652975,0.652975,2.840531,2.701562
93,237,123.335949,130.657194,16.837642,7.333137,1,-1,-1,-1,0.652975,0.652975,2.804461,2.701562
94,398,180.533206,247.164341,8.010812,15.934972,1,-1,-1,-1,0.697349,0.697349,4.683127,2.743335
94,376,100.947659,116.860078,16.347947,7.767872,1,-1,-1,-1,0.653000,0.653000,2.908380,2.701562
94,370,42.414556,116.669420,17.658891,7.743174,1,-1,-1,-1,0.654879,0.654879,3.029735,2.835021
94,369,270.557993,131.354572,15.237978,7.671754,1,-1,-1,-1,0.652980,0.652980,2.874476,2.701562
94,366,198.871722,57.587933,8.087544,15.389690,1,-1,-1,-1,0.652978,0.652978,2.867916,2.701562
94,365,71.569343,117.233507,20.588676,8.158768,1,-1,-1,-1,0.652978,0.652978,2.864858,2.701562
94,361,228.137297,179.193189,11.820162,25.554690,1,-1,-1,-1,0.652995,0.652995,2.882976,2.722716
94,348,242.186486,130.797871,18.714149,7.529410,1,-1,-1,-1,0.652976,0.652976,2.851434,2.701562
94,343,97.062206,131.392897,16.678900,8.666792,1,-1,-1,-1,0.652976,0.652976,2.849075,2.701562
94,330,128.973160,117.238594,18.722372,8.376425,1,-1,-1,-1,0.652976,0.652976,2.844634,2.701562
94,302,181.593654,189.288265,7.962327,18.240267,1,-1,-1,-1,0.652975,0.652975,2.838596,2.701562
94,237,123.337921,130.649751,16.827552,7.329623,1,-1,-1,-1,0.652975,0.652975,2.803709,2.701562
95,398,180.156286,245.641844,8.145356,15.864882,1,-1,-1,-1,0.686065,0.686065,4.388218,2.723746
95,384,67.325124,130.955953,18.327581,8.331898,1,-1,-1,-1,0.655463,0.655463,3.304033,2.902464
95,376,101.825559,116.734441,16.194253,7.684114,1,-1,-1,-1,0.652996,0.652996,2.903311,2.701562
95,370,42.280973,116.585442,17.289302,7.680037,1,-1,-1,-1,0.653157,0.653157,2.954130,2.771966
95,369,270.796737,131.288828,15.288797,7.681612,1,-1,-1,-1,0.652979,0.652979,2.871119,2.701562
95,366,198.865466,58.308884,8.080179,15.384525,1,-1,-1,-1,0.652978,0.652978,2.864857,2.701562
95,365,71.682955,117.035995,20.391077,8.083233,1,-1,-1,-1,0.652977,0.652977,2.861934,2.701562
95,361,228.000876,179.630286,11.868155,25.615591,1,-1,-1,-1,0.652999,0.652999,2.869212,2.712813
95,348,242.184042,130.801286,18.716476,7.529810,1,-1,-1,-1,0.652976,0.652976,2.849075,2.701562
95,343,97.299311,130.908000,16.297459,8.358281,1,-1,-1,-1,0.652976,0.652976,2.846809,2.701562
95,330,130.506605,117.316620,18.922376,8.423660,1,-1,-1,-1,0.652976,0.652976,2.842542,2.701562
95,302,181.595846,189.269726,7.962600,18.235200,1,-1,-1,-1,0.652975,0.652975,2.836732,2.701562
95,237,123.344215,130.654081,16.825689,7.327099,1,-1,-1,-1,0.652975,0.652975,2.802979,2.701562
96,398,178.792444,247.277082,8.409032,16.651622,1,-1,-1,-1,0.678159,0.678159,4.155461,2.713360
96,384,68.048040,132.361018,17.017010,8.760101,1,-1,-1,-1,0.653592,0.653592,3.164783,2.807031
96,376,102.979468,117.038188,16.026733,7.663697,1,-1,-1,-1,0.652992,0.652992,2.898516,2.701562
96,369,270.671554,131.206758,15.262774,7.701517,1,-1,-1,-1,0.652978,0.652978,2.867916,2.701562
96,366,198.855633,58.907356,8.080411,15.383836,1,-1,-1,-1,0.652977,0.652977,2.861934,2.701562
96,365,71.582866,117.085282,20.567888,8.080578,1,-1,-1,-1,0.652977,0.652977,2.859137,2.701562
96,361,227.887124,179.970126,12.009388,25.714541,1,-1,-1,-1,0.652999,0.652999,2.860778,2.707550
96,348,242.184548,130.802258,18.713130,7.530234,1,-1,-1,-1,0.652976,0.652976,2.846809,2.701562
96,343,96.396696,131.323246,16.768038,8.577779,1,-1,-1,-1,0.652976,0.652976,2.844634,2.701562
96,330,131.987677,117.192617,19.038766,8.323851,1,-1,-1,-1,0.652975,0.652975,2.840531,2.701562
96,302,181.590999,189.276282,7.966539,18.244600,1,-1,-1,-1,0.652975,0.652975,2.834938,2.701562
96,237,123.344179,130.656186,16.829830,7.325299,1,-1,-1,-1,0.652975,0.652975,2.802268,2.701562
97,398,179.862999,243.967518,8.217410,15.870502,1,-1,-1,-1,0.672446,0.672446,3.969193,2.707841
97,376,103.869143,116.813225,16.019280,7.652915,1,-1,-1,-1,0.652989,0.652989,2.893975,2.701562
97,369,270.590613,131.224264,15.253673,7.696918,1,-1,-1,-1,0.652978,0.652978,2.864857,2.701562
97,366,198.857038,59.413921,8.077877,15.388726,1,-1,-1,-1,0.652977,0.652977,2.859137,2.701562
97,365,72.424702,117.037159,20.440680,8.070512,1,-1,-1,-1,0.652977,0.652977,2.856459,2.701562
97,361,228.044657,179.138047,11.928953,25.483466,1,-1,-1,-1,0.652996,0.652996,2.855208,2.704750
97,348,242.181689,130.795711,18.716727,7.530811,1,-1,-1,-1,0.652976,0.652976,2.844634,2.701562
97,343,96.911489,130.912230,16.384440,8.317611,1,-1,-1,-1,0.652976,0.652976,2.842542,2.701562
97,330,134.045359,117.237722,19.143581,8.349343,1,-1,-1,-1,0.652975,0.652975,2.838596,2.701562
97,302,181.587626,189.284417,7.970195,18.255898,1,-1,-1,-1,0.652975,0.652975,2.833208,2.701562
97,237,123.342508,130.640535,16.821632,7.318395,1,-1,-1,-1,0.652975,0.652975,2.801577,2.701562
98,398,180.173271,243.749424,8.200759,15.665818,1,-1,-1,-1,0.668212,0.668212,3.818265,2.704905
98,376,105.098643,117.084663,16.082317,7.726767,1,-1,-1,-1,0.652986,0.652986,2.889669,2.701562
98,369,270.676653,131.357308,15.206031,7.704022,1,-1,-1,-1,0.652977,0.652977,2.861934,2.701562
98,366,198.849195,59.817884,8.081664,15.398147,1,-1,-1,-1,0.652977,0.652977,2.856459,2.701562
98,365,73.638268,116.954014,20.207123,8.020965,1,-1,-1,-1,0.652976,0.652976,2.853894,2.701562
98,361,228.096921,179.049774,11.926079,25.441535,1,-1,-1,-1,0.652993,0.652993,2.851198,2.703260
98,348,242.174530,130.799386,18.722597,7.531456,1,-1,-1,-1,0.652976,0.652976,2.842542,2.701562
98,343,96.510661,131.248840,16.665879,8.468677,1,-1,-1,-1,0.652975,0.652975,2.840531,2.701562
98,330,136.495975,117.249526,19.187933,8.337080,1,-1,-1,-1,0.652975,0.652975,2.836732,2.701562
98,302,181.584948,189.277894,7.973569,18.265764,1,-1,-1,-1,0.652975,0.652975,2.831540,2.701562
98,237,123.335963,130.627407,16.823795,7.310657,1,-1,-1,-1,0.652975,0.652975,2.800906,2.701562
99,398,180.322587,244.300800,8.190567,15.932826,1,-1,-1,-1,0.665009,0.665009,3.694582,2.703342
99,376,106.441540,116.977729,16.009413,7.745121,1,-1,-1,-1,0.652984,0.652984,2.885580,2.701562
99,369,270.560114,131.317775,15.166496,7.664798,1,-1,-1,-1,0.652977,0.652977,2.859137,2.701562
99,366,198.848847,60.136193,8.078816,15.401922,1,-1,-1,-1,0.652976,0.652976,2.853893,2.701562
99,361,227.961203,179.736200,12.026194,25.587325,1,-1,-1,-1,0.652990,0.652990,2.848057,2.702466
99,348,242.176586,130.800440,18.727336,7.532110,1,-1,-1,-1,0.652975,0.652975,2.840531,2.701562
99,343,96.250185,131.473361,16.922320,8.614951,1,-1,-1,-1,0.652975,0.652975,2.838596,2.701562
99,330,139.649977,117.216853,19.207053,8.269466,1,-1,-1,-1,0.652975,0.652975,2.834938,2.701562
99,302,181.582659,189.270734,7.976667,18.271769,1,-1,-1,-1,0.652975,0.652975,2.829932,2.701562
99,237,123.332312,130.640601,16.853088,7.310739,1,-1,-1,-1,0.652975,0.652975,2.800252,2.701562
100,398,180.508024,243.399339,8.093689,15.771011,1,-1,-1,-1,0.662548,0.662548,3.592165,2.702510
100,384,67.293173,131.202898,18.111203,8.668091,1,-1,-1,-1,0.655095,0.655095,3.161724,2.847287
100,376,109.034077,116.851078,15.960622,7.663456,1,-1,-1,-1,0.652983,0.652983,2.881695,2.701562
100,369,270.543982,131.054023,15.128162,7.585548,1,-1,-1,-1,0.652977,0.652977,2.856459,2.701562
100,366,198.852428,60.399005,8.071219,15.407147,1,-1,-1,-1,0.652976,0.652976,2.851434,2.701562
100,361,227.981469,179.392964,11.998170,25.635743,1,-1,-1,-1,0.652987,0.652987,2.845414,2.702044
100,348,242.175862,130.800504,18.731236,7.532764,1,-1,-1,-1,0.652975,0.652975,2.838596,2.701562
100,343,96.025403,131.545405,17.153562,8.787622,1,-1,-1,-1,0.652975,0.652975,2.836732,2.701562
100,330,143.025892,117.325222,19.202928,8.276527,1,-1,-1,-1,0.652975,0.652975,2.833208,2.701562
100,302,181.580559,189.267826,7.979646,18.280449,1,-1,-1,-1,0.652975,0.652975,2.828379,2.701562
100,237,123.325805,130.645698,16.874458,7.310795,1,-1,-1,-1,0.652975,0.652975,2.799616,2.701562
