1,1333,-62.490000,-98.600000,16.800000,7.950000,1,-1,-1,-1,10.000000,10.000000,10.000000,10.000000
1,1332,-9.210000,-97.590000,17.350000,8.600000,1,-1,-1,-1,10.000000,10.000000,10.000000,10.000000
1,1331,-88.230000,-99.630000,15.430000,7.700000,1,-1,-1,-1,10.000000,10.000000,10.000000,10.000000
1,1330,21.950000,-96.460000,17.820000,8.610000,1,-1,-1,-1,10.000000,10.000000,10.000000,10.000000
1,1329,76.830000,209.720000,8.850000,19.540000,1,-1,-1,-1,10.000000,10.000000,10.000000,10.000000
1,1328,82.560000,-64.450000,8.210000,16.280000,1,-1,-1,-1,10.000000,10.000000,10.000000,10.000000
1,1327,-175.080000,-179.260000,12.220000,21.180000,1,-1,-1,-1,10.000000,10.000000,10.000000,10.000000
1,1326,169.630000,132.490000,16.580000,8.720000,1,-1,-1,-1,10.000000,10.000000,10.000000,10.000000
1,1325,63.550000,187.980000,7.750000,15.870000,1,-1,-1,-1,10.000000,10.000000,10.000000,10.000000
1,1324,84.510000,-145.420000,6.040000,8.900000,1,-1,-1,-1,10.000000,10.000000,10.000000,10.000000
1,1323,123.740000,130.740000,16.080000,7.510000,1,-1,-1,-1,10.000000,10.000000,10.000000,10.000000
1,1322,-80.930000,-85.380000,14.990000,7.490000,1,-1,-1,-1,10.000000,10.000000,10.000000,10.000000
2,1340,-9.470000,118.090000,17.170000,8.790000,1,-1,-1,-1,10.000000,10.000000,10.000000,10.000000
2,1339,-159.360000,-185.910000,8.970000,17.560000,1,-1,-1,-1,10.000000,10.000000,10.000000,10.000000
2,1338,81.780000,88.740000,6.450000,9.130000,1,-1,-1,-1,10.000000,10.000000,10.000000,10.000000
2,1337,-222.490000,-102.070000,18.840000,8.140000,1,-1,-1,-1,10.000000,10.000000,10.000000,10.000000
2,1336,62.860000,228.650000,8.880000,16.580000,1,-1,-1,-1,10.000000,10.000000,10.000000,10.000000
2,1335,-174.060000,-152.130000,8.390000,16.800000,1,-1,-1,-1,10.000000,10.000000,10.000000,10.000000
2,1334,-90.570000,-85.570000,15.020000,7.520000,1,-1,-1,-1,10.000000,10.000000,10.000000,10.000000
2,1332,-7.858956,-97.443636,17.787598,8.617242,1,-1,-1,-1,0.999900,0.999900,9.990021,5.238095
2,1330,22.296549,-96.963805,17.296885,8.427729,1,-1,-1,-1,0.999900,0.999900,9.990021,5.238095
2,1328,82.603322,-58.147033,7.913376,15.922843,1,-1,-1,-1,0.999900,0.999900,9.990021,5.238095
2,1327,-174.783879,-178.788971,10.867834,20.137951,1,-1,-1,-1,0.999900,0.999900,9.990021,5.238095
2,1326,169.590318,132.464413,17.019328,8.881163,1,-1,-1,-1,0.999900,0.999900,9.990021,5.238095
2,1325,63.621612,187.406844,7.736763,15.556458,1,-1,-1,-1,0.999900,0.999900,9.990021,5.238095
2,1324,84.459199,-141.819166,6.041612,8.907612,1,-1,-1,-1,0.999900,0.999900,9.990021,5.238095
2,1323,123.737350,130.701951,16.105298,7.486108,1,-1,-1,-1,0.999900,0.999900,9.990021,5.238095
3,1345,68.250000,-37.420000,8.130000,16.360000,1,-1,-1,-1,10.000000,10.000000,10.000000,10.000000
3,1344,-221.950000,-87.960000,15.320000,8.370000,1,-1,-1,-1,10.000000,10.000000,10.000000,10.000000
3,1343,80.480000,54.590000,7.960000,17.270000,1,-1,-1,-1,10.000000,10.000000,10.000000,10.000000
3,1342,64.250000,218.680000,6.360000,9.130000,1,-1,-1,-1,10.000000,10.000000,10.000000,10.000000
3,1341,-99.450000,-85.740000,14.990000,7.520000,1,-1,-1,-1,10.000000,10.000000,10.000000,10.000000
3,1340,-4.000864,117.783892,16.530699,8.052351,1,-1,-1,-1,0.999900,0.999900,9.990021,5.238095
3,1338,83.172767,93.021476,4.764356,6.146491,1,-1,-1,-1,0.999900,0.999900,9.990021,5.238095
3,1335,-173.817046,-152.366089,8.204063,16.312274,1,-1,-1,-1,0.999900,0.999900,9.990021,5.238095
3,1330,21.557740,-96.507687,17.937473,8.612466,1,-1,-1,-1,0.941153,0.941153,8.384601,3.841642
3,1327,-174.841782,-179.002294,10.976544,20.549299,1,-1,-1,-1,0.941153,0.941153,8.384601,3.841642
3,1326,169.937517,132.324982,16.468473,8.498281,1,-1,-1,-1,0.941153,0.941153,8.384601,3.841642
3,1325,63.666276,187.908799,7.805673,15.624214,1,-1,-1,-1,0.941153,0.941153,8.384601,3.841642
3,1324,84.418645,-138.473761,6.041541,8.909337,1,-1,-1,-1,0.941153,0.941153,8.384601,3.841642
3,1323,123.733911,130.709775,16.094531,7.464574,1,-1,-1,-1,0.941153,0.941153,8.384601,3.841642
4,1330,20.330432,-96.492703,19.163840,8.983655,1,-1,-1,-1,0.847083,0.847083,7.132717,3.262201
4,1327,-174.652047,-179.180308,10.902266,20.566209,1,-1,-1,-1,0.847083,0.847083,7.132717,3.262201
4,1326,169.770822,132.245954,16.903273,8.587227,1,-1,-1,-1,0.847083,0.847083,7.132717,3.262201
4,1325,63.702960,187.639492,7.782605,15.541083,1,-1,-1,-1,0.847083,0.847083,7.132717,3.262201
4,1324,84.370425,-135.020702,6.041313,8.909958,1,-1,-1,-1,0.847083,0.847083,7.132717,3.262201
4,1323,123.749830,130.715997,16.050610,7.461982,1,-1,-1,-1,0.847083,0.847083,7.132717,3.262201
5,1340,4.310539,118.318826,16.120905,7.699872,1,-1,-1,-1,0.847083,0.847083,7.132717,3.262201
5,1335,-174.022581,-152.322652,8.395977,16.435078,1,-1,-1,-1,0.847083,0.847083,7.132717,3.262201
5,1330,20.451787,-96.459070,19.319578,8.956145,1,-1,-1,-1,0.780933,0.780933,6.225018,2.988460
5,1326,169.530735,132.076904,17.160767,8.480271,1,-1,-1,-1,0.780933,0.780933,6.225018,2.988460
5,1325,63.691096,187.887175,7.806057,15.609989,1,-1,-1,-1,0.780933,0.780933,6.225018,2.988460
5,1324,84.327955,-131.441532,6.042195,8.914837,1,-1,-1,-1,0.780933,0.780933,6.225018,2.988460
5,1323,123.737954,130.718292,16.063855,7.460685,1,-1,-1,-1,0.780933,0.780933,6.225018,2.988460
6,1340,7.650391,118.404767,16.333452,7.705967,1,-1,-1,-1,0.780933,0.780933,6.225018,2.988460
6,1337,-219.879551,-101.529557,16.490909,7.884884,1,-1,-1,-1,0.808479,0.808479,6.225062,3.298778
6,1330,20.876374,-96.758072,18.947396,8.752678,1,-1,-1,-1,0.739812,0.739812,5.560040,2.851250
6,1326,169.640725,131.989361,16.971447,8.170595,1,-1,-1,-1,0.739812,0.739812,5.560040,2.851250
6,1325,63.748175,187.805949,7.746873,15.492238,1,-1,-1,-1,0.739812,0.739812,5.560040,2.851250
6,1324,84.139600,-127.648213,6.153173,9.027227,1,-1,-1,-1,0.739812,0.739812,5.560040,2.851250
6,1323,123.742505,130.722884,16.074247,7.467553,1,-1,-1,-1,0.739812,0.739812,5.560040,2.851250
7,1347,-160.565070,-151.868425,8.732927,18.285807,1,-1,-1,-1,0.847083,0.847083,7.132717,3.262201
7,1346,-127.982377,-86.318658,15.052776,7.483508,1,-1,-1,-1,0.847083,0.847083,7.132717,3.262201
7,1340,10.065650,118.586058,16.326410,7.730666,1,-1,-1,-1,0.739812,0.739812,5.560040,2.851250
7,1337,-219.859314,-101.772265,15.925315,7.702813,1,-1,-1,-1,0.761768,0.761768,5.587838,3.006395
7,1330,21.250390,-96.765399,18.605277,8.716100,1,-1,-1,-1,0.714060,0.714060,5.062690,2.780435
7,1326,169.843272,132.018976,16.897329,8.123711,1,-1,-1,-1,0.714060,0.714060,5.062690,2.780435
7,1325,63.726696,187.985843,7.733745,15.603164,1,-1,-1,-1,0.714060,0.714060,5.062690,2.780435
7,1324,83.723209,-123.696427,6.445217,9.298329,1,-1,-1,-1,0.714060,0.714060,5.062690,2.780435
7,1323,123.730569,130.712135,16.090749,7.465910,1,-1,-1,-1,0.714060,0.714060,5.062690,2.780435
8,1347,-160.834193,-147.360134,8.986667,18.362903,1,-1,-1,-1,0.780933,0.780933,6.225018,2.988460
8,1346,-133.416243,-86.091439,15.077772,7.536761,1,-1,-1,-1,0.780933,0.780933,6.225018,2.988460
8,1340,11.362162,118.421290,16.677125,7.937764,1,-1,-1,-1,0.714060,0.714060,5.062690,2.780435
8,1337,-221.127997,-101.311045,17.000005,8.270417,1,-1,-1,-1,0.729260,0.729260,5.118443,2.860404
8,1330,20.942066,-96.818201,18.890264,8.718658,1,-1,-1,-1,0.697349,0.697349,4.683127,2.743335
8,1326,169.952297,132.063729,16.883889,8.145901,1,-1,-1,-1,0.697349,0.697349,4.683127,2.743335
8,1325,63.745006,187.917477,7.723813,15.614492,1,-1,-1,-1,0.697349,0.697349,4.683127,2.743335
8,1324,83.187908,-119.601313,6.790567,9.588718,1,-1,-1,-1,0.697349,0.697349,4.683127,2.743335
8,1323,123.728076,130.717628,16.100271,7.467728,1,-1,-1,-1,0.697349,0.697349,4.683127,2.743335
9,1350,-7.244995,-96.851781,18.135406,8.744435,1,-1,-1,-1,0.847083,0.847083,7.132717,3.262201
9,1347,-160.824375,-143.070155,9.135932,18.463039,1,-1,-1,-1,0.739812,0.739812,5.560040,2.851250
9,1346,-138.885573,-85.345628,15.501040,7.945985,1,-1,-1,-1,0.739812,0.739812,5.560040,2.851250
9,1340,12.242304,118.427813,16.581144,7.872324,1,-1,-1,-1,0.697349,0.697349,4.683127,2.743335
9,1337,-221.560402,-101.030714,17.462487,8.368699,1,-1,-1,-1,0.707694,0.707694,4.751699,2.785203
9,1335,-175.009486,-152.263966,9.116038,18.669938,1,-1,-1,-1,0.699331,0.699331,4.906799,2.897002
9,1330,22.129741,-97.136431,18.142162,8.439474,1,-1,-1,-1,0.686065,0.686065,4.388218,2.723746
9,1326,169.801857,132.453450,16.657186,8.235290,1,-1,-1,-1,0.686065,0.686065,4.388218,2.723746
9,1325,63.666079,187.668806,7.731874,15.546188,1,-1,-1,-1,0.686065,0.686065,4.388218,2.723746
9,1324,82.505678,-115.381435,7.000487,9.730584,1,-1,-1,-1,0.686065,0.686065,4.388218,2.723746
9,1323,123.736649,130.710655,16.078041,7.458941,1,-1,-1,-1,0.686065,0.686065,4.388218,2.723746
10,1347,-161.720691,-139.627763,9.817666,19.425178,1,-1,-1,-1,0.714060,0.714060,5.062690,2.780435
10,1346,-144.635955,-83.691378,16.314974,8.825662,1,-1,-1,-1,0.714060,0.714060,5.062690,2.780435
10,1343,80.132483,93.924293,8.127385,16.761307,1,-1,-1,-1,0.699777,0.699777,4.909440,2.985129
10,1340,11.961802,118.529223,16.928611,7.973730,1,-1,-1,-1,0.686065,0.686065,4.388218,2.723746
10,1337,-222.194462,-101.338857,18.133493,8.513830,1,-1,-1,-1,0.693227,0.693227,4.458919,2.745845
10,1330,22.007017,-96.497598,18.067536,8.450488,1,-1,-1,-1,0.678159,0.678159,4.155461,2.713360
10,1326,169.769036,132.170174,16.771034,8.359871,1,-1,-1,-1,0.678159,0.678159,4.155461,2.713360
10,1325,63.705133,187.704442,7.740422,15.543617,1,-1,-1,-1,0.678159,0.678159,4.155461,2.713360
10,1324,81.761870,-110.895063,7.132798,9.806238,1,-1,-1,-1,0.678159,0.678159,4.155461,2.713360
10,1323,123.734018,130.691331,16.081546,7.448662,1,-1,-1,-1,0.678159,0.678159,4.155461,2.713360
11,1352,67.976735,-35.570017,9.113994,18.908538,1,-1,-1,-1,0.847083,0.847083,7.132717,3.262201
11,1347,-161.709344,-136.882492,9.583906,19.286087,1,-1,-1,-1,0.697349,0.697349,4.683127,2.743335
11,1346,-150.577899,-80.635662,17.305432,10.131256,1,-1,-1,-1,0.697349,0.697349,4.683127,2.743335
11,1343,80.185507,100.242505,7.873891,15.804505,1,-1,-1,-1,0.686807,0.686807,4.469716,2.849547
11,1340,12.146843,118.743408,17.045781,8.125873,1,-1,-1,-1,0.678159,0.678159,4.155461,2.713360
11,1337,-221.460432,-100.792179,18.153939,8.839058,1,-1,-1,-1,0.683248,0.683248,4.222594,2.725074
11,1326,169.724070,131.716882,16.717111,8.258536,1,-1,-1,-1,0.672446,0.672446,3.969193,2.707841
11,1325,63.685736,187.787266,7.790705,15.564989,1,-1,-1,-1,0.672446,0.672446,3.969193,2.707841
11,1324,80.167175,-106.050941,7.717740,10.207173,1,-1,-1,-1,0.672446,0.672446,3.969193,2.707841
11,1323,123.721846,130.714563,16.091901,7.458361,1,-1,-1,-1,0.672446,0.672446,3.969193,2.707841
12,1356,62.465867,217.849995,9.139141,15.718848,1,-1,-1,-1,0.847083,0.847083,7.132717,3.262201
12,1352,68.294016,-35.830769,8.774279,18.249714,1,-1,-1,-1,0.780933,0.780933,6.225018,2.988460
12,1346,-156.221693,-76.374954,17.948039,11.709022,1,-1,-1,-1,0.686065,0.686065,4.388218,2.723746
12,1343,80.115649,106.952887,7.650885,15.338649,1,-1,-1,-1,0.678685,0.678685,4.189343,2.779547
12,1340,12.363176,118.465988,16.794939,7.980355,1,-1,-1,-1,0.672446,0.672446,3.969193,2.707841
12,1337,-222.158881,-101.685929,18.196246,8.414747,1,-1,-1,-1,0.676155,0.676155,4.030254,2.714065
12,1326,169.844593,132.200252,16.596168,8.325933,1,-1,-1,-1,0.668212,0.668212,3.818265,2.704905
12,1325,63.652393,187.816185,7.807576,15.589663,1,-1,-1,-1,0.668212,0.668212,3.818265,2.704905
12,1324,78.021162,-101.117892,8.462584,10.606296,1,-1,-1,-1,0.668212,0.668212,3.818265,2.704905
12,1323,123.725821,130.706091,16.105599,7.449715,1,-1,-1,-1,0.668212,0.668212,3.818265,2.704905
13,1356,62.590018,216.785501,9.224395,16.112807,1,-1,-1,-1,0.780933,0.780933,6.225018,2.988460
13,1352,68.496816,-36.314210,8.596021,17.818430,1,-1,-1,-1,0.739812,0.739812,5.560040,2.851250
13,1346,-160.746230,-71.378529,17.749635,12.996683,1,-1,-1,-1,0.678159,0.678159,4.155461,2.713360
13,1343,79.904712,114.148387,7.660388,15.218511,1,-1,-1,-1,0.672876,0.672876,3.988819,2.742868
13,1340,11.903526,118.525777,17.022449,8.048094,1,-1,-1,-1,0.668212,0.668212,3.818265,2.704905
13,1337,-222.479698,-101.784833,18.383533,8.451765,1,-1,-1,-1,0.670976,0.670976,3.872512,2.708216
13,1326,169.828991,131.800434,16.492871,8.188456,1,-1,-1,-1,0.665009,0.665009,3.694582,2.703342
13,1325,63.664047,187.586449,7.798417,15.540203,1,-1,-1,-1,0.665009,0.665009,3.694582,2.703342
13,1324,75.178503,-96.324384,8.963173,10.817619,1,-1,-1,-1,0.665009,0.665009,3.694582,2.703342
13,1323,123.726932,130.708115,16.111580,7.449507,1,-1,-1,-1,0.665009,0.665009,3.694582,2.703342
14,1356,62.665006,215.327701,9.373565,16.120790,1,-1,-1,-1,0.739812,0.739812,5.560040,2.851250
14,1346,-163.887532,-65.937291,16.652090,13.888054,1,-1,-1,-1,0.672446,0.672446,3.969193,2.707841
14,1343,79.873523,121.456157,7.641909,15.087508,1,-1,-1,-1,0.668555,0.668555,3.834659,2.723498
14,1340,11.953093,118.790190,17.062729,8.230829,1,-1,-1,-1,0.665009,0.665009,3.694582,2.703342
14,1337,-221.790102,-102.038707,18.034056,8.390341,1,-1,-1,-1,0.667107,0.667107,3.742165,2.705105
14,1326,169.493303,132.283302,16.570508,8.253193,1,-1,-1,-1,0.662548,0.662548,3.592165,2.702510
14,1325,63.545692,187.835293,7.848014,15.633063,1,-1,-1,-1,0.662548,0.662548,3.592165,2.702510
14,1324,71.368529,-92.264018,9.561742,10.840827,1,-1,-1,-1,0.662548,0.662548,3.592165,2.702510
14,1323,123.770347,130.724115,16.021217,7.452236,1,-1,-1,-1,0.662548,0.662548,3.592165,2.702510
15,1356,62.701049,215.516243,9.060591,16.216604,1,-1,-1,-1,0.714060,0.714060,5.062690,2.780435
15,1350,-7.099070,-97.179493,17.614942,8.753824,1,-1,-1,-1,0.680354,0.680354,4.458481,2.915882
15,1346,-165.671571,-60.310673,15.089164,14.363558,1,-1,-1,-1,0.668212,0.668212,3.818265,2.704905
15,1343,79.453073,129.648247,7.800193,15.292780,1,-1,-1,-1,0.665279,0.665279,3.710828,2.713228
15,1326,169.624615,132.387957,16.957913,8.376256,1,-1,-1,-1,0.660633,0.660633,3.506534,2.702067
15,1325,63.623692,187.933131,7.866086,15.686064,1,-1,-1,-1,0.660633,0.660633,3.506534,2.702067
15,1323,123.763957,130.716541,16.039273,7.454092,1,-1,-1,-1,0.660633,0.660633,3.506534,2.702067
16,1356,62.902885,215.444418,8.945405,16.386488,1,-1,-1,-1,0.697349,0.697349,4.683127,2.743335
16,1343,79.290985,137.835238,7.868428,15.324910,1,-1,-1,-1,0.662760,0.662760,3.608672,2.707771
16,1326,169.745875,132.473744,17.087219,8.482181,1,-1,-1,-1,0.659128,0.659128,3.434287,2.701831
16,1325,63.604187,187.897616,7.865447,15.710667,1,-1,-1,-1,0.659128,0.659128,3.434287,2.701831
16,1323,123.740498,130.727913,16.068405,7.459293,1,-1,-1,-1,0.659128,0.659128,3.434287,2.701831
17,1368,-221.125978,-88.497684,15.342406,8.344848,1,-1,-1,-1,0.847083,0.847083,7.132717,3.262201
17,1366,81.632943,-111.345560,9.230393,16.830876,1,-1,-1,-1,0.847083,0.847083,7.132717,3.262201
17,1356,63.237827,214.059211,8.776643,15.930175,1,-1,-1,-1,0.686065,0.686065,4.388218,2.723746
17,1352,67.729451,-36.652580,9.008589,17.554446,1,-1,-1,-1,0.680305,0.680305,4.407867,2.852345
17,1343,78.857822,146.141744,7.813917,15.161026,1,-1,-1,-1,0.660800,0.660800,3.522958,2.704868
17,1326,169.492147,132.459121,17.352780,8.549753,1,-1,-1,-1,0.657936,0.657936,3.372813,2.701705
17,1325,63.658675,187.716396,7.826879,15.639063,1,-1,-1,-1,0.657936,0.657936,3.372813,2.701705
17,1323,123.737276,130.733562,16.074727,7.465108,1,-1,-1,-1,0.657936,0.657936,3.372813,2.701705
18,1368,-221.326733,-88.705246,15.129474,8.008664,1,-1,-1,-1,0.780933,0.780933,6.225018,2.988460
18,1366,80.181852,-106.960730,8.901239,16.124395,1,-1,-1,-1,0.780933,0.780933,6.225018,2.988460
18,1352,67.853888,-35.264204,8.857702,17.899189,1,-1,-1,-1,0.672667,0.672667,4.079049,2.781005
18,1343,78.767321,154.651875,7.637191,14.978710,1,-1,-1,-1,0.659260,0.659260,3.450197,2.703323
18,1340,11.871055,118.139269,16.720875,8.044389,1,-1,-1,-1,0.659888,0.659888,3.580002,2.835221
18,1326,169.438773,131.866275,17.117445,8.244221,1,-1,-1,-1,0.656986,0.656986,3.320085,2.701638
18,1325,63.609599,187.781328,7.839795,15.620060,1,-1,-1,-1,0.656986,0.656986,3.320085,2.701638
18,1323,123.740186,130.726387,16.075482,7.466118,1,-1,-1,-1,0.656986,0.656986,3.320085,2.701638
19,1371,-163.479895,-32.295263,7.655588,14.498609,1,-1,-1,-1,0.847083,0.847083,7.132717,3.262201
19,1368,-220.794225,-88.418820,14.932269,7.899032,1,-1,-1,-1,0.739812,0.739812,5.560040,2.851250
19,1366,77.236827,-99.971273,10.560968,17.935395,1,-1,-1,-1,0.739812,0.739812,5.560040,2.851250
19,1364,-246.802229,-88.602791,15.327994,8.061536,1,-1,-1,-1,0.729376,0.729376,5.263327,3.080336
19,1352,67.830296,-36.268909,8.753754,17.541494,1,-1,-1,-1,0.668222,0.668222,3.866204,2.743635
19,1350,-8.043757,-97.716815,18.028453,8.655681,1,-1,-1,-1,0.664567,0.664567,3.835004,2.859646
19,1343,78.510497,163.967755,7.585532,14.994820,1,-1,-1,-1,0.658041,0.658041,3.387887,2.702500
19,1340,11.885644,118.438639,16.728507,8.079975,1,-1,-1,-1,0.657172,0.657172,3.424675,2.772070
19,1326,169.544527,132.293830,17.104744,8.309117,1,-1,-1,-1,0.656225,0.656225,3.274518,2.701603
19,1325,63.510547,188.329679,7.920188,15.667552,1,-1,-1,-1,0.656225,0.656225,3.274518,2.701603
19,1323,123.738750,130.727084,16.074315,7.472700,1,-1,-1,-1,0.656225,0.656225,3.274518,2.701603
20,1371,-163.676732,-24.514701,7.579684,14.522374,1,-1,-1,-1,0.780933,0.780933,6.225018,2.988460
20,1368,-221.150082,-88.368689,14.913150,7.855996,1,-1,-1,-1,0.714060,0.714060,5.062690,2.780435
20,1364,-246.862473,-88.368225,15.328015,8.112824,1,-1,-1,-1,0.707945,0.707945,4.782352,2.897897
20,1352,67.860116,-37.196393,8.544103,17.049329,1,-1,-1,-1,0.665010,0.665010,3.715104,2.723905
20,1350,-7.769945,-97.533302,17.929846,8.529693,1,-1,-1,-1,0.660846,0.660846,3.624036,2.784808
20,1343,78.153054,173.281206,7.618104,14.998172,1,-1,-1,-1,0.657070,0.657070,3.334136,2.702062
20,1340,11.691828,118.280726,16.732107,7.986307,1,-1,-1,-1,0.656230,0.656230,3.327854,2.738928
20,1326,169.712996,132.332208,17.046772,8.419226,1,-1,-1,-1,0.655613,0.655613,3.234861,2.701584
20,1325,63.101586,187.952307,7.979125,15.666727,1,-1,-1,-1,0.655613,0.655613,3.234861,2.701584
20,1323,123.738473,130.726173,16.073365,7.477465,1,-1,-1,-1,0.655613,0.655613,3.234861,2.701584
21,1371,-163.910779,-16.390199,7.569429,14.617159,1,-1,-1,-1,0.739812,0.739812,5.560040,2.851250
21,1368,-221.029619,-88.628962,14.967737,7.766242,1,-1,-1,-1,0.697349,0.697349,4.683127,2.743335
21,1364,-247.024398,-88.550001,15.444824,8.036626,1,-1,-1,-1,0.693725,0.693725,4.461877,2.804667
21,1352,68.088057,-36.194103,8.330434,17.011486,1,-1,-1,-1,0.662553,0.662553,3.600571,2.713444
21,1343,77.784362,183.180274,7.623644,15.072701,1,-1,-1,-1,0.656293,0.656293,3.287468,2.701828
21,1340,11.640776,118.398036,16.696600,7.970146,1,-1,-1,-1,0.655617,0.655617,3.262194,2.721412
21,1326,169.862689,132.162840,16.852695,8.396604,1,-1,-1,-1,0.655120,0.655120,3.200116,2.701574
21,1325,63.482741,187.670427,7.965900,15.594181,1,-1,-1,-1,0.655120,0.655120,3.200116,2.701574
21,1323,123.735629,130.724841,16.078513,7.481154,1,-1,-1,-1,0.655120,0.655120,3.200116,2.701574
22,1382,-62.271236,-98.427166,19.528959,8.409482,1,-1,-1,-1,0.847083,0.847083,7.132717,3.262201
22,1381,20.674330,-97.018128,17.780557,7.726461,1,-1,-1,-1,0.847083,0.847083,7.132717,3.262201
22,1371,-164.159734,-7.979486,7.568220,14.698319,1,-1,-1,-1,0.714060,0.714060,5.062690,2.780435
22,1368,-221.443235,-88.384828,15.068568,7.698097,1,-1,-1,-1,0.686065,0.686065,4.388218,2.723746
22,1364,-247.379172,-88.039364,15.798412,8.389767,1,-1,-1,-1,0.683742,0.683742,4.222893,2.756073
22,1352,67.928119,-35.061535,8.451041,17.533945,1,-1,-1,-1,0.660639,0.660639,3.509706,2.707886
22,1343,77.752244,192.392505,7.554985,14.953711,1,-1,-1,-1,0.655668,0.655668,3.246706,2.701704
22,1340,11.763067,118.455826,16.583515,7.989969,1,-1,-1,-1,0.655129,0.655129,3.214147,2.712120
22,1326,169.747118,131.837896,16.671009,8.353428,1,-1,-1,-1,0.654721,0.654721,3.169484,2.701568
22,1325,63.643147,187.754459,7.884773,15.577493,1,-1,-1,-1,0.654721,0.654721,3.169484,2.701568
22,1323,123.738453,130.723723,16.079242,7.483694,1,-1,-1,-1,0.654721,0.654721,3.169484,2.701568
23,1382,-62.974811,-98.496720,19.818508,8.533932,1,-1,-1,-1,0.780933,0.780933,6.225018,2.988460
23,1371,-164.418788,0.747293,7.585221,14.791759,1,-1,-1,-1,0.697349,0.697349,4.683127,2.743335
23,1368,-221.434229,-88.242179,15.304132,7.919574,1,-1,-1,-1,0.678159,0.678159,4.155461,2.713360
23,1364,-247.577987,-88.315504,15.865269,8.335516,1,-1,-1,-1,0.676565,0.676565,4.033795,2.730483
23,1352,67.829569,-36.461624,8.553245,17.109144,1,-1,-1,-1,0.659134,0.659134,3.435311,2.704929
23,1343,77.568093,202.322140,7.453746,14.856272,1,-1,-1,-1,0.655164,0.655164,3.210902,2.701638
23,1340,11.668734,118.434125,16.688750,8.018839,1,-1,-1,-1,0.654732,0.654732,3.176681,2.707182
23,1326,169.757487,131.990558,16.578357,8.323941,1,-1,-1,-1,0.654397,0.654397,3.142321,2.701565
23,1325,63.588464,187.408358,7.829605,15.398462,1,-1,-1,-1,0.654397,0.654397,3.142321,2.701565
23,1323,123.739663,130.721012,16.079259,7.482608,1,-1,-1,-1,0.654397,0.654397,3.142321,2.701565
24,1371,-164.690913,9.815000,7.585259,14.838094,1,-1,-1,-1,0.686065,0.686065,4.388218,2.723746
24,1368,-221.736874,-88.217748,15.551429,7.931814,1,-1,-1,-1,0.672446,0.672446,3.969193,2.707841
24,1364,-247.450504,-88.524792,15.963468,8.301462,1,-1,-1,-1,0.671297,0.671297,3.879507,2.716935
24,1343,77.419803,213.122761,7.493491,14.793347,1,-1,-1,-1,0.654756,0.654756,3.179283,2.701602
24,1340,11.405273,118.701214,16.956061,8.178816,1,-1,-1,-1,0.654407,0.654407,3.146001,2.704554
24,1326,169.934840,132.193963,16.523831,8.377556,1,-1,-1,-1,0.654134,0.654134,3.118101,2.701564
24,1325,63.499931,187.708057,7.845805,15.471031,1,-1,-1,-1,0.654134,0.654134,3.118101,2.701564
24,1323,123.743244,130.711878,16.073025,7.478721,1,-1,-1,-1,0.654134,0.654134,3.118101,2.701564
25,1371,-164.957838,19.008116,7.579242,14.859867,1,-1,-1,-1,0.678159,0.678159,4.155461,2.713360
25,1368,-221.763095,-88.239783,15.495124,7.923320,1,-1,-1,-1,0.668212,0.668212,3.818265,2.704905
25,1340,10.685088,118.638890,17.517684,8.270879,1,-1,-1,-1,0.654143,0.654143,3.119972,2.703156
25,1326,169.775058,132.276676,16.440705,8.335683,1,-1,-1,-1,0.653921,0.653921,3.096395,2.701563
25,1325,63.583923,187.501927,7.845866,15.446936,1,-1,-1,-1,0.653921,0.653921,3.096395,2.701563
25,1323,123.739427,130.719061,16.081011,7.482094,1,-1,-1,-1,0.653921,0.653921,3.096395,2.701563
26,1385,58.150288,126.101937,16.095633,17.015422,1,-1,-1,-1,0.739820,0.739820,5.643614,3.065463
26,1371,-165.215547,27.804440,7.569523,14.865121,1,-1,-1,-1,0.672446,0.672446,3.969193,2.707841
26,1368,-221.390910,-88.477826,15.519812,7.818497,1,-1,-1,-1,0.665009,0.665009,3.694582,2.703342
26,1326,169.712382,132.323705,16.439533,8.393260,1,-1,-1,-1,0.653747,0.653747,3.076849,2.701563
26,1325,63.607901,187.695407,7.848793,15.510170,1,-1,-1,-1,0.653747,0.653747,3.076849,2.701563
26,1323,123.736615,130.721212,16.086765,7.484520,1,-1,-1,-1,0.653747,0.653747,3.076849,2.701563
27,1394,-90.154542,118.110105,16.099076,7.958799,1,-1,-1,-1,0.847083,0.847083,7.132717,3.262201
27,1385,52.269438,128.490155,16.801441,15.867738,1,-1,-1,-1,0.714526,0.714526,5.071875,2.890387
27,1371,-165.460619,36.003582,7.566384,14.887332,1,-1,-1,-1,0.668212,0.668212,3.818265,2.704905
27,1368,-221.437650,-88.580682,15.626844,7.830700,1,-1,-1,-1,0.662548,0.662548,3.592165,2.702510
27,1326,169.800848,132.322977,16.516188,8.458519,1,-1,-1,-1,0.653605,0.653605,3.059169,2.701562
27,1325,63.635886,187.574888,7.818504,15.537604,1,-1,-1,-1,0.653605,0.653605,3.059169,2.701562
27,1323,123.742345,130.719892,16.081885,7.483136,1,-1,-1,-1,0.653605,0.653605,3.059169,2.701562
28,1395,-124.235207,132.117621,15.585121,7.922465,1,-1,-1,-1,0.808479,0.808479,6.225062,3.298778
28,1394,-86.173955,118.140901,15.866340,7.843217,1,-1,-1,-1,0.780933,0.780933,6.225018,2.988460
28,1371,-165.675381,43.439466,7.560606,14.880647,1,-1,-1,-1,0.665009,0.665009,3.694582,2.703342
28,1326,169.875100,132.395211,16.471157,8.507589,1,-1,-1,-1,0.653490,0.653490,3.043111,2.701562
28,1325,63.612474,187.837442,7.842132,15.637850,1,-1,-1,-1,0.653490,0.653490,3.043111,2.701562
28,1323,123.745169,130.721439,16.078722,7.485011,1,-1,-1,-1,0.653490,0.653490,3.043111,2.701562
29,1400,-98.748388,132.039374,18.893456,8.324498,1,-1,-1,-1,0.847083,0.847083,7.132717,3.262201
29,1395,-123.952274,131.994448,15.180884,7.709549,1,-1,-1,-1,0.761768,0.761768,5.587838,3.006395
29,1394,-81.098980,118.319257,15.490373,7.612286,1,-1,-1,-1,0.739812,0.739812,5.560040,2.851250
29,1371,-165.877866,50.158252,7.557962,14.873509,1,-1,-1,-1,0.662548,0.662548,3.592165,2.702510
29,1326,169.881679,132.432444,16.516953,8.557946,1,-1,-1,-1,0.653396,0.653396,3.028469,2.701562
29,1325,63.607497,187.565647,7.823428,15.569429,1,-1,-1,-1,0.653396,0.653396,3.028469,2.701562
29,1323,123.739395,130.719730,16.084654,7.483740,1,-1,-1,-1,0.653396,0.653396,3.028469,2.701562
30,1403,8.552784,-83.042984,16.205006,7.726927,1,-1,-1,-1,0.847083,0.847083,7.132717,3.262201
30,1400,-98.983957,132.306432,18.179386,8.201581,1,-1,-1,-1,0.780933,0.780933,6.225018,2.988460
30,1395,-123.669242,132.324776,15.219111,7.798618,1,-1,-1,-1,0.729260,0.729260,5.118443,2.860404
30,1394,-77.303925,118.769951,15.879176,7.818177,1,-1,-1,-1,0.714060,0.714060,5.062690,2.780435
30,1371,-166.065985,56.199062,7.569327,14.905386,1,-1,-1,-1,0.660633,0.660633,3.506534,2.702067
30,1326,169.959038,132.261838,16.541232,8.514043,1,-1,-1,-1,0.653319,0.653319,3.015070,2.701562
30,1325,63.701676,187.611890,7.813504,15.551601,1,-1,-1,-1,0.653319,0.653319,3.015070,2.701562
30,1323,123.739019,130.712828,16.083253,7.482663,1,-1,-1,-1,0.653319,0.653319,3.015070,2.701562
31,1405,-7.983872,-97.179364,18.179096,8.757264,1,-1,-1,-1,0.847083,0.847083,7.132717,3.262201
31,1403,0.094761,-82.997360,17.142851,8.187721,1,-1,-1,-1,0.780933,0.780933,6.225018,2.988460
31,1400,-98.920193,132.420817,18.646430,8.309511,1,-1,-1,-1,0.739812,0.739812,5.560040,2.851250
31,1395,-123.859296,132.160603,15.254965,7.894341,1,-1,-1,-1,0.707694,0.707694,4.751699,2.785203
31,1394,-73.697734,118.696391,15.770991,7.790832,1,-1,-1,-1,0.697349,0.697349,4.683127,2.743335
31,1371,-166.223625,61.444185,7.574629,14.917366,1,-1,-1,-1,0.659128,0.659128,3.434287,2.701831
31,1326,169.884468,132.204503,16.503047,8.520870,1,-1,-1,-1,0.653256,0.653256,3.002767,2.701562
31,1325,63.647924,187.584730,7.805488,15.504396,1,-1,-1,-1,0.653256,0.653256,3.002767,2.701562
31,1323,123.734421,130.716890,16.085094,7.481952,1,-1,-1,-1,0.653256,0.653256,3.002767,2.701562
32,1405,-8.514990,-97.223468,18.165723,8.730096,1,-1,-1,-1,0.780933,0.780933,6.225018,2.988460
32,1400,-98.723659,132.449347,18.782501,8.368805,1,-1,-1,-1,0.714060,0.714060,5.062690,2.780435
32,1395,-124.050833,132.223409,15.300501,7.935755,1,-1,-1,-1,0.693227,0.693227,4.458919,2.745845
32,1394,-70.220505,118.346165,15.772095,7.780439,1,-1,-1,-1,0.686065,0.686065,4.388218,2.723746
32,1371,-166.361169,65.941139,7.579346,14.925102,1,-1,-1,-1,0.657936,0.657936,3.372813,2.701705
32,1326,169.929592,132.005259,16.537165,8.519149,1,-1,-1,-1,0.653205,0.653205,2.991436,2.701562
32,1325,63.633263,187.640832,7.797057,15.478493,1,-1,-1,-1,0.653205,0.653205,2.991436,2.701562
32,1323,123.734201,130.718528,16.089283,7.481499,1,-1,-1,-1,0.653205,0.653205,2.991436,2.701562
33,1412,11.257143,118.508182,16.944587,8.243053,1,-1,-1,-1,0.808479,0.808479,6.225062,3.298778
33,1405,-8.006523,-97.347000,17.812486,8.446684,1,-1,-1,-1,0.739812,0.739812,5.560040,2.851250
33,1400,-98.604311,132.443318,18.045118,8.133300,1,-1,-1,-1,0.697349,0.697349,4.683127,2.743335
33,1395,-124.182184,132.421429,15.786720,8.243220,1,-1,-1,-1,0.683248,0.683248,4.222594,2.725074
33,1394,-67.069646,118.950376,15.860530,7.805785,1,-1,-1,-1,0.678159,0.678159,4.155461,2.713360
33,1371,-166.478713,69.724121,7.584421,14.944659,1,-1,-1,-1,0.656986,0.656986,3.320085,2.701638
33,1326,169.999415,131.994482,16.379103,8.409088,1,-1,-1,-1,0.653163,0.653163,2.980969,2.701562
33,1325,63.658451,187.645034,7.777913,15.503564,1,-1,-1,-1,0.653163,0.653163,2.980969,2.701562
33,1323,123.729554,130.721138,16.086950,7.483874,1,-1,-1,-1,0.653163,0.653163,2.980969,2.701562
34,1412,11.131817,118.295250,17.061909,8.239917,1,-1,-1,-1,0.761768,0.761768,5.587838,3.006395
34,1405,-8.546565,-97.498960,17.510006,8.279703,1,-1,-1,-1,0.714060,0.714060,5.062690,2.780435
34,1400,-98.500809,132.378113,17.683809,8.116393,1,-1,-1,-1,0.686065,0.686065,4.388218,2.723746
34,1395,-124.138781,132.352704,15.740291,8.150064,1,-1,-1,-1,0.676155,0.676155,4.030254,2.714065
34,1394,-64.295038,118.559944,15.697374,7.787862,1,-1,-1,-1,0.672446,0.672446,3.969193,2.707841
34,1371,-166.570633,72.744085,7.585413,14.950857,1,-1,-1,-1,0.656225,0.656225,3.274518,2.701603
34,1326,170.022644,132.100821,16.357852,8.350385,1,-1,-1,-1,0.653129,0.653129,2.971273,2.701562
34,1325,63.694095,187.641823,7.757543,15.490499,1,-1,-1,-1,0.653129,0.653129,2.971273,2.701562
34,1323,123.732338,130.709574,16.090054,7.477210,1,-1,-1,-1,0.653129,0.653129,2.971273,2.701562
35,1417,-174.566553,-179.510541,10.817970,21.076522,1,-1,-1,-1,0.808479,0.808479,6.225062,3.298778
35,1412,10.998675,118.235532,17.104655,8.119423,1,-1,-1,-1,0.729260,0.729260,5.118443,2.860404
35,1405,-8.521783,-97.459690,17.587426,8.327970,1,-1,-1,-1,0.697349,0.697349,4.683127,2.743335
35,1400,-98.523259,132.308674,17.551391,8.043069,1,-1,-1,-1,0.678159,0.678159,4.155461,2.713360
35,1395,-123.917815,132.423782,16.036075,8.321095,1,-1,-1,-1,0.670976,0.670976,3.872512,2.708216
35,1394,-62.133018,118.806291,15.478323,7.847194,1,-1,-1,-1,0.668212,0.668212,3.818265,2.704905
35,1371,-166.641235,75.037828,7.593460,14.969963,1,-1,-1,-1,0.655613,0.655613,3.234861,2.701584
35,1326,169.943267,132.049055,16.362481,8.311248,1,-1,-1,-1,0.653101,0.653101,2.962268,2.701562
35,1325,63.677010,187.676073,7.771624,15.506428,1,-1,-1,-1,0.653101,0.653101,2.962268,2.701562
35,1323,123.722233,130.722951,16.107053,7.478339,1,-1,-1,-1,0.653101,0.653101,2.962268,2.701562
36,1424,-160.777665,-133.912973,8.666760,18.146253,1,-1,-1,-1,0.847083,0.847083,7.132717,3.262201
36,1417,-174.630318,-179.216139,10.844464,21.014953,1,-1,-1,-1,0.761768,0.761768,5.587838,3.006395
36,1412,11.331698,118.429798,16.839948,8.114674,1,-1,-1,-1,0.707694,0.707694,4.751699,2.785203
36,1405,-8.766298,-97.540673,16.925177,8.103572,1,-1,-1,-1,0.686065,0.686065,4.388218,2.723746
36,1400,-98.581922,132.191863,16.993300,8.034865,1,-1,-1,-1,0.672446,0.672446,3.969193,2.707841
36,1395,-124.027828,132.173549,16.261021,8.321437,1,-1,-1,-1,0.667107,0.667107,3.742165,2.705105
36,1394,-59.527927,118.402234,15.341622,7.754221,1,-1,-1,-1,0.665009,0.665009,3.694582,2.703342
36,1371,-166.686067,76.598118,7.594000,14.983964,1,-1,-1,-1,0.655120,0.655120,3.200116,2.701574
36,1326,170.090390,132.125611,16.322987,8.307590,1,-1,-1,-1,0.653078,0.653078,2.953887,2.701562
36,1325,63.640839,187.601164,7.790359,15.518773,1,-1,-1,-1,0.653078,0.653078,2.953887,2.701562
36,1323,123.728476,130.723382,16.099893,7.481551,1,-1,-1,-1,0.653078,0.653078,2.953887,2.701562
37,1424,-160.485651,-134.056154,8.503761,17.866735,1,-1,-1,-1,0.780933,0.780933,6.225018,2.988460
37,1417,-174.873744,-179.050706,11.080307,21.203293,1,-1,-1,-1,0.729260,0.729260,5.118443,2.860404
37,1412,11.181178,118.190360,16.870049,7.999300,1,-1,-1,-1,0.693227,0.693227,4.458919,2.745845
37,1405,-8.375248,-97.211544,17.738748,8.523888,1,-1,-1,-1,0.678159,0.678159,4.155461,2.713360
37,1400,-98.409908,132.492666,17.718063,8.270562,1,-1,-1,-1,0.668212,0.668212,3.818265,2.704905
37,1395,-123.884441,132.188803,16.449294,8.300278,1,-1,-1,-1,0.664165,0.664165,3.633636,2.703449
37,1394,-57.424708,118.240361,15.254199,7.697074,1,-1,-1,-1,0.662548,0.662548,3.592165,2.702510
37,1371,-166.710134,77.416519,7.594860,14.992440,1,-1,-1,-1,0.654721,0.654721,3.169484,2.701568
37,1326,169.930387,132.462710,16.367175,8.376928,1,-1,-1,-1,0.653059,0.653059,2.946067,2.701562
37,1325,63.594797,187.591949,7.809707,15.531025,1,-1,-1,-1,0.653059,0.653059,2.946067,2.701562
37,1323,123.725711,130.721111,16.094396,7.481075,1,-1,-1,-1,0.653059,0.653059,2.946067,2.701562
38,1433,-59.774787,-84.610752,16.312128,8.132075,1,-1,-1,-1,0.847083,0.847083,7.132717,3.262201
38,1426,-35.585431,-98.145951,17.929116,8.352298,1,-1,-1,-1,0.739820,0.739820,5.643614,3.065463
38,1424,-160.619386,-134.154206,8.600531,17.992609,1,-1,-1,-1,0.739812,0.739812,5.560040,2.851250
38,1417,-174.588033,-179.490146,10.828916,20.884310,1,-1,-1,-1,0.707694,0.707694,4.751699,2.785203
38,1412,11.212059,118.650994,16.970417,8.239266,1,-1,-1,-1,0.683248,0.683248,4.222594,2.725074
38,1405,-8.154132,-97.390619,17.785929,8.544790,1,-1,-1,-1,0.672446,0.672446,3.969193,2.707841
38,1400,-98.135519,132.739684,17.931279,8.452204,1,-1,-1,-1,0.665009,0.665009,3.694582,2.703342
38,1395,-123.833512,132.126324,16.672974,8.242509,1,-1,-1,-1,0.661894,0.661894,3.542591,2.702567
38,1394,-55.070616,118.182699,15.252312,7.689298,1,-1,-1,-1,0.660633,0.660633,3.506534,2.702067
38,1371,-166.708891,77.566381,7.592643,14.987578,1,-1,-1,-1,0.654397,0.654397,3.142321,2.701565
38,1326,169.863069,132.020666,16.324959,8.321852,1,-1,-1,-1,0.653044,0.653044,2.938756,2.701562
38,1325,63.652153,187.525335,7.771927,15.479557,1,-1,-1,-1,0.653044,0.653044,2.938756,2.701562
38,1323,123.733123,130.720397,16.081934,7.480567,1,-1,-1,-1,0.653044,0.653044,2.938756,2.701562
39,1438,-220.376744,-101.710816,16.737724,8.132875,1,-1,-1,-1,0.847083,0.847083,7.132717,3.262201
39,1436,-221.434419,-88.153197,15.578410,8.283773,1,-1,-1,-1,0.808479,0.808479,6.225062,3.298778
39,1434,-88.297518,-99.428354,17.997589,8.430633,1,-1,-1,-1,0.808479,0.808479,6.225062,3.298778
39,1433,-66.615872,-85.147770,15.411809,7.746608,1,-1,-1,-1,0.780933,0.780933,6.225018,2.988460
39,1426,-36.061601,-97.819677,18.311717,8.566246,1,-1,-1,-1,0.714526,0.714526,5.071875,2.890387
39,1424,-160.605811,-134.241058,8.571528,18.112451,1,-1,-1,-1,0.714060,0.714060,5.062690,2.780435
39,1417,-174.161510,-179.169612,10.958273,20.732559,1,-1,-1,-1,0.693227,0.693227,4.458919,2.745845
39,1412,11.054144,118.337082,17.171321,8.092089,1,-1,-1,-1,0.676155,0.676155,4.030254,2.714065
39,1405,-7.782877,-97.135357,17.978696,8.617062,1,-1,-1,-1,0.668212,0.668212,3.818265,2.704905
39,1400,-98.273770,132.558757,18.319797,8.536930,1,-1,-1,-1,0.662548,0.662548,3.592165,2.702510
39,1395,-124.009029,132.261717,16.882952,8.305102,1,-1,-1,-1,0.660120,0.660120,3.465641,2.702097
39,1394,-53.260740,118.136942,15.456818,7.636984,1,-1,-1,-1,0.659128,0.659128,3.434287,2.701831
39,1371,-166.709682,77.466052,7.591828,14.990986,1,-1,-1,-1,0.654134,0.654134,3.118101,2.701564
39,1326,169.866981,132.304446,16.426718,8.403239,1,-1,-1,-1,0.653031,0.653031,2.931907,2.701562
39,1325,63.614443,187.663488,7.804790,15.506074,1,-1,-1,-1,0.653031,0.653031,2.931907,2.701562
39,1323,123.726977,130.724664,16.095153,7.477812,1,-1,-1,-1,0.653031,0.653031,2.931907,2.701562
40,1438,-220.314114,-101.691939,16.535927,8.035443,1,-1,-1,-1,0.780933,0.780933,6.225018,2.988460
40,1434,-89.607612,-99.352101,17.728203,8.305368,1,-1,-1,-1,0.761768,0.761768,5.587838,3.006395
40,1433,-72.552609,-85.469621,15.414751,7.719397,1,-1,-1,-1,0.739812,0.739812,5.560040,2.851250
40,1426,-35.859367,-97.950932,18.648264,8.659223,1,-1,-1,-1,0.698056,0.698056,4.683243,2.800777
40,1424,-160.776121,-134.026617,8.758180,18.478499,1,-1,-1,-1,0.697349,0.697349,4.683127,2.743335
40,1417,-174.668080,-178.508936,11.627175,21.364781,1,-1,-1,-1,0.683248,0.683248,4.222594,2.725074
40,1412,11.024382,118.525841,17.249365,8.171157,1,-1,-1,-1,0.670976,0.670976,3.872512,2.708216
40,1405,-8.058544,-96.979414,17.816376,8.629442,1,-1,-1,-1,0.665009,0.665009,3.694582,2.703342
40,1400,-98.550188,132.464402,18.442132,8.527060,1,-1,-1,-1,0.660633,0.660633,3.506534,2.702067
40,1395,-124.058903,132.170536,16.798427,8.276703,1,-1,-1,-1,0.658723,0.658723,3.400126,2.701847
40,1394,-51.387637,118.360313,15.555094,7.631161,1,-1,-1,-1,0.657936,0.657936,3.372813,2.701705
40,1371,-166.705307,77.275402,7.591731,14.994457,1,-1,-1,-1,0.653921,0.653921,3.096395,2.701563
40,1326,169.799645,132.368744,16.479428,8.456205,1,-1,-1,-1,0.653021,0.653021,2.925479,2.701562
40,1325,63.644094,187.653583,7.814217,15.504258,1,-1,-1,-1,0.653021,0.653021,2.925479,2.701562
40,1323,123.735340,130.722266,16.085332,7.478251,1,-1,-1,-1,0.653021,0.653021,2.925479,2.701562
41,1433,-78.508771,-85.135535,15.819511,7.918658,1,-1,-1,-1,0.714060,0.714060,5.062690,2.780435
41,1424,-160.803754,-134.030576,8.703750,18.469899,1,-1,-1,-1,0.686065,0.686065,4.388218,2.723746
41,1412,11.033317,118.171643,17.185977,8.029932,1,-1,-1,-1,0.667107,0.667107,3.742165,2.705105
41,1400,-98.516679,132.551369,18.704481,8.633593,1,-1,-1,-1,0.659128,0.659128,3.434287,2.701831
41,1395,-123.970474,132.167041,16.935360,8.249244,1,-1,-1,-1,0.657614,0.657614,3.343948,2.701714
41,1394,-49.744066,118.732607,15.683512,7.704830,1,-1,-1,-1,0.656986,0.656986,3.320085,2.701638
41,1371,-166.699486,77.057060,7.592011,14.995000,1,-1,-1,-1,0.653747,0.653747,3.076849,2.701563
41,1326,169.826911,132.303641,16.485594,8.452066,1,-1,-1,-1,0.653013,0.653013,2.919436,2.701562
41,1325,63.651560,187.429010,7.805760,15.422814,1,-1,-1,-1,0.653013,0.653013,2.919436,2.701562
41,1323,123.732750,130.721188,16.086611,7.478732,1,-1,-1,-1,0.653013,0.653013,2.919436,2.701562
42,1433,-85.028339,-84.352810,16.662230,8.274809,1,-1,-1,-1,0.697349,0.697349,4.683127,2.743335
42,1424,-161.117382,-133.975478,9.285664,18.914762,1,-1,-1,-1,0.678159,0.678159,4.155461,2.713360
42,1412,11.207813,118.163983,16.933682,7.914046,1,-1,-1,-1,0.664165,0.664165,3.633636,2.703449
42,1400,-98.524405,132.708735,18.987101,8.700547,1,-1,-1,-1,0.657936,0.657936,3.372813,2.701705
42,1395,-124.086797,132.084104,16.842465,8.178515,1,-1,-1,-1,0.656728,0.656728,3.295443,2.701643
42,1394,-48.688663,118.751392,15.759552,7.759210,1,-1,-1,-1,0.656225,0.656225,3.274518,2.701603
42,1371,-166.693644,76.850645,7.592641,14.996234,1,-1,-1,-1,0.653605,0.653605,3.059169,2.701562
42,1326,169.913437,132.246304,16.525368,8.429966,1,-1,-1,-1,0.653006,0.653006,2.913746,2.701562
42,1325,63.701570,187.354668,7.760292,15.364304,1,-1,-1,-1,0.653006,0.653006,2.913746,2.701562
42,1323,123.733407,130.720664,16.090351,7.479132,1,-1,-1,-1,0.653006,0.653006,2.913746,2.701562
43,1433,-92.006486,-84.068397,17.568527,8.715282,1,-1,-1,-1,0.686065,0.686065,4.388218,2.723746
43,1424,-161.612984,-134.074702,9.528973,19.015562,1,-1,-1,-1,0.672446,0.672446,3.969193,2.707841
43,1412,11.333263,118.201986,16.792571,7.851695,1,-1,-1,-1,0.661894,0.661894,3.542591,2.702567
43,1400,-98.532515,132.568777,19.094932,8.696043,1,-1,-1,-1,0.656986,0.656986,3.320085,2.701638
43,1395,-124.513869,132.306394,16.821719,8.254659,1,-1,-1,-1,0.656018,0.656018,3.253283,2.701605
43,1394,-47.656167,119.126272,15.814920,7.926694,1,-1,-1,-1,0.655613,0.655613,3.234861,2.701584
43,1371,-166.688220,76.660847,7.593490,14.997906,1,-1,-1,-1,0.653490,0.653490,3.043111,2.701562
43,1326,169.863450,132.318613,16.549413,8.422389,1,-1,-1,-1,0.653000,0.653000,2.908379,2.701562
43,1325,63.655269,187.543765,7.755851,15.359852,1,-1,-1,-1,0.653000,0.653000,2.908379,2.701562
43,1323,123.728448,130.725040,16.095658,7.476660,1,-1,-1,-1,0.653000,0.653000,2.908379,2.701562
44,1433,-97.899591,-85.177839,17.530228,8.571566,1,-1,-1,-1,0.678159,0.678159,4.155461,2.713360
44,1424,-162.026183,-134.203846,9.739538,19.277955,1,-1,-1,-1,0.668212,0.668212,3.818265,2.704905
44,1412,11.511682,118.054989,16.787469,7.771174,1,-1,-1,-1,0.660120,0.660120,3.465641,2.702097
44,1400,-98.894795,132.022172,18.420421,8.446157,1,-1,-1,-1,0.656225,0.656225,3.274518,2.701603
44,1395,-125.075308,132.458563,16.825245,8.304632,1,-1,-1,-1,0.655447,0.655447,3.216405,2.701585
44,1394,-46.748041,119.121143,15.935570,8.051239,1,-1,-1,-1,0.655120,0.655120,3.200116,2.701574
44,1371,-166.678624,76.488401,7.591605,14.999489,1,-1,-1,-1,0.653396,0.653396,3.028469,2.701562
44,1326,169.974122,132.342030,16.553661,8.486027,1,-1,-1,-1,0.652996,0.652996,2.903309,2.701562
44,1325,63.622463,187.758210,7.790994,15.446569,1,-1,-1,-1,0.652996,0.652996,2.903309,2.701562
44,1323,123.718888,130.737383,16.099969,7.480464,1,-1,-1,-1,0.652996,0.652996,2.903309,2.701562
45,1444,-51.705453,132.028294,18.407824,8.324696,1,-1,-1,-1,0.715357,0.715357,5.235760,2.953529
45,1433,-103.194534,-85.659172,16.402294,8.214277,1,-1,-1,-1,0.672446,0.672446,3.969193,2.707841
45,1412,11.080557,118.484241,17.050501,7.927562,1,-1,-1,-1,0.658723,0.658723,3.400126,2.701847
45,1400,-99.263576,131.983456,17.906212,8.311065,1,-1,-1,-1,0.655613,0.655613,3.234861,2.701584
45,1395,-125.913244,132.374194,16.755829,8.311239,1,-1,-1,-1,0.654985,0.654985,3.183951,2.701574
45,1371,-166.676626,76.330187,7.593348,14.998802,1,-1,-1,-1,0.653319,0.653319,3.015070,2.701562
45,1326,169.967102,132.389591,16.574583,8.549720,1,-1,-1,-1,0.652992,0.652992,2.898514,2.701562
45,1325,63.629053,187.772967,7.825073,15.521471,1,-1,-1,-1,0.652992,0.652992,2.898514,2.701562
45,1323,123.718263,130.734965,16.089093,7.482997,1,-1,-1,-1,0.652992,0.652992,2.898514,2.701562
46,1433,-108.298757,-85.312819,15.970049,8.208605,1,-1,-1,-1,0.668212,0.668212,3.818265,2.704905
46,1412,11.722030,118.377791,16.711352,7.868355,1,-1,-1,-1,0.657614,0.657614,3.343948,2.701714
46,1400,-99.660880,132.464489,18.217130,8.451336,1,-1,-1,-1,0.655120,0.655120,3.200116,2.701574
46,1395,-127.613475,132.161086,16.954526,8.294469,1,-1,-1,-1,0.654611,0.654611,3.155226,2.701569
46,1371,-166.673759,76.188608,7.594934,14.998923,1,-1,-1,-1,0.653256,0.653256,3.002767,2.701562
46,1326,170.124018,132.207557,16.510758,8.594355,1,-1,-1,-1,0.652989,0.652989,2.893973,2.701562
46,1325,63.600489,187.832707,7.841412,15.577861,1,-1,-1,-1,0.652989,0.652989,2.893973,2.701562
46,1323,123.697575,130.733347,16.106340,7.485261,1,-1,-1,-1,0.652989,0.652989,2.893973,2.701562
47,1433,-112.759995,-85.474363,15.782383,8.100634,1,-1,-1,-1,0.665009,0.665009,3.694582,2.703342
47,1412,11.543010,118.173172,16.709801,7.820350,1,-1,-1,-1,0.656728,0.656728,3.295443,2.701643
47,1400,-100.931578,132.583041,18.407712,8.522737,1,-1,-1,-1,0.654721,0.654721,3.169484,2.701568
47,1395,-129.383617,131.781091,16.742225,8.146372,1,-1,-1,-1,0.654308,0.654308,3.129663,2.701566
47,1371,-166.664277,76.062982,7.596465,15.002437,1,-1,-1,-1,0.653205,0.653205,2.991436,2.701562
47,1326,170.052299,132.231614,16.558728,8.587475,1,-1,-1,-1,0.652986,0.652986,2.889667,2.701562
47,1325,63.598638,187.648840,7.829640,15.547527,1,-1,-1,-1,0.652986,0.652986,2.889667,2.701562
47,1323,123.697128,130.724017,16.104715,7.483880,1,-1,-1,-1,0.652986,0.652986,2.889667,2.701562
48,1457,-223.484900,-100.389100,20.613657,10.318005,1,-1,-1,-1,0.847083,0.847083,7.132717,3.262201
48,1433,-116.701013,-85.431500,15.485239,8.066123,1,-1,-1,-1,0.662548,0.662548,3.592165,2.702510
48,1412,11.651688,118.247563,16.492289,7.768969,1,-1,-1,-1,0.656018,0.656018,3.253283,2.701605
48,1400,-101.777704,132.611260,18.321976,8.550003,1,-1,-1,-1,0.654397,0.654397,3.142321,2.701565
48,1395,-131.489241,131.475418,16.583521,8.133435,1,-1,-1,-1,0.654062,0.654062,3.106798,2.701564
48,1371,-166.658988,75.948114,7.597851,15.005533,1,-1,-1,-1,0.653163,0.653163,2.980969,2.701562
48,1326,169.908974,132.482190,16.716509,8.702515,1,-1,-1,-1,0.652984,0.652984,2.885579,2.701562
48,1325,63.621539,187.527843,7.823770,15.519988,1,-1,-1,-1,0.652984,0.652984,2.885579,2.701562
48,1323,123.729830,130.722866,16.064616,7.485054,1,-1,-1,-1,0.652984,0.652984,2.885579,2.701562
49,1433,-120.366190,-85.508293,15.513229,8.160655,1,-1,-1,-1,0.660633,0.660633,3.506534,2.702067
49,1412,11.659252,118.219071,16.528568,7.746880,1,-1,-1,-1,0.655447,0.655447,3.216405,2.701585
49,1400,-102.825358,132.814537,18.450127,8.658122,1,-1,-1,-1,0.654134,0.654134,3.118101,2.701564
49,1395,-133.694539,131.343448,16.381253,8.098812,1,-1,-1,-1,0.653862,0.653862,3.086246,2.701563
49,1371,-166.661966,75.841977,7.599041,15.005454,1,-1,-1,-1,0.653129,0.653129,2.971273,2.701562
49,1326,169.779781,132.468988,16.755424,8.700591,1,-1,-1,-1,0.652983,0.652983,2.881694,2.701562
49,1325,63.607382,187.964847,7.867304,15.653935,1,-1,-1,-1,0.652983,0.652983,2.881694,2.701562
49,1323,123.754903,130.728673,16.043767,7.486063,1,-1,-1,-1,0.652983,0.652983,2.881694,2.701562
50,1433,-123.113212,-85.227360,15.595564,8.301533,1,-1,-1,-1,0.659128,0.659128,3.434287,2.701831
50,1412,12.059081,118.226414,16.343480,7.697437,1,-1,-1,-1,0.654985,0.654985,3.183951,2.701574
50,1400,-104.742631,132.693661,18.615528,8.707394,1,-1,-1,-1,0.653921,0.653921,3.096395,2.701563
50,1395,-136.389609,131.262200,16.312588,8.146245,1,-1,-1,-1,0.653699,0.653699,3.067692,2.701563
50,1371,-166.642206,75.757580,7.600295,15.011538,1,-1,-1,-1,0.653101,0.653101,2.962268,2.701562
50,1326,169.759921,132.188818,16.835688,8.680146,1,-1,-1,-1,0.652981,0.652981,2.877997,2.701562
50,1325,63.702521,187.593703,8.054974,15.609357,1,-1,-1,-1,0.652981,0.652981,2.877997,2.701562
50,1323,123.741183,130.721936,16.075812,7.484715,1,-1,-1,-1,0.652981,0.652981,2.877997,2.701562
51,1433,-124.811961,-86.110846,15.671349,8.101606,1,-1,-1,-1,0.657936,0.657936,3.372813,2.701705
51,1412,11.981323,118.353549,16.389711,7.713240,1,-1,-1,-1,0.654611,0.654611,3.155226,2.701569
51,1400,-106.509642,132.564748,18.567550,8.759147,1,-1,-1,-1,0.653747,0.653747,3.076849,2.701563
51,1395,-139.280000,131.204596,16.070300,8.222747,1,-1,-1,-1,0.653566,0.653566,3.050869,2.701562
51,1371,-166.404900,75.666966,7.601360,15.013584,1,-1,-1,-1,0.653078,0.653078,2.953887,2.701562
51,1326,169.544135,132.304409,16.923631,8.730315,1,-1,-1,-1,0.652980,0.652980,2.874476,2.701562
51,1325,63.601495,187.799525,8.328138,15.831506,1,-1,-1,-1,0.652980,0.652980,2.874476,2.701562
51,1323,123.720299,130.722318,16.112755,7.478302,1,-1,-1,-1,0.652980,0.652980,2.874476,2.701562
52,1433,-125.590660,-85.962081,15.672820,8.065026,1,-1,-1,-1,0.656986,0.656986,3.320085,2.701638
52,1412,12.622035,118.206071,16.235505,7.686558,1,-1,-1,-1,0.654308,0.654308,3.129663,2.701566
52,1400,-107.944941,132.693165,18.636648,8.769056,1,-1,-1,-1,0.653605,0.653605,3.059169,2.701562
52,1395,-142.084261,131.572381,16.251442,8.614239,1,-1,-1,-1,0.653458,0.653458,3.035556,2.701562
52,1371,-165.824310,75.589637,7.602416,15.018319,1,-1,-1,-1,0.653059,0.653059,2.946067,2.701562
52,1326,170.469316,131.839278,16.810826,8.559089,1,-1,-1,-1,0.652979,0.652979,2.871119,2.701562
52,1325,63.843011,188.132270,8.471634,15.686733,1,-1,-1,-1,0.652979,0.652979,2.871119,2.701562
52,1323,123.689916,130.733668,16.165121,7.479588,1,-1,-1,-1,0.652979,0.652979,2.871119,2.701562
53,1466,-243.715743,-90.797435,16.050556,8.287735,1,-1,-1,-1,0.847083,0.847083,7.132717,3.262201
53,1465,-217.579628,-90.635760,15.323236,8.028613,1,-1,-1,-1,0.847083,0.847083,7.132717,3.262201
53,1412,13.249276,117.504388,16.575582,7.680572,1,-1,-1,-1,0.654062,0.654062,3.106798,2.701564
53,1400,-109.644154,131.153882,18.863274,8.745379,1,-1,-1,-1,0.653490,0.653490,3.043111,2.701562
53,1395,-144.518238,129.644467,16.321442,8.830135,1,-1,-1,-1,0.653370,0.653370,3.021566,2.701562
53,1371,-164.522493,73.872798,7.640321,15.036880,1,-1,-1,-1,0.653044,0.653044,2.938756,2.701562
53,1326,170.930241,131.921449,17.102389,8.375612,1,-1,-1,-1,0.652978,0.652978,2.867916,2.701562
53,1325,64.624161,187.674436,8.320516,15.668103,1,-1,-1,-1,0.652978,0.652978,2.867916,2.701562
53,1323,123.680234,130.748043,16.200867,7.486051,1,-1,-1,-1,0.652978,0.652978,2.867916,2.701562
54,1325,64.347843,185.640687,8.313698,15.689829,1,-1,-1,-1,0.652978,0.652978,2.864857,2.701562
54,1323,123.673397,130.725440,16.201145,7.479232,1,-1,-1,-1,0.652978,0.652978,2.864857,2.701562
55,1325,62.306193,182.931989,8.691837,15.932906,1,-1,-1,-1,0.652977,0.652977,2.861934,2.701562
55,1323,123.687735,130.704185,16.167354,7.462734,1,-1,-1,-1,0.652977,0.652977,2.861934,2.701562
56,1325,61.805212,181.468183,8.940573,15.928285,1,-1,-1,-1,0.652977,0.652977,2.859137,2.701562
56,1323,123.696317,130.699019,16.148249,7.450757,1,-1,-1,-1,0.652977,0.652977,2.859137,2.701562
57,1489,170.335240,135.658385,19.479037,10.144495,1,-1,-1,-1,0.847083,0.847083,7.132717,3.262201
57,1325,63.475257,183.049637,8.717432,15.990628,1,-1,-1,-1,0.652977,0.652977,2.856459,2.701562
57,1323,123.696461,130.705674,16.153765,7.442248,1,-1,-1,-1,0.652977,0.652977,2.856459,2.701562
58,1489,170.760332,131.851546,18.618097,9.161481,1,-1,-1,-1,0.780933,0.780933,6.225018,2.988460
58,1325,65.380453,184.683544,8.516807,15.913355,1,-1,-1,-1,0.652976,0.652976,2.853893,2.701562
58,1323,123.722574,130.699775,16.110278,7.429969,1,-1,-1,-1,0.652976,0.652976,2.853893,2.701562
59,1489,171.299110,130.546664,18.088018,8.654571,1,-1,-1,-1,0.739812,0.739812,5.560040,2.851250
59,1325,66.780093,185.718314,8.270094,15.807845,1,-1,-1,-1,0.652976,0.652976,2.851434,2.701562
59,1323,123.740748,130.712026,16.070701,7.429201,1,-1,-1,-1,0.652976,0.652976,2.851434,2.701562
60,1489,171.756110,130.315989,17.962574,8.409815,1,-1,-1,-1,0.714060,0.714060,5.062690,2.780435
60,1325,67.796730,186.344266,8.118167,15.784020,1,-1,-1,-1,0.652976,0.652976,2.849075,2.701562
60,1323,123.747343,130.704687,16.049733,7.420451,1,-1,-1,-1,0.652976,0.652976,2.849075,2.701562
61,1524,-61.080449,131.166616,18.673213,8.348184,1,-1,-1,-1,0.847083,0.847083,7.132717,3.262201
61,1522,-172.993804,114.232122,15.945117,16.545178,1,-1,-1,-1,0.847083,0.847083,7.132717,3.262201
61,1519,-119.779587,-86.975409,16.708424,8.179546,1,-1,-1,-1,0.847083,0.847083,7.132717,3.262201
61,1517,-160.621906,73.864722,7.622796,14.974459,1,-1,-1,-1,0.847083,0.847083,7.132717,3.262201
61,1489,172.585047,130.370023,18.017208,8.309491,1,-1,-1,-1,0.697349,0.697349,4.683127,2.743335
61,1325,69.013918,186.510359,8.042893,15.716081,1,-1,-1,-1,0.652976,0.652976,2.846809,2.701562
61,1323,123.760925,130.703566,16.026139,7.413985,1,-1,-1,-1,0.652976,0.652976,2.846809,2.701562
62,1531,-213.326040,-89.469658,15.553070,8.013470,1,-1,-1,-1,0.847083,0.847083,7.132717,3.262201
62,1530,19.174272,117.067461,16.773253,7.730668,1,-1,-1,-1,0.847083,0.847083,7.132717,3.262201
62,1529,-141.556695,131.069202,18.315821,8.303678,1,-1,-1,-1,0.847083,0.847083,7.132717,3.262201
62,1524,-60.964418,131.260690,17.355914,8.005956,1,-1,-1,-1,0.780933,0.780933,6.225018,2.988460
62,1522,-173.246162,111.644443,14.849199,17.432430,1,-1,-1,-1,0.780933,0.780933,6.225018,2.988460
62,1519,-118.053628,-87.396588,16.181776,7.852530,1,-1,-1,-1,0.780933,0.780933,6.225018,2.988460
62,1517,-159.148078,73.827418,7.613754,14.980802,1,-1,-1,-1,0.780933,0.780933,6.225018,2.988460
62,1489,173.649895,130.530369,18.027994,8.260123,1,-1,-1,-1,0.686065,0.686065,4.388218,2.723746
62,1325,70.578056,186.420800,7.829483,15.595253,1,-1,-1,-1,0.652976,0.652976,2.844634,2.701562
62,1323,123.747025,130.704186,16.042237,7.409657,1,-1,-1,-1,0.652976,0.652976,2.844634,2.701562
63,1531,-211.798449,-89.422270,15.563371,8.063026,1,-1,-1,-1,0.780933,0.780933,6.225018,2.988460
63,1530,19.766878,116.923817,17.674657,7.898928,1,-1,-1,-1,0.780933,0.780933,6.225018,2.988460
63,1529,-144.967066,130.918567,18.393890,8.213639,1,-1,-1,-1,0.780933,0.780933,6.225018,2.988460
63,1524,-62.550631,131.553950,18.036405,8.283847,1,-1,-1,-1,0.739812,0.739812,5.560040,2.851250
63,1519,-116.890268,-87.342832,16.366886,7.964083,1,-1,-1,-1,0.739812,0.739812,5.560040,2.851250
63,1517,-157.362041,73.795501,7.615926,15.004149,1,-1,-1,-1,0.739812,0.739812,5.560040,2.851250
63,1489,174.995503,130.661829,18.128137,8.182202,1,-1,-1,-1,0.678159,0.678159,4.155461,2.713360
63,1325,72.113460,187.576581,7.885609,16.001919,1,-1,-1,-1,0.652976,0.652976,2.842542,2.701562
63,1323,123.755631,130.697057,16.020594,7.403371,1,-1,-1,-1,0.652976,0.652976,2.842542,2.701562
64,1531,-210.439783,-89.452073,16.224637,8.441314,1,-1,-1,-1,0.739812,0.739812,5.560040,2.851250
64,1529,-149.148075,130.990835,18.033571,8.017572,1,-1,-1,-1,0.739812,0.739812,5.560040,2.851250
64,1524,-63.474571,131.519138,18.536831,8.370121,1,-1,-1,-1,0.714060,0.714060,5.062690,2.780435
64,1519,-114.793965,-87.418127,16.042613,7.897782,1,-1,-1,-1,0.714060,0.714060,5.062690,2.780435
64,1517,-155.293392,73.754055,7.611638,15.006187,1,-1,-1,-1,0.714060,0.714060,5.062690,2.780435
64,1489,176.526915,130.694128,18.318322,8.147547,1,-1,-1,-1,0.672446,0.672446,3.969193,2.707841
64,1325,74.402700,187.260525,7.925380,16.068003,1,-1,-1,-1,0.652975,0.652975,2.840531,2.701562
64,1323,123.752184,130.716063,16.019311,7.410027,1,-1,-1,-1,0.652975,0.652975,2.840531,2.701562
65,1531,-207.473478,-89.458476,15.755447,8.160967,1,-1,-1,-1,0.714060,0.714060,5.062690,2.780435
65,1524,-64.790261,131.411624,18.677039,8.450217,1,-1,-1,-1,0.697349,0.697349,4.683127,2.743335
65,1519,-112.222518,-87.750083,16.896920,8.015963,1,-1,-1,-1,0.697349,0.697349,4.683127,2.743335
65,1517,-152.907860,73.790791,7.626669,15.059837,1,-1,-1,-1,0.697349,0.697349,4.683127,2.743335
65,1489,178.391065,130.730247,18.403913,8.112529,1,-1,-1,-1,0.668212,0.668212,3.818265,2.704905
65,1325,76.776794,186.724756,7.903166,16.002497,1,-1,-1,-1,0.652975,0.652975,2.838596,2.701562
65,1323,123.739377,130.703330,16.048401,7.406926,1,-1,-1,-1,0.652975,0.652975,2.838596,2.701562
66,1540,80.504512,206.598367,6.856959,9.344318,1,-1,-1,-1,0.847083,0.847083,7.132717,3.262201
66,1531,-204.807665,-89.490396,15.560183,8.021207,1,-1,-1,-1,0.697349,0.697349,4.683127,2.743335
66,1524,-66.257723,131.287916,18.287857,8.396162,1,-1,-1,-1,0.686065,0.686065,4.388218,2.723746
66,1519,-109.104265,-87.450835,16.549878,7.868853,1,-1,-1,-1,0.686065,0.686065,4.388218,2.723746
66,1517,-150.204136,73.723917,7.630429,15.052031,1,-1,-1,-1,0.686065,0.686065,4.388218,2.723746
66,1489,180.660673,130.973148,18.675372,8.187039,1,-1,-1,-1,0.665009,0.665009,3.694582,2.703342
66,1325,79.538322,186.425219,7.822845,15.884265,1,-1,-1,-1,0.652975,0.652975,2.836732,2.701562
66,1323,123.733991,130.699220,16.047487,7.404433,1,-1,-1,-1,0.652975,0.652975,2.836732,2.701562
67,1540,83.361336,206.537997,6.985023,9.417095,1,-1,-1,-1,0.780933,0.780933,6.225018,2.988460
67,1531,-201.745285,-89.558396,15.528544,7.965829,1,-1,-1,-1,0.686065,0.686065,4.388218,2.723746
67,1530,30.117772,117.088045,17.927542,8.002410,1,-1,-1,-1,0.688211,0.688211,4.634376,2.867717
67,1524,-67.248919,130.953640,18.140733,8.402029,1,-1,-1,-1,0.678159,0.678159,4.155461,2.713360
67,1519,-106.530912,-87.310553,16.628487,8.023048,1,-1,-1,-1,0.678159,0.678159,4.155461,2.713360
67,1517,-147.204274,73.708239,7.645245,15.065055,1,-1,-1,-1,0.678159,0.678159,4.155461,2.713360
67,1325,82.507446,186.377235,7.811468,15.856477,1,-1,-1,-1,0.652975,0.652975,2.834938,2.701562
67,1323,123.732968,130.708407,16.058214,7.408290,1,-1,-1,-1,0.652975,0.652975,2.834938,2.701562
68,1540,87.100671,206.351160,6.768670,9.234995,1,-1,-1,-1,0.739812,0.739812,5.560040,2.851250
68,1531,-197.876082,-89.585010,15.285000,7.887040,1,-1,-1,-1,0.678159,0.678159,4.155461,2.713360
68,1530,34.358993,117.009731,17.359761,7.886818,1,-1,-1,-1,0.678372,0.678372,4.255267,2.789008
68,1529,-164.269826,131.357888,18.734234,8.546324,1,-1,-1,-1,0.680305,0.680305,4.407867,2.852345
68,1524,-68.175480,131.500578,18.636984,8.805254,1,-1,-1,-1,0.672446,0.672446,3.969193,2.707841
68,1517,-143.867674,73.671397,7.643759,15.052797,1,-1,-1,-1,0.672446,0.672446,3.969193,2.707841
68,1325,85.832475,186.337701,7.803152,15.836180,1,-1,-1,-1,0.652975,0.652975,2.833208,2.701562
68,1323,123.727040,130.702915,16.060368,7.408277,1,-1,-1,-1,0.652975,0.652975,2.833208,2.701562
69,1540,90.716943,206.121518,6.535197,9.043874,1,-1,-1,-1,0.714060,0.714060,5.062690,2.780435
69,1531,-194.690370,-89.923375,15.509610,7.969369,1,-1,-1,-1,0.672446,0.672446,3.969193,2.707841
69,1530,37.635177,117.201527,17.396321,8.024856,1,-1,-1,-1,0.672455,0.672455,4.009160,2.747847
69,1529,-168.155277,131.341273,18.711230,8.468414,1,-1,-1,-1,0.672667,0.672667,4.079049,2.781005
69,1524,-68.699102,131.695243,19.214209,9.012631,1,-1,-1,-1,0.668212,0.668212,3.818265,2.704905
69,1517,-140.204771,73.659696,7.640116,15.046869,1,-1,-1,-1,0.668212,0.668212,3.818265,2.704905
69,1325,89.598555,186.849432,7.799350,15.963614,1,-1,-1,-1,0.652975,0.652975,2.831540,2.701562
69,1323,123.721664,130.700856,16.067491,7.408336,1,-1,-1,-1,0.652975,0.652975,2.831540,2.701562
70,1540,95.045964,205.947051,6.379918,8.929692,1,-1,-1,-1,0.697349,0.697349,4.683127,2.743335
70,1530,41.359514,117.034531,17.494479,7.995495,1,-1,-1,-1,0.668213,0.668213,3.833491,2.726134
70,1529,-171.852523,131.325018,18.773574,8.537163,1,-1,-1,-1,0.668222,0.668222,3.866204,2.743635
70,1524,-69.539093,131.743423,19.493308,9.186275,1,-1,-1,-1,0.665009,0.665009,3.694582,2.703342
70,1517,-136.202297,73.674717,7.638819,15.056010,1,-1,-1,-1,0.665009,0.665009,3.694582,2.703342
70,1489,189.209133,131.082577,18.898950,8.454066,1,-1,-1,-1,0.659888,0.659888,3.580002,2.835221
70,1325,93.579212,186.483069,7.755369,15.852275,1,-1,-1,-1,0.652975,0.652975,2.829932,2.701562
70,1323,123.731278,130.708646,16.053486,7.410935,1,-1,-1,-1,0.652975,0.652975,2.829932,2.701562
71,1558,-27.486230,131.098903,16.899199,8.258002,1,-1,-1,-1,0.847083,0.847083,7.132717,3.262201
71,1540,99.149047,206.217140,6.517838,9.080725,1,-1,-1,-1,0.686065,0.686065,4.388218,2.723746
71,1529,-175.708403,131.421392,18.958255,8.628671,1,-1,-1,-1,0.665010,0.665010,3.715104,2.723905
71,1524,-70.285850,131.045097,19.086331,8.867921,1,-1,-1,-1,0.662548,0.662548,3.592165,2.702510
71,1517,-131.868215,73.675197,7.640852,15.060542,1,-1,-1,-1,0.662548,0.662548,3.592165,2.702510
71,1489,191.422610,131.002237,19.133457,8.439680,1,-1,-1,-1,0.657172,0.657172,3.424675,2.772070
71,1325,97.845886,186.400810,7.736931,15.779407,1,-1,-1,-1,0.652975,0.652975,2.828379,2.701562
71,1323,123.724459,130.711086,16.062640,7.413058,1,-1,-1,-1,0.652975,0.652975,2.828379,2.701562
72,1558,-25.483590,130.562385,16.164709,7.863917,1,-1,-1,-1,0.780933,0.780933,6.225018,2.988460
72,1540,103.893506,206.391157,7.079535,9.601879,1,-1,-1,-1,0.678159,0.678159,4.155461,2.713360
72,1529,-179.135138,131.409215,18.641816,8.644788,1,-1,-1,-1,0.662553,0.662553,3.600571,2.713444
72,1524,-70.854791,131.355724,19.152278,8.911787,1,-1,-1,-1,0.660633,0.660633,3.506534,2.702067
72,1517,-127.224836,73.665424,7.639050,15.059998,1,-1,-1,-1,0.660633,0.660633,3.506534,2.702067
72,1489,193.921437,131.320871,19.440614,8.600123,1,-1,-1,-1,0.656230,0.656230,3.327854,2.738928
72,1325,102.503690,186.485492,7.854419,15.833373,1,-1,-1,-1,0.652975,0.652975,2.826881,2.701562
72,1323,123.724937,130.711679,16.066566,7.414581,1,-1,-1,-1,0.652975,0.652975,2.826881,2.701562
73,1558,-24.506315,131.051326,16.177826,7.887151,1,-1,-1,-1,0.739812,0.739812,5.560040,2.851250
73,1529,-183.271690,131.658396,18.800726,8.761647,1,-1,-1,-1,0.660639,0.660639,3.509706,2.707886
73,1524,-71.534816,131.189938,19.353706,8.853991,1,-1,-1,-1,0.659128,0.659128,3.434287,2.701831
73,1517,-122.256171,73.662822,7.634989,15.062205,1,-1,-1,-1,0.659128,0.659128,3.434287,2.701831
73,1489,196.464765,131.597516,19.580160,8.716992,1,-1,-1,-1,0.655617,0.655617,3.262194,2.721412
73,1323,123.729097,130.711667,16.066679,7.415668,1,-1,-1,-1,0.652975,0.652975,2.825433,2.701562
74,1558,-23.516209,131.008358,16.015869,7.821711,1,-1,-1,-1,0.714060,0.714060,5.062690,2.780435
74,1529,-186.970246,131.394172,18.705146,8.661822,1,-1,-1,-1,0.659134,0.659134,3.435311,2.704929
74,1524,-72.397235,131.267696,19.469283,8.819713,1,-1,-1,-1,0.657936,0.657936,3.372813,2.701705
74,1517,-116.980568,73.658684,7.631990,15.061051,1,-1,-1,-1,0.657936,0.657936,3.372813,2.701705
74,1489,199.369102,131.866174,19.536811,8.836150,1,-1,-1,-1,0.655129,0.655129,3.214147,2.712120
74,1323,123.728910,130.701199,16.063752,7.410912,1,-1,-1,-1,0.652975,0.652975,2.824034,2.701562
75,1558,-23.704911,130.860845,15.704723,7.807611,1,-1,-1,-1,0.697349,0.697349,4.683127,2.743335
75,1529,-190.506571,131.054010,18.513547,8.647687,1,-1,-1,-1,0.657941,0.657941,3.373047,2.703355
75,1524,-72.982520,130.990387,19.548675,8.729611,1,-1,-1,-1,0.656986,0.656986,3.320085,2.701638
75,1517,-111.405722,73.656137,7.632945,15.061084,1,-1,-1,-1,0.656986,0.656986,3.320085,2.701638
75,1323,123.736759,130.704650,16.053345,7.407371,1,-1,-1,-1,0.652975,0.652975,2.822682,2.701562
76,1558,-23.484981,131.063301,15.622437,7.843771,1,-1,-1,-1,0.686065,0.686065,4.388218,2.723746
76,1529,-194.382321,130.840144,18.514537,8.510200,1,-1,-1,-1,0.656990,0.656990,3.320100,2.702517
76,1524,-73.534799,130.908688,19.624750,8.800131,1,-1,-1,-1,0.656225,0.656225,3.274518,2.701603
76,1517,-105.513973,73.648171,7.630721,15.060672,1,-1,-1,-1,0.656225,0.656225,3.274518,2.701603
76,1323,123.741425,130.716920,16.046034,7.410311,1,-1,-1,-1,0.652975,0.652975,2.821375,2.701562
77,1558,-23.265367,131.169318,15.411558,7.823245,1,-1,-1,-1,0.678159,0.678159,4.155461,2.713360
77,1529,-198.254172,130.893159,18.652043,8.487415,1,-1,-1,-1,0.656229,0.656229,3.274533,2.702071
77,1524,-74.673595,130.069842,18.757732,8.713300,1,-1,-1,-1,0.655613,0.655613,3.234861,2.701584
77,1517,-99.316549,73.650860,7.632163,15.061091,1,-1,-1,-1,0.655613,0.655613,3.234861,2.701584
77,1323,123.739756,130.722950,16.043610,7.415251,1,-1,-1,-1,0.652975,0.652975,2.820111,2.701562
78,1579,29.037893,116.705408,19.638878,8.435719,1,-1,-1,-1,0.847083,0.847083,7.132717,3.262201
78,1558,-22.673395,131.162140,15.398481,7.989209,1,-1,-1,-1,0.672446,0.672446,3.969193,2.707841
78,1529,-202.259382,131.076554,18.724485,8.502160,1,-1,-1,-1,0.655616,0.655616,3.234943,2.701833
78,1524,-75.392603,130.230311,19.311320,9.136513,1,-1,-1,-1,0.655120,0.655120,3.200116,2.701574
78,1517,-92.811229,73.653061,7.633393,15.064447,1,-1,-1,-1,0.655120,0.655120,3.200116,2.701574
78,1489,210.878730,131.568639,19.806065,8.717742,1,-1,-1,-1,0.655834,0.655834,3.274005,2.836253
78,1323,123.742372,130.715965,16.036195,7.416053,1,-1,-1,-1,0.652975,0.652975,2.818887,2.701562
79,1579,35.873401,116.837319,19.546061,8.353193,1,-1,-1,-1,0.780933,0.780933,6.225018,2.988460
79,1578,23.010209,131.817314,17.800377,8.468538,1,-1,-1,-1,0.808479,0.808479,6.225062,3.298778
79,1558,-22.062458,131.059260,15.424126,7.896335,1,-1,-1,-1,0.668212,0.668212,3.818265,2.704905
79,1524,-75.605619,130.595747,20.213940,10.310550,1,-1,-1,-1,0.654721,0.654721,3.169484,2.701568
79,1517,-86.001120,73.651013,7.634204,15.064028,1,-1,-1,-1,0.654721,0.654721,3.169484,2.701568
79,1489,213.573781,131.966219,19.915330,9.097446,1,-1,-1,-1,0.653929,0.653929,3.168867,2.772610
79,1323,123.754889,130.711328,16.016877,7.413757,1,-1,-1,-1,0.652975,0.652975,2.817702,2.701562
80,1578,24.722717,130.891627,16.975775,7.971064,1,-1,-1,-1,0.761768,0.761768,5.587838,3.006395
80,1558,-21.340708,130.898528,15.125179,7.759668,1,-1,-1,-1,0.665009,0.665009,3.694582,2.703342
80,1524,-75.849977,129.271334,20.629593,11.470822,1,-1,-1,-1,0.654397,0.654397,3.142321,2.701565
80,1517,-78.887670,73.658207,7.634956,15.066735,1,-1,-1,-1,0.654397,0.654397,3.142321,2.701565
80,1489,216.941964,131.295001,19.819295,9.120541,1,-1,-1,-1,0.653614,0.653614,3.107176,2.739212
80,1323,123.756563,130.711757,16.022240,7.415036,1,-1,-1,-1,0.652975,0.652975,2.816556,2.701562
81,1578,26.844027,131.481483,16.836643,8.126681,1,-1,-1,-1,0.729260,0.729260,5.118443,2.860404
81,1558,-20.711822,130.839607,15.049274,7.647080,1,-1,-1,-1,0.662548,0.662548,3.592165,2.702510
81,1524,-75.034196,127.710561,21.229116,12.981111,1,-1,-1,-1,0.654134,0.654134,3.118101,2.701564
81,1517,-71.468400,73.763308,7.629610,15.065037,1,-1,-1,-1,0.654134,0.654134,3.118101,2.701564
81,1489,220.099622,129.700224,19.696770,8.822341,1,-1,-1,-1,0.653498,0.653498,3.068245,2.721562
81,1323,123.758802,130.720244,16.001468,7.418477,1,-1,-1,-1,0.652975,0.652975,2.815445,2.701562
82,1578,28.896341,131.754791,16.585280,8.152681,1,-1,-1,-1,0.707694,0.707694,4.751699,2.785203
82,1558,-19.892240,131.487399,15.362806,7.918920,1,-1,-1,-1,0.660633,0.660633,3.506534,2.702067
82,1524,-72.908784,125.010124,21.238974,14.551643,1,-1,-1,-1,0.653921,0.653921,3.096395,2.701563
82,1489,223.148585,128.839789,19.681441,8.617648,1,-1,-1,-1,0.653410,0.653410,3.041648,2.712200
82,1323,123.764885,130.743464,15.989643,7.432010,1,-1,-1,-1,0.652975,0.652975,2.814369,2.701562
83,1578,31.426975,131.474926,16.495249,8.152805,1,-1,-1,-1,0.693227,0.693227,4.458919,2.745845
83,1558,-18.745181,131.347426,15.313125,7.873747,1,-1,-1,-1,0.659128,0.659128,3.434287,2.701831
83,1524,-69.534349,120.468988,20.454438,15.982426,1,-1,-1,-1,0.653747,0.653747,3.076849,2.701563
83,1489,226.381366,128.592517,19.350326,8.753669,1,-1,-1,-1,0.653334,0.653334,3.021982,2.707224
83,1323,123.760465,130.720682,16.005165,7.428389,1,-1,-1,-1,0.652975,0.652975,2.813325,2.701562
84,1578,34.046873,132.121039,16.526645,8.453287,1,-1,-1,-1,0.683248,0.683248,4.222594,2.725074
84,1558,-16.900933,131.396291,15.242838,7.834701,1,-1,-1,-1,0.657936,0.657936,3.372813,2.701705
84,1489,229.401145,129.213243,19.029926,8.841199,1,-1,-1,-1,0.653270,0.653270,3.006391,2.704577
84,1323,123.755886,130.731300,16.016874,7.434040,1,-1,-1,-1,0.652975,0.652975,2.812314,2.701562
85,1578,36.060181,131.491746,16.461415,8.387068,1,-1,-1,-1,0.676155,0.676155,4.030254,2.714065
85,1558,-15.851090,132.634353,15.694251,8.381307,1,-1,-1,-1,0.656986,0.656986,3.320085,2.701638
85,1489,230.564022,131.395607,19.604174,10.361995,1,-1,-1,-1,0.653217,0.653217,2.993332,2.703168
85,1323,123.755932,130.732385,16.030805,7.435458,1,-1,-1,-1,0.652975,0.652975,2.811334,2.701562
86,1578,38.054027,131.226185,16.338119,8.233900,1,-1,-1,-1,0.670976,0.670976,3.872512,2.708216
86,1558,-14.054053,134.521681,16.071526,8.979061,1,-1,-1,-1,0.656225,0.656225,3.274518,2.701603
86,1323,123.780343,130.701828,15.974221,7.419447,1,-1,-1,-1,0.652975,0.652975,2.810383,2.701562
87,1617,158.374669,116.926372,15.941454,7.607414,1,-1,-1,-1,0.847083,0.847083,7.132717,3.262201
87,1616,103.821852,116.636696,14.925081,7.401794,1,-1,-1,-1,0.847083,0.847083,7.132717,3.262201
87,1578,39.936374,131.461655,16.433912,8.276410,1,-1,-1,-1,0.667107,0.667107,3.742165,2.705105
87,1558,-12.916854,137.482493,16.672225,9.926677,1,-1,-1,-1,0.655613,0.655613,3.234861,2.701584
87,1323,123.775420,130.705063,15.974556,7.416322,1,-1,-1,-1,0.652975,0.652975,2.809460,2.701562
88,1617,166.308848,117.198673,16.436191,7.884190,1,-1,-1,-1,0.780933,0.780933,6.225018,2.988460
88,1616,111.736261,116.633017,15.043781,7.395704,1,-1,-1,-1,0.780933,0.780933,6.225018,2.988460
88,1578,41.803445,131.282635,16.617720,8.211280,1,-1,-1,-1,0.664165,0.664165,3.633636,2.703449
88,1323,123.781688,130.702317,15.958402,7.416655,1,-1,-1,-1,0.652975,0.652975,2.808564,2.701562
89,1617,173.245978,117.230635,16.596151,7.997931,1,-1,-1,-1,0.739812,0.739812,5.560040,2.851250
89,1616,119.559481,116.640880,14.962830,7.339085,1,-1,-1,-1,0.739812,0.739812,5.560040,2.851250
89,1578,43.585952,131.060789,16.289677,8.020741,1,-1,-1,-1,0.661894,0.661894,3.542591,2.702567
89,1323,123.795212,130.705969,15.929992,7.414014,1,-1,-1,-1,0.652975,0.652975,2.807695,2.701562
90,1638,153.159400,116.987285,18.244602,7.804234,1,-1,-1,-1,0.847083,0.847083,7.132717,3.262201
90,1616,127.528252,116.754635,14.821913,7.336981,1,-1,-1,-1,0.714060,0.714060,5.062690,2.780435
90,1578,44.933476,131.458869,16.346344,8.058427,1,-1,-1,-1,0.660120,0.660120,3.465641,2.702097
90,1323,123.792623,130.705806,15.947734,7.409667,1,-1,-1,-1,0.652975,0.652975,2.806851,2.701562
91,1642,3.524277,161.871586,14.601002,16.761928,1,-1,-1,-1,0.847083,0.847083,7.132717,3.262201
91,1638,160.888383,116.584932,17.577598,7.578278,1,-1,-1,-1,0.780933,0.780933,6.225018,2.988460
91,1616,135.603011,116.791274,15.173423,7.440474,1,-1,-1,-1,0.697349,0.697349,4.683127,2.743335
91,1578,46.009956,131.189789,16.548836,8.051104,1,-1,-1,-1,0.658723,0.658723,3.400126,2.701847
91,1323,123.770984,130.699914,15.982725,7.406693,1,-1,-1,-1,0.652975,0.652975,2.806031,2.701562
92,1642,10.749628,167.350204,12.591808,15.950783,1,-1,-1,-1,0.780933,0.780933,6.225018,2.988460
92,1616,143.479682,116.817647,15.190325,7.454712,1,-1,-1,-1,0.686065,0.686065,4.388218,2.723746
92,1578,46.823153,131.033945,16.324560,8.191281,1,-1,-1,-1,0.657614,0.657614,3.343948,2.701714
92,1323,123.760356,130.700098,16.013889,7.407351,1,-1,-1,-1,0.652975,0.652975,2.805235,2.701562
93,1642,18.236768,173.407414,11.311035,15.521216,1,-1,-1,-1,0.739812,0.739812,5.560040,2.851250
93,1616,151.465466,116.901578,15.420277,7.563819,1,-1,-1,-1,0.678159,0.678159,4.155461,2.713360
93,1578,47.597218,131.219821,16.600588,8.729469,1,-1,-1,-1,0.656728,0.656728,3.295443,2.701643
93,1323,123.748002,130.698282,16.022764,7.404954,1,-1,-1,-1,0.652975,0.652975,2.804461,2.701562
94,1642,26.400518,180.995529,10.347883,15.451180,1,-1,-1,-1,0.714060,0.714060,5.062690,2.780435
94,1616,160.025822,116.807163,15.506078,7.566149,1,-1,-1,-1,0.672446,0.672446,3.969193,2.707841
94,1578,48.830383,130.350948,17.069271,9.199230,1,-1,-1,-1,0.656018,0.656018,3.253283,2.701605
94,1323,123.738349,130.696046,16.062178,7.400714,1,-1,-1,-1,0.652975,0.652975,2.803709,2.701562
95,1642,34.178988,186.698398,9.610736,14.982285,1,-1,-1,-1,0.697349,0.697349,4.683127,2.743335
95,1638,195.137492,117.140736,16.624266,7.732953,1,-1,-1,-1,0.688211,0.688211,4.634376,2.867717
95,1616,167.836215,117.018112,16.006607,7.762750,1,-1,-1,-1,0.668212,0.668212,3.818265,2.704905
95,1578,49.401330,129.537048,17.509213,10.171400,1,-1,-1,-1,0.655447,0.655447,3.216405,2.701585
95,1323,123.719194,130.708181,16.088532,7.405903,1,-1,-1,-1,0.652975,0.652975,2.802979,2.701562
96,1578,49.682405,128.338669,18.091840,11.328786,1,-1,-1,-1,0.654985,0.654985,3.183951,2.701574
96,1323,123.720255,130.710123,16.088382,7.406758,1,-1,-1,-1,0.652975,0.652975,2.802268,2.701562
97,1578,50.481909,125.640992,18.302631,12.667656,1,-1,-1,-1,0.654611,0.654611,3.155226,2.701569
97,1323,123.718846,130.702313,16.085420,7.404611,1,-1,-1,-1,0.652975,0.652975,2.801577,2.701562
98,1578,51.127980,122.171417,18.344134,14.170343,1,-1,-1,-1,0.654308,0.654308,3.129663,2.701566
98,1323,123.716990,130.697861,16.080414,7.400274,1,-1,-1,-1,0.652975,0.652975,2.800906,2.701562
99,1578,52.762186,116.432600,17.331514,15.130551,1,-1,-1,-1,0.654062,0.654062,3.106798,2.701564
99,1323,123.711617,130.698811,16.087876,7.399956,1,-1,-1,-1,0.652975,0.652975,2.800252,2.701562
100,1323,123.703592,130.701148,16.096190,7.402503,1,-1,-1,-1,0.652975,0.652975,2.799616,2.701562
