1,4995,36.670000,415.790000,8.480000,18.920000,1,-1,-1,-1,10.000000,10.000000,10.000000,10.000000
1,4994,134.230000,341.100000,18.950000,8.450000,1,-1,-1,-1,10.000000,10.000000,10.000000,10.000000
1,4993,113.080000,504.200000,15.510000,7.830000,1,-1,-1,-1,10.000000,10.000000,10.000000,10.000000
1,4992,153.330000,117.060000,19.040000,8.030000,1,-1,-1,-1,10.000000,10.000000,10.000000,10.000000
1,4991,164.940000,341.730000,19.530000,10.620000,1,-1,-1,-1,10.000000,10.000000,10.000000,10.000000
1,4990,-83.630000,342.250000,18.510000,8.370000,1,-1,-1,-1,10.000000,10.000000,10.000000,10.000000
1,4989,-86.490000,355.680000,15.720000,7.600000,1,-1,-1,-1,10.000000,10.000000,10.000000,10.000000
1,4988,123.630000,116.870000,18.410000,7.650000,1,-1,-1,-1,10.000000,10.000000,10.000000,10.000000
1,4987,36.800000,204.990000,7.560000,16.770000,1,-1,-1,-1,10.000000,10.000000,10.000000,10.000000
1,4986,182.730000,117.820000,23.880000,9.520000,1,-1,-1,-1,10.000000,10.000000,10.000000,10.000000
1,4985,93.250000,131.310000,19.090000,8.590000,1,-1,-1,-1,10.000000,10.000000,10.000000,10.000000
1,4984,119.550000,354.910000,17.970000,8.240000,1,-1,-1,-1,10.000000,10.000000,10.000000,10.000000
1,4983,36.670000,177.810000,7.840000,15.480000,1,-1,-1,-1,10.000000,10.000000,10.000000,10.000000
1,4982,122.550000,131.480000,18.460000,8.950000,1,-1,-1,-1,10.000000,10.000000,10.000000,10.000000
1,4981,148.390000,354.760000,19.560000,8.240000,1,-1,-1,-1,10.000000,10.000000,10.000000,10.000000
1,4980,36.940000,447.160000,8.170000,21.430000,1,-1,-1,-1,10.000000,10.000000,10.000000,10.000000
2,4996,-61.120000,356.270000,15.300000,7.860000,1,-1,-1,-1,10.000000,10.000000,10.000000,10.000000
2,4995,36.704319,415.694714,8.801323,19.200564,1,-1,-1,-1,0.999900,0.999900,9.990021,5.238095
2,4994,134.288074,341.154435,19.013834,8.541109,1,-1,-1,-1,0.999900,0.999900,9.990021,5.238095
2,4993,113.583778,504.110027,16.562238,8.129935,1,-1,-1,-1,0.999900,0.999900,9.990021,5.238095
2,4991,164.890048,341.603800,19.519916,10.542434,1,-1,-1,-1,0.999900,0.999900,9.990021,5.238095
2,4989,-88.223037,355.702092,16.916300,8.355737,1,-1,-1,-1,0.999900,0.999900,9.990021,5.238095
2,4988,123.884252,116.864930,18.061481,7.570149,1,-1,-1,-1,0.999900,0.999900,9.990021,5.238095
2,4986,183.271362,117.750093,22.847271,9.279852,1,-1,-1,-1,0.999900,0.999900,9.990021,5.238095
2,4985,92.626402,131.351684,19.177312,8.636620,1,-1,-1,-1,0.999900,0.999900,9.990021,5.238095
2,4984,119.512234,354.943583,17.985538,8.262825,1,-1,-1,-1,0.999900,0.999900,9.990021,5.238095
2,4983,37.054759,178.242498,7.690420,15.574907,1,-1,-1,-1,0.999900,0.999900,9.990021,5.238095
2,4982,122.546358,131.491769,18.457285,8.956458,1,-1,-1,-1,0.999900,0.999900,9.990021,5.238095
2,4981,148.472812,354.758808,19.554359,8.232384,1,-1,-1,-1,0.999900,0.999900,9.990021,5.238095
2,4980,37.019992,447.150001,8.170000,21.430000,1,-1,-1,-1,0.999900,0.999900,9.990021,5.238095
3,4998,-8.030000,392.520000,21.610000,18.870000,1,-1,-1,-1,10.000000,10.000000,10.000000,10.000000
3,4997,87.960000,354.050000,19.480000,8.420000,1,-1,-1,-1,10.000000,10.000000,10.000000,10.000000
3,4996,-60.663259,356.311473,15.426414,7.887043,1,-1,-1,-1,0.999900,0.999900,9.990021,5.238095
3,4995,36.940713,415.820761,8.549136,18.887887,1,-1,-1,-1,0.941153,0.941153,8.384601,3.841642
3,4994,134.493182,341.133912,18.990676,8.537461,1,-1,-1,-1,0.941153,0.941153,8.384601,3.841642
3,4993,113.412980,504.206430,16.789821,8.311242,1,-1,-1,-1,0.941153,0.941153,8.384601,3.841642
3,4992,153.713911,117.069738,18.702167,7.980525,1,-1,-1,-1,0.999975,0.999975,9.997501,5.454545
3,4991,165.109509,341.641562,19.516859,10.541597,1,-1,-1,-1,0.941153,0.941153,8.384601,3.841642
3,4990,-81.888449,341.853768,17.966824,8.142489,1,-1,-1,-1,0.999975,0.999975,9.997501,5.454545
3,4989,-86.706166,355.855402,16.186507,8.020920,1,-1,-1,-1,0.941153,0.941153,8.384601,3.841642
3,4988,124.075721,116.788637,17.960895,7.548030,1,-1,-1,-1,0.941153,0.941153,8.384601,3.841642
3,4987,36.203101,204.918057,7.913818,17.093882,1,-1,-1,-1,0.999975,0.999975,9.997501,5.454545
3,4986,183.208403,117.881612,23.954932,9.540312,1,-1,-1,-1,0.941153,0.941153,8.384601,3.841642
3,4985,91.747387,131.255733,19.427087,8.657354,1,-1,-1,-1,0.941153,0.941153,8.384601,3.841642
3,4984,119.831163,354.967956,17.993542,8.285258,1,-1,-1,-1,0.941153,0.941153,8.384601,3.841642
3,4983,37.101887,178.054611,7.726779,15.715440,1,-1,-1,-1,0.941153,0.941153,8.384601,3.841642
3,4982,122.538580,131.492311,18.472252,8.966552,1,-1,-1,-1,0.941153,0.941153,8.384601,3.841642
3,4981,148.698928,354.761504,19.553889,8.235815,1,-1,-1,-1,0.941153,0.941153,8.384601,3.841642
3,4980,37.260423,447.147763,8.169134,21.423886,1,-1,-1,-1,0.941153,0.941153,8.384601,3.841642
4,4995,37.408795,415.687464,8.481214,18.777316,1,-1,-1,-1,0.847083,0.847083,7.132717,3.262201
4,4994,134.943205,341.063024,19.010406,8.513989,1,-1,-1,-1,0.847083,0.847083,7.132717,3.262201
4,4993,113.823947,504.277673,16.524537,8.249083,1,-1,-1,-1,0.847083,0.847083,7.132717,3.262201
4,4991,165.617921,341.522701,19.494793,10.470200,1,-1,-1,-1,0.847083,0.847083,7.132717,3.262201
4,4989,-86.101739,355.693333,15.957739,7.922521,1,-1,-1,-1,0.847083,0.847083,7.132717,3.262201
4,4988,124.567212,116.917558,18.464108,7.701894,1,-1,-1,-1,0.847083,0.847083,7.132717,3.262201
4,4986,183.203742,117.748579,24.026894,9.578006,1,-1,-1,-1,0.847083,0.847083,7.132717,3.262201
4,4985,90.781735,131.221298,19.543687,8.633444,1,-1,-1,-1,0.847083,0.847083,7.132717,3.262201
4,4984,120.240017,354.929916,18.003294,8.287061,1,-1,-1,-1,0.847083,0.847083,7.132717,3.262201
4,4983,37.139088,177.826758,7.770600,15.691094,1,-1,-1,-1,0.847083,0.847083,7.132717,3.262201
4,4982,122.541912,131.492198,18.465727,8.968032,1,-1,-1,-1,0.847083,0.847083,7.132717,3.262201
4,4981,149.138508,354.741822,19.538690,8.226160,1,-1,-1,-1,0.847083,0.847083,7.132717,3.262201
4,4980,37.690356,447.149853,8.169762,21.426787,1,-1,-1,-1,0.847083,0.847083,7.132717,3.262201
5,4996,-56.946661,357.580546,10.489527,6.799616,1,-1,-1,-1,0.847083,0.847083,7.132717,3.262201
5,4995,38.129730,415.682846,8.367205,18.582885,1,-1,-1,-1,0.780933,0.780933,6.225018,2.988460
5,4994,135.542975,341.084351,19.062608,8.538814,1,-1,-1,-1,0.780933,0.780933,6.225018,2.988460
5,4993,114.523231,504.170591,16.342362,8.105444,1,-1,-1,-1,0.780933,0.780933,6.225018,2.988460
5,4991,166.208665,341.621857,19.537660,10.459224,1,-1,-1,-1,0.780933,0.780933,6.225018,2.988460
5,4989,-85.300705,355.695793,16.124196,8.025034,1,-1,-1,-1,0.780933,0.780933,6.225018,2.988460
5,4988,125.535799,116.650722,17.995299,7.493921,1,-1,-1,-1,0.780933,0.780933,6.225018,2.988460
5,4987,37.228065,205.766517,8.078924,17.491516,1,-1,-1,-1,0.808479,0.808479,6.225062,3.298778
5,4986,183.835730,117.822253,24.438170,9.649784,1,-1,-1,-1,0.780933,0.780933,6.225018,2.988460
5,4985,90.154524,131.221776,19.419573,8.573860,1,-1,-1,-1,0.780933,0.780933,6.225018,2.988460
5,4984,120.933733,354.828285,17.838626,8.203473,1,-1,-1,-1,0.780933,0.780933,6.225018,2.988460
5,4983,37.640622,178.119077,7.930059,15.984966,1,-1,-1,-1,0.780933,0.780933,6.225018,2.988460
5,4982,122.545733,131.481040,18.450390,8.958927,1,-1,-1,-1,0.780933,0.780933,6.225018,2.988460
5,4981,149.767926,354.755457,19.554859,8.233164,1,-1,-1,-1,0.780933,0.780933,6.225018,2.988460
5,4980,38.354244,447.150259,8.170000,21.428185,1,-1,-1,-1,0.780933,0.780933,6.225018,2.988460
6,4996,-56.916894,356.578304,12.306417,7.312564,1,-1,-1,-1,0.780933,0.780933,6.225018,2.988460
6,4995,39.031422,415.819301,8.619938,18.930420,1,-1,-1,-1,0.739812,0.739812,5.560040,2.851250
6,4994,136.322464,341.031138,18.986343,8.521057,1,-1,-1,-1,0.739812,0.739812,5.560040,2.851250
6,4993,115.659537,504.138980,16.504910,8.111815,1,-1,-1,-1,0.739812,0.739812,5.560040,2.851250
6,4991,167.075306,341.542216,19.677059,10.466921,1,-1,-1,-1,0.739812,0.739812,5.560040,2.851250
6,4989,-84.059684,355.544845,15.819500,7.899551,1,-1,-1,-1,0.739812,0.739812,5.560040,2.851250
6,4988,126.116167,116.805414,18.490789,7.658449,1,-1,-1,-1,0.739812,0.739812,5.560040,2.851250
6,4987,37.653106,206.046568,8.123012,17.579266,1,-1,-1,-1,0.761768,0.761768,5.587838,3.006395
6,4986,184.577829,118.044831,24.610078,9.667836,1,-1,-1,-1,0.739812,0.739812,5.560040,2.851250
6,4985,89.097923,131.254572,19.556965,8.620625,1,-1,-1,-1,0.739812,0.739812,5.560040,2.851250
6,4984,121.682938,354.822007,17.790628,8.174057,1,-1,-1,-1,0.739812,0.739812,5.560040,2.851250
6,4983,38.616679,177.723299,7.778675,15.749447,1,-1,-1,-1,0.739812,0.739812,5.560040,2.851250
6,4982,122.548253,131.478476,18.443076,8.954268,1,-1,-1,-1,0.739812,0.739812,5.560040,2.851250
6,4981,150.614519,354.759600,19.558737,8.236128,1,-1,-1,-1,0.739812,0.739812,5.560040,2.851250
6,4980,39.266006,447.150260,8.170094,21.428948,1,-1,-1,-1,0.739812,0.739812,5.560040,2.851250
7,4996,-56.249608,356.214624,13.362244,7.527159,1,-1,-1,-1,0.739812,0.739812,5.560040,2.851250
7,4995,40.110528,415.877030,8.595169,18.935732,1,-1,-1,-1,0.714060,0.714060,5.062690,2.780435
7,4994,137.478329,341.074393,19.053743,8.530565,1,-1,-1,-1,0.714060,0.714060,5.062690,2.780435
7,4993,116.925349,504.172823,16.908561,8.268191,1,-1,-1,-1,0.714060,0.714060,5.062690,2.780435
7,4992,157.051840,116.889966,18.079487,7.720137,1,-1,-1,-1,0.729376,0.729376,5.263327,3.080336
7,4991,168.229086,341.548908,19.733939,10.505019,1,-1,-1,-1,0.714060,0.714060,5.062690,2.780435
7,4989,-83.409841,355.653121,15.861465,7.851766,1,-1,-1,-1,0.714060,0.714060,5.062690,2.780435
7,4988,127.210273,116.782235,18.428698,7.633372,1,-1,-1,-1,0.714060,0.714060,5.062690,2.780435
7,4987,39.505896,205.487561,8.304407,17.584424,1,-1,-1,-1,0.729260,0.729260,5.118443,2.860404
7,4986,185.667369,117.878969,24.323930,9.476030,1,-1,-1,-1,0.714060,0.714060,5.062690,2.780435
7,4985,87.674338,131.340571,19.927908,8.860800,1,-1,-1,-1,0.714060,0.714060,5.062690,2.780435
7,4984,122.528731,354.796276,17.745841,8.151980,1,-1,-1,-1,0.714060,0.714060,5.062690,2.780435
7,4983,40.061886,178.036407,7.622473,15.613257,1,-1,-1,-1,0.714060,0.714060,5.062690,2.780435
7,4982,122.556971,131.467097,18.446464,8.945513,1,-1,-1,-1,0.714060,0.714060,5.062690,2.780435
7,4981,151.674392,354.769154,19.567225,8.242238,1,-1,-1,-1,0.714060,0.714060,5.062690,2.780435
7,4980,40.432752,447.148569,8.169693,21.425476,1,-1,-1,-1,0.714060,0.714060,5.062690,2.780435
8,4996,-55.255610,356.048761,14.188129,7.647483,1,-1,-1,-1,0.714060,0.714060,5.062690,2.780435
8,4995,41.550655,415.765129,8.578273,18.879698,1,-1,-1,-1,0.697349,0.697349,4.683127,2.743335
8,4993,118.364387,504.012704,16.843408,8.213476,1,-1,-1,-1,0.697349,0.697349,4.683127,2.743335
8,4992,158.435094,116.988399,18.214588,7.842079,1,-1,-1,-1,0.707945,0.707945,4.782352,2.897897
8,4991,169.484286,341.567670,19.784647,10.474283,1,-1,-1,-1,0.697349,0.697349,4.683127,2.743335
8,4990,-78.997976,342.210440,19.078476,8.565544,1,-1,-1,-1,0.709107,0.709107,4.952235,2.960897
8,4989,-82.709538,355.986178,16.381888,8.115867,1,-1,-1,-1,0.697349,0.697349,4.683127,2.743335
8,4988,128.642119,116.924872,18.164522,7.637243,1,-1,-1,-1,0.697349,0.697349,4.683127,2.743335
8,4987,41.373359,204.849772,8.072778,17.176691,1,-1,-1,-1,0.707694,0.707694,4.751699,2.785203
8,4986,187.271106,117.890164,24.541761,9.555953,1,-1,-1,-1,0.697349,0.697349,4.683127,2.743335
8,4985,86.616506,131.107729,20.031115,8.863995,1,-1,-1,-1,0.697349,0.697349,4.683127,2.743335
8,4984,123.593962,354.781727,17.737674,8.124551,1,-1,-1,-1,0.697349,0.697349,4.683127,2.743335
8,4983,41.651710,177.976234,7.520375,15.415637,1,-1,-1,-1,0.697349,0.697349,4.683127,2.743335
8,4982,122.553893,131.454411,18.446025,8.932394,1,-1,-1,-1,0.697349,0.697349,4.683127,2.743335
8,4981,152.948053,354.765090,19.564209,8.245085,1,-1,-1,-1,0.697349,0.697349,4.683127,2.743335
8,4980,41.871623,447.157073,8.169895,21.427026,1,-1,-1,-1,0.697349,0.697349,4.683127,2.743335
9,4996,-53.605176,356.139033,14.588466,7.609431,1,-1,-1,-1,0.697349,0.697349,4.683127,2.743335
9,4995,43.309023,415.847305,8.630390,18.984225,1,-1,-1,-1,0.686065,0.686065,4.388218,2.723746
9,4993,119.965779,504.221212,16.936581,8.292359,1,-1,-1,-1,0.686065,0.686065,4.388218,2.723746
9,4991,171.368690,341.551887,19.756983,10.420793,1,-1,-1,-1,0.686065,0.686065,4.388218,2.723746
9,4990,-77.010643,342.231667,18.967386,8.467086,1,-1,-1,-1,0.693272,0.693272,4.523488,2.837136
9,4989,-80.107400,355.639556,15.857633,7.861587,1,-1,-1,-1,0.686065,0.686065,4.388218,2.723746
9,4988,130.341059,116.976616,18.348767,7.713058,1,-1,-1,-1,0.686065,0.686065,4.388218,2.723746
9,4987,43.020117,204.059819,7.864827,16.647859,1,-1,-1,-1,0.693227,0.693227,4.458919,2.745845
9,4986,189.187818,117.937598,24.537522,9.536697,1,-1,-1,-1,0.686065,0.686065,4.388218,2.723746
9,4985,85.595456,131.004463,20.116910,8.943963,1,-1,-1,-1,0.686065,0.686065,4.388218,2.723746
9,4984,124.804413,354.799133,17.711456,8.134918,1,-1,-1,-1,0.686065,0.686065,4.388218,2.723746
9,4983,43.366859,177.989543,7.478805,15.413829,1,-1,-1,-1,0.686065,0.686065,4.388218,2.723746
9,4982,122.549187,131.453153,18.459851,8.928584,1,-1,-1,-1,0.686065,0.686065,4.388218,2.723746
9,4981,154.440737,354.761221,19.563272,8.243788,1,-1,-1,-1,0.686065,0.686065,4.388218,2.723746
9,4980,43.589505,447.159915,8.170000,21.428037,1,-1,-1,-1,0.686065,0.686065,4.388218,2.723746
10,4996,-51.786267,356.370977,14.874824,7.848191,1,-1,-1,-1,0.686065,0.686065,4.388218,2.723746
10,4995,45.342821,415.907085,8.631186,19.024021,1,-1,-1,-1,0.678159,0.678159,4.155461,2.713360
10,4993,121.954652,504.181994,16.691782,8.240473,1,-1,-1,-1,0.678159,0.678159,4.155461,2.713360
10,4991,173.316781,341.577411,19.701488,10.380853,1,-1,-1,-1,0.678159,0.678159,4.155461,2.713360
10,4990,-74.662609,342.269602,18.874127,8.421432,1,-1,-1,-1,0.683262,0.683262,4.240620,2.773071
10,4988,132.450017,116.935785,18.224537,7.715739,1,-1,-1,-1,0.678159,0.678159,4.155461,2.713360
10,4987,45.044958,205.252622,7.906573,16.882783,1,-1,-1,-1,0.683248,0.683248,4.222594,2.725074
10,4986,191.469988,118.147415,24.549395,9.576149,1,-1,-1,-1,0.678159,0.678159,4.155461,2.713360
10,4985,84.532260,131.173656,20.430287,9.293403,1,-1,-1,-1,0.678159,0.678159,4.155461,2.713360
10,4984,126.432264,354.726416,17.548174,8.096549,1,-1,-1,-1,0.678159,0.678159,4.155461,2.713360
10,4983,45.392665,178.211751,7.506454,15.558063,1,-1,-1,-1,0.678159,0.678159,4.155461,2.713360
10,4982,122.534207,131.465026,18.484610,8.937169,1,-1,-1,-1,0.678159,0.678159,4.155461,2.713360
10,4981,156.142612,354.760091,19.559242,8.242579,1,-1,-1,-1,0.678159,0.678159,4.155461,2.713360
10,4980,45.613259,447.149159,8.162089,21.411204,1,-1,-1,-1,0.678159,0.678159,4.155461,2.713360
11,4997,79.658437,354.156821,17.056307,8.038163,1,-1,-1,-1,0.688758,0.688758,4.635157,2.913154
11,4996,-49.744575,356.321931,15.165613,7.954732,1,-1,-1,-1,0.678159,0.678159,4.155461,2.713360
11,4995,47.736755,415.563085,8.473077,18.693460,1,-1,-1,-1,0.672446,0.672446,3.969193,2.707841
11,4993,124.227059,504.215145,16.650646,8.218581,1,-1,-1,-1,0.672446,0.672446,3.969193,2.707841
11,4991,175.309028,341.604428,19.785703,10.372834,1,-1,-1,-1,0.672446,0.672446,3.969193,2.707841
11,4990,-72.194969,342.272695,18.784000,8.369122,1,-1,-1,-1,0.676201,0.676201,4.033694,2.739455
11,4988,134.295162,117.045472,17.720831,7.720408,1,-1,-1,-1,0.672446,0.672446,3.969193,2.707841
11,4987,47.472154,204.300536,7.923306,16.634055,1,-1,-1,-1,0.676155,0.676155,4.030254,2.714065
11,4986,193.338122,118.021986,24.692663,9.596407,1,-1,-1,-1,0.672446,0.672446,3.969193,2.707841
11,4985,83.404481,131.032217,20.534845,9.487770,1,-1,-1,-1,0.672446,0.672446,3.969193,2.707841
11,4984,127.787358,354.805288,17.513680,8.109001,1,-1,-1,-1,0.672446,0.672446,3.969193,2.707841
11,4983,47.577617,177.879899,7.530711,15.599753,1,-1,-1,-1,0.672446,0.672446,3.969193,2.707841
11,4982,122.524742,131.486911,18.508309,8.952961,1,-1,-1,-1,0.672446,0.672446,3.969193,2.707841
11,4981,158.023797,354.759805,19.556515,8.241786,1,-1,-1,-1,0.672446,0.672446,3.969193,2.707841
11,4980,47.921692,447.152528,8.164568,21.417177,1,-1,-1,-1,0.672446,0.672446,3.969193,2.707841
12,4997,78.531326,354.497041,17.349766,8.272636,1,-1,-1,-1,0.678865,0.678865,4.260805,2.812557
12,4996,-47.229910,356.132082,15.358886,7.892666,1,-1,-1,-1,0.672446,0.672446,3.969193,2.707841
12,4995,50.307606,415.780759,8.538774,18.814903,1,-1,-1,-1,0.668212,0.668212,3.818265,2.704905
12,4993,127.071427,504.070546,16.770295,8.162553,1,-1,-1,-1,0.668212,0.668212,3.818265,2.704905
12,4991,177.968777,341.648934,20.035262,10.395643,1,-1,-1,-1,0.668212,0.668212,3.818265,2.704905
12,4990,-69.844395,342.201092,18.566130,8.371907,1,-1,-1,-1,0.671028,0.671028,3.872626,2.721691
12,4988,137.174637,117.154749,17.971610,7.837062,1,-1,-1,-1,0.668212,0.668212,3.818265,2.704905
12,4987,50.165995,206.649059,8.297819,17.587876,1,-1,-1,-1,0.670976,0.670976,3.872512,2.708216
12,4986,195.748042,118.012333,24.744726,9.639435,1,-1,-1,-1,0.668212,0.668212,3.818265,2.704905
12,4985,82.432986,131.229055,20.731300,9.927739,1,-1,-1,-1,0.668212,0.668212,3.818265,2.704905
12,4984,129.321438,354.858404,17.587170,8.155552,1,-1,-1,-1,0.668212,0.668212,3.818265,2.704905
12,4983,50.145654,178.186249,7.650500,15.791341,1,-1,-1,-1,0.668212,0.668212,3.818265,2.704905
12,4982,122.523526,131.491241,18.519177,8.959987,1,-1,-1,-1,0.668212,0.668212,3.818265,2.704905
12,4981,160.102796,354.756602,19.545488,8.234264,1,-1,-1,-1,0.668212,0.668212,3.818265,2.704905
12,4980,50.536135,447.159612,8.166248,21.421198,1,-1,-1,-1,0.668212,0.668212,3.818265,2.704905
13,5003,66.953951,77.422044,8.458864,19.867334,1,-1,-1,-1,0.847083,0.847083,7.132717,3.262201
13,4996,-44.479894,355.960173,15.444745,7.864974,1,-1,-1,-1,0.668212,0.668212,3.818265,2.704905
13,4995,53.189744,415.799326,8.598937,18.895308,1,-1,-1,-1,0.665009,0.665009,3.694582,2.703342
13,4993,129.962614,504.214748,17.095960,8.270168,1,-1,-1,-1,0.665009,0.665009,3.694582,2.703342
13,4991,180.982296,341.715701,20.143948,10.430875,1,-1,-1,-1,0.665009,0.665009,3.694582,2.703342
13,4990,-67.079466,342.086882,18.718886,8.386210,1,-1,-1,-1,0.667154,0.667154,3.742550,2.712269
13,4989,-70.171314,355.635394,15.612757,7.665230,1,-1,-1,-1,0.667041,0.667041,3.930852,2.837618
13,4988,140.306604,117.108444,17.664742,7.825807,1,-1,-1,-1,0.665009,0.665009,3.694582,2.703342
13,4987,52.897965,206.065662,8.305397,17.527278,1,-1,-1,-1,0.667107,0.667107,3.742165,2.705105
13,4986,198.883462,118.168310,24.811910,9.626234,1,-1,-1,-1,0.665009,0.665009,3.694582,2.703342
13,4985,81.183828,131.064158,21.181039,10.599426,1,-1,-1,-1,0.665009,0.665009,3.694582,2.703342
13,4984,130.995912,354.989766,17.751584,8.237242,1,-1,-1,-1,0.665009,0.665009,3.694582,2.703342
13,4983,53.015389,178.338632,7.756341,15.954020,1,-1,-1,-1,0.665009,0.665009,3.694582,2.703342
13,4982,122.517907,131.481103,18.540173,8.959479,1,-1,-1,-1,0.665009,0.665009,3.694582,2.703342
13,4981,162.404837,354.758286,19.539433,8.232324,1,-1,-1,-1,0.665009,0.665009,3.694582,2.703342
13,4980,53.475604,447.153269,8.167212,21.420742,1,-1,-1,-1,0.665009,0.665009,3.694582,2.703342
14,4996,-41.171337,355.875534,15.463690,7.824328,1,-1,-1,-1,0.665009,0.665009,3.694582,2.703342
14,4995,56.455596,415.690067,8.536475,18.866689,1,-1,-1,-1,0.662548,0.662548,3.592165,2.702510
14,4993,132.809693,504.206640,16.748696,8.242916,1,-1,-1,-1,0.662548,0.662548,3.592165,2.702510
14,4991,184.220563,341.723865,19.943159,10.451265,1,-1,-1,-1,0.662548,0.662548,3.592165,2.702510
14,4989,-67.097633,355.665546,15.637255,7.687517,1,-1,-1,-1,0.662749,0.662749,3.705947,2.773323
14,4988,143.775602,117.201252,17.917096,7.968829,1,-1,-1,-1,0.662548,0.662548,3.592165,2.702510
14,4987,56.264365,206.022676,8.268421,17.558574,1,-1,-1,-1,0.664165,0.664165,3.633636,2.703449
14,4986,202.032033,118.062194,24.826151,9.623005,1,-1,-1,-1,0.662548,0.662548,3.592165,2.702510
14,4985,79.914383,131.186421,21.936430,11.723170,1,-1,-1,-1,0.662548,0.662548,3.592165,2.702510
14,4984,132.942419,354.948053,17.780837,8.237969,1,-1,-1,-1,0.662548,0.662548,3.592165,2.702510
14,4983,56.233721,178.448157,7.759160,16.040137,1,-1,-1,-1,0.662548,0.662548,3.592165,2.702510
14,4982,122.521933,131.470223,18.522451,8.953513,1,-1,-1,-1,0.662548,0.662548,3.592165,2.702510
14,4981,164.871565,354.767481,19.539524,8.234371,1,-1,-1,-1,0.662548,0.662548,3.592165,2.702510
14,4980,56.707056,447.150966,8.167908,21.420392,1,-1,-1,-1,0.662548,0.662548,3.592165,2.702510
15,4996,-37.622179,355.970393,15.449591,7.857242,1,-1,-1,-1,0.662548,0.662548,3.592165,2.702510
15,4995,59.966524,415.795173,8.526456,18.907379,1,-1,-1,-1,0.660633,0.660633,3.506534,2.702067
15,4993,136.610385,504.048068,16.805657,8.166249,1,-1,-1,-1,0.660633,0.660633,3.506534,2.702067
15,4991,187.595056,341.574784,19.935482,10.425726,1,-1,-1,-1,0.660633,0.660633,3.506534,2.702067
15,4989,-63.806622,355.819829,15.754336,7.808245,1,-1,-1,-1,0.660640,0.660640,3.561964,2.739588
15,4988,146.831293,117.012852,17.609334,7.924322,1,-1,-1,-1,0.660633,0.660633,3.506534,2.702067
15,4987,59.765894,207.318602,8.310254,18.062208,1,-1,-1,-1,0.661894,0.661894,3.542591,2.702567
15,4985,79.364561,130.873649,22.362616,12.895084,1,-1,-1,-1,0.660633,0.660633,3.506534,2.702067
15,4984,135.098375,354.930755,17.687878,8.201129,1,-1,-1,-1,0.660633,0.660633,3.506534,2.702067
15,4983,59.711652,178.703480,7.779373,16.208348,1,-1,-1,-1,0.660633,0.660633,3.506534,2.702067
15,4982,122.517077,131.486641,18.535050,8.963155,1,-1,-1,-1,0.660633,0.660633,3.506534,2.702067
15,4981,167.495793,354.766913,19.543839,8.229967,1,-1,-1,-1,0.660633,0.660633,3.506534,2.702067
15,4980,60.231356,447.151927,8.168568,21.423235,1,-1,-1,-1,0.660633,0.660633,3.506534,2.702067
16,4996,-33.883590,356.055588,15.452150,7.859469,1,-1,-1,-1,0.660633,0.660633,3.506534,2.702067
16,4995,63.783606,415.850103,8.652450,18.998052,1,-1,-1,-1,0.659128,0.659128,3.434287,2.701831
16,4993,140.602029,504.044858,16.859548,8.142824,1,-1,-1,-1,0.659128,0.659128,3.434287,2.701831
16,4991,192.316481,341.249600,18.910114,10.163039,1,-1,-1,-1,0.659128,0.659128,3.434287,2.701831
16,4989,-59.966987,355.717942,15.782974,7.792293,1,-1,-1,-1,0.659130,0.659130,3.461356,2.721761
16,4988,150.659183,117.194964,17.871754,8.050907,1,-1,-1,-1,0.659128,0.659128,3.434287,2.701831
16,4987,63.698958,207.588780,8.415646,18.430932,1,-1,-1,-1,0.660120,0.660120,3.465641,2.702097
16,4985,78.470667,129.667843,22.381085,13.787767,1,-1,-1,-1,0.659128,0.659128,3.434287,2.701831
16,4984,137.509476,354.884478,17.642420,8.167604,1,-1,-1,-1,0.659128,0.659128,3.434287,2.701831
16,4983,63.766455,178.592463,7.754350,16.212903,1,-1,-1,-1,0.659128,0.659128,3.434287,2.701831
16,4982,122.527508,131.463442,18.515226,8.953108,1,-1,-1,-1,0.659128,0.659128,3.434287,2.701831
16,4981,170.278426,354.775844,19.544935,8.229737,1,-1,-1,-1,0.659128,0.659128,3.434287,2.701831
16,4980,64.042467,447.150070,8.168885,21.422178,1,-1,-1,-1,0.659128,0.659128,3.434287,2.701831
17,4995,67.857731,415.766753,8.674983,18.983419,1,-1,-1,-1,0.657936,0.657936,3.372813,2.701705
17,4993,144.505051,503.887795,16.873332,8.025495,1,-1,-1,-1,0.657936,0.657936,3.372813,2.701705
17,4991,196.400419,341.486682,18.773710,10.168678,1,-1,-1,-1,0.657936,0.657936,3.372813,2.701705
17,4990,-52.117762,342.263311,18.438652,8.372976,1,-1,-1,-1,0.660703,0.660703,3.613161,2.836271
17,4989,-54.771961,355.715875,15.643449,7.700362,1,-1,-1,-1,0.657943,0.657943,3.385969,2.712306
17,4988,155.077846,117.139362,17.892799,8.081842,1,-1,-1,-1,0.657936,0.657936,3.372813,2.701705
17,4987,67.646019,206.967538,8.535305,18.514951,1,-1,-1,-1,0.658723,0.658723,3.400126,2.701847
17,4985,79.386962,126.891985,20.443147,14.151876,1,-1,-1,-1,0.657936,0.657936,3.372813,2.701705
17,4984,139.876407,354.931477,17.662719,8.170861,1,-1,-1,-1,0.657936,0.657936,3.372813,2.701705
17,4983,67.819820,178.375779,7.784082,16.156919,1,-1,-1,-1,0.657936,0.657936,3.372813,2.701705
17,4982,122.520820,131.466477,18.502623,8.952084,1,-1,-1,-1,0.657936,0.657936,3.372813,2.701705
17,4981,173.240288,354.784166,19.538900,8.226263,1,-1,-1,-1,0.657936,0.657936,3.372813,2.701705
17,4980,68.151054,447.151327,8.169250,21.424458,1,-1,-1,-1,0.657936,0.657936,3.372813,2.701705
18,4995,68.988936,414.909281,8.671754,18.940835,1,-1,-1,-1,0.656986,0.656986,3.320085,2.701638
18,4993,144.495894,503.959413,16.625322,7.845521,1,-1,-1,-1,0.656986,0.656986,3.320085,2.701638
18,4991,198.597895,341.921398,18.227212,9.930374,1,-1,-1,-1,0.656986,0.656986,3.320085,2.701638
18,4990,-50.466405,340.029622,18.707734,8.384444,1,-1,-1,-1,0.657817,0.657817,3.452803,2.772619
18,4989,-52.999889,353.617443,15.496739,7.689650,1,-1,-1,-1,0.656995,0.656995,3.326405,2.707280
18,4988,159.750428,117.231812,18.110756,8.113241,1,-1,-1,-1,0.656986,0.656986,3.320085,2.701638
18,4987,71.180249,206.384289,8.691979,18.720492,1,-1,-1,-1,0.657614,0.657614,3.343948,2.701714
18,4984,140.023213,355.029977,17.678181,8.188220,1,-1,-1,-1,0.656986,0.656986,3.320085,2.701638
18,4983,71.617293,177.052598,7.790126,15.960087,1,-1,-1,-1,0.656986,0.656986,3.320085,2.701638
18,4982,122.520835,131.456227,18.479626,8.941784,1,-1,-1,-1,0.656986,0.656986,3.320085,2.701638
18,4981,173.784224,355.344047,19.557365,8.254524,1,-1,-1,-1,0.656986,0.656986,3.320085,2.701638
18,4980,68.905013,446.443245,8.255154,21.482491,1,-1,-1,-1,0.656986,0.656986,3.320085,2.701638
19,5009,94.594440,74.612487,7.334331,15.214007,1,-1,-1,-1,0.847083,0.847083,7.132717,3.262201
19,4991,197.512908,343.756511,18.349437,9.846441,1,-1,-1,-1,0.656225,0.656225,3.274518,2.701603
19,4987,74.035480,205.199875,8.768102,18.915313,1,-1,-1,-1,0.656728,0.656728,3.295443,2.701643
19,4984,137.360088,355.690854,17.850115,8.436864,1,-1,-1,-1,0.656225,0.656225,3.274518,2.701603
19,4983,75.277713,175.644453,7.822376,15.924071,1,-1,-1,-1,0.656225,0.656225,3.274518,2.701603
19,4982,122.516308,131.453445,18.493195,8.935858,1,-1,-1,-1,0.656225,0.656225,3.274518,2.701603
19,4981,171.292894,356.829458,19.689125,8.459185,1,-1,-1,-1,0.656225,0.656225,3.274518,2.701603
20,5011,74.886071,227.252671,7.572847,15.886639,1,-1,-1,-1,0.847083,0.847083,7.132717,3.262201
20,5009,101.443226,73.739132,7.337661,15.106111,1,-1,-1,-1,0.780933,0.780933,6.225018,2.988460
20,4987,76.479142,203.458164,9.059415,19.196427,1,-1,-1,-1,0.656018,0.656018,3.253283,2.701605
20,4984,133.480057,356.413659,18.115224,8.815316,1,-1,-1,-1,0.655613,0.655613,3.234861,2.701584
20,4983,78.761984,173.976170,8.201942,16.152998,1,-1,-1,-1,0.655613,0.655613,3.234861,2.701584
20,4982,122.516137,131.462208,18.488796,8.933872,1,-1,-1,-1,0.655613,0.655613,3.234861,2.701584
21,4987,76.650052,199.924553,9.850673,19.779203,1,-1,-1,-1,0.655447,0.655447,3.216405,2.701585
21,4983,81.066022,170.625534,8.599991,16.318353,1,-1,-1,-1,0.655120,0.655120,3.200116,2.701574
21,4982,122.513640,131.467633,18.492091,8.935657,1,-1,-1,-1,0.655120,0.655120,3.200116,2.701574
22,4983,82.662866,165.798620,9.542453,16.745114,1,-1,-1,-1,0.654721,0.654721,3.169484,2.701568
22,4982,122.518165,131.497898,18.508681,8.952065,1,-1,-1,-1,0.654721,0.654721,3.169484,2.701568
23,4982,122.502359,131.496083,18.536976,8.958672,1,-1,-1,-1,0.654397,0.654397,3.142321,2.701565
24,4982,122.506686,131.485838,18.559782,8.960518,1,-1,-1,-1,0.654134,0.654134,3.118101,2.701564
25,4982,122.476879,131.509991,18.598600,8.976955,1,-1,-1,-1,0.653921,0.653921,3.096395,2.701563
26,4982,122.480274,131.484273,18.603480,8.967805,1,-1,-1,-1,0.653747,0.653747,3.076849,2.701563
27,4982,122.483176,131.466097,18.589004,8.954854,1,-1,-1,-1,0.653605,0.653605,3.059169,2.701562
28,4982,122.512634,131.467233,18.559439,8.953491,1,-1,-1,-1,0.653490,0.653490,3.043111,2.701562
29,4982,122.502501,131.502813,18.571185,8.967708,1,-1,-1,-1,0.653396,0.653396,3.028469,2.701562
30,4982,122.514232,131.491532,18.583602,8.963841,1,-1,-1,-1,0.653319,0.653319,3.015070,2.701562
31,4982,122.502616,131.525737,18.607273,8.989786,1,-1,-1,-1,0.653256,0.653256,3.002767,2.701562
32,5137,109.065950,117.260207,18.718875,8.368266,1,-1,-1,-1,0.847083,0.847083,7.132717,3.262201
32,4982,122.449896,131.500794,18.693120,8.990363,1,-1,-1,-1,0.653205,0.653205,2.991436,2.701562
33,5149,88.518042,117.344083,19.148012,8.811434,1,-1,-1,-1,0.847083,0.847083,7.132717,3.262201
33,5148,-91.561081,117.100375,18.424862,8.361553,1,-1,-1,-1,0.847083,0.847083,7.132717,3.262201
33,5142,-123.054428,117.030442,21.430112,8.141543,1,-1,-1,-1,0.847083,0.847083,7.132717,3.262201
33,5137,117.024643,117.237051,18.364210,8.224344,1,-1,-1,-1,0.780933,0.780933,6.225018,2.988460
33,4982,122.455555,131.461429,18.674243,8.971721,1,-1,-1,-1,0.653163,0.653163,2.980969,2.701562
34,5148,-83.447641,117.351596,18.737285,8.582222,1,-1,-1,-1,0.780933,0.780933,6.225018,2.988460
34,5142,-114.838594,117.028598,21.421858,8.137239,1,-1,-1,-1,0.780933,0.780933,6.225018,2.988460
34,5137,125.024557,117.079712,17.177146,7.813522,1,-1,-1,-1,0.739812,0.739812,5.560040,2.851250
34,4982,122.455303,131.456132,18.671809,8.958375,1,-1,-1,-1,0.653129,0.653129,2.971273,2.701562
35,5148,-74.943576,117.402874,18.845290,8.638519,1,-1,-1,-1,0.739812,0.739812,5.560040,2.851250
35,5142,-106.296046,117.029774,21.425356,8.139557,1,-1,-1,-1,0.739812,0.739812,5.560040,2.851250
35,5137,133.329803,117.075425,16.244688,7.537256,1,-1,-1,-1,0.714060,0.714060,5.062690,2.780435
35,4982,122.424159,131.478806,18.674155,8.962873,1,-1,-1,-1,0.653101,0.653101,2.962268,2.701562
36,5148,-66.055269,117.379779,18.992285,8.659440,1,-1,-1,-1,0.714060,0.714060,5.062690,2.780435
36,5142,-97.420781,117.028502,21.419793,8.136407,1,-1,-1,-1,0.714060,0.714060,5.062690,2.780435
36,4982,122.447593,131.445956,18.656821,8.943117,1,-1,-1,-1,0.653078,0.653078,2.953887,2.701562
37,5177,177.505644,117.356470,16.823363,8.124873,1,-1,-1,-1,0.847083,0.847083,7.132717,3.262201
37,5148,-56.855224,117.354366,19.020862,8.681130,1,-1,-1,-1,0.697349,0.697349,4.683127,2.743335
37,5142,-88.207037,117.028444,21.416519,8.134426,1,-1,-1,-1,0.697349,0.697349,4.683127,2.743335
37,4982,122.469776,131.445510,18.630294,8.931294,1,-1,-1,-1,0.653059,0.653059,2.946067,2.701562
38,5177,186.930095,116.952450,16.612501,7.982632,1,-1,-1,-1,0.780933,0.780933,6.225018,2.988460
38,5148,-47.529366,117.423132,19.103658,8.748112,1,-1,-1,-1,0.686065,0.686065,4.388218,2.723746
38,5142,-78.831238,117.028699,21.414503,8.133129,1,-1,-1,-1,0.686065,0.686065,4.388218,2.723746
38,4982,122.461192,131.455764,18.628128,8.925829,1,-1,-1,-1,0.653044,0.653044,2.938756,2.701562
39,5177,195.993895,116.972968,16.622390,8.093480,1,-1,-1,-1,0.739812,0.739812,5.560040,2.851250
39,5148,-38.536965,117.454346,19.212366,8.783630,1,-1,-1,-1,0.678159,0.678159,4.155461,2.713360
39,5142,-69.826683,117.030523,21.418550,8.135963,1,-1,-1,-1,0.678159,0.678159,4.155461,2.713360
39,4982,122.462879,131.456095,18.623957,8.924602,1,-1,-1,-1,0.653031,0.653031,2.931907,2.701562
40,5177,204.358329,116.846444,16.469270,8.080497,1,-1,-1,-1,0.714060,0.714060,5.062690,2.780435
40,5148,-30.181617,117.174448,19.040180,8.635624,1,-1,-1,-1,0.672446,0.672446,3.969193,2.707841
40,5142,-61.448086,117.037505,21.420954,8.137820,1,-1,-1,-1,0.672446,0.672446,3.969193,2.707841
40,4982,122.460562,131.463126,18.615270,8.923594,1,-1,-1,-1,0.653021,0.653021,2.925479,2.701562
41,5177,211.424466,116.798875,16.481937,8.089026,1,-1,-1,-1,0.697349,0.697349,4.683127,2.743335
41,5148,-22.448106,117.279103,18.952251,8.634957,1,-1,-1,-1,0.668212,0.668212,3.818265,2.704905
41,5142,-53.781844,117.031512,21.417641,8.135571,1,-1,-1,-1,0.668212,0.668212,3.818265,2.704905
41,4982,122.462186,131.459607,18.600494,8.922699,1,-1,-1,-1,0.653013,0.653013,2.919436,2.701562
42,5177,218.573998,116.856316,16.527851,8.021742,1,-1,-1,-1,0.686065,0.686065,4.388218,2.723746
42,5148,-15.458854,117.187217,18.781497,8.590683,1,-1,-1,-1,0.665009,0.665009,3.694582,2.703342
42,5142,-46.859281,117.029592,21.415408,8.134001,1,-1,-1,-1,0.665009,0.665009,3.694582,2.703342
42,4982,122.459704,131.460260,18.601170,8.925059,1,-1,-1,-1,0.653006,0.653006,2.913746,2.701562
43,5228,195.929980,117.120531,17.161207,8.083020,1,-1,-1,-1,0.847083,0.847083,7.132717,3.262201
43,5148,-9.321193,117.296265,18.802108,8.631215,1,-1,-1,-1,0.662548,0.662548,3.592165,2.702510
43,5142,-40.676004,117.030774,21.418199,8.136211,1,-1,-1,-1,0.662548,0.662548,3.592165,2.702510
43,4982,122.444920,131.449845,18.609626,8.921301,1,-1,-1,-1,0.653000,0.653000,2.908379,2.701562
44,5228,201.775415,117.067175,16.682161,7.907038,1,-1,-1,-1,0.780933,0.780933,6.225018,2.988460
44,5148,-3.824780,117.158669,18.713371,8.580778,1,-1,-1,-1,0.660633,0.660633,3.506534,2.702067
44,5142,-35.238555,117.029188,21.415851,8.134482,1,-1,-1,-1,0.660633,0.660633,3.506534,2.702067
44,4982,122.439820,131.386972,18.625001,8.887678,1,-1,-1,-1,0.652996,0.652996,2.903309,2.701562
45,5228,206.030015,116.951236,16.412473,7.765136,1,-1,-1,-1,0.739812,0.739812,5.560040,2.851250
45,5148,0.910369,117.170207,18.823447,8.566580,1,-1,-1,-1,0.659128,0.659128,3.434287,2.701831
45,5142,-30.540647,117.028804,21.417284,8.133389,1,-1,-1,-1,0.659128,0.659128,3.434287,2.701831
45,4982,122.456141,131.415051,18.601002,8.882416,1,-1,-1,-1,0.652992,0.652992,2.898514,2.701562
46,5254,76.946961,257.203373,10.307958,20.127743,1,-1,-1,-1,0.847083,0.847083,7.132717,3.262201
46,5228,210.242613,117.183073,16.608763,7.860158,1,-1,-1,-1,0.714060,0.714060,5.062690,2.780435
46,5148,4.824089,117.130977,18.589695,8.484446,1,-1,-1,-1,0.657936,0.657936,3.372813,2.701705
46,5142,-26.578421,117.030624,21.419205,8.135625,1,-1,-1,-1,0.657936,0.657936,3.372813,2.701705
46,4982,122.480761,131.459749,18.568216,8.897780,1,-1,-1,-1,0.652989,0.652989,2.893973,2.701562
47,5258,67.250024,170.269920,7.783441,16.547752,1,-1,-1,-1,0.847083,0.847083,7.132717,3.262201
47,5254,80.116595,256.615802,10.285005,20.039907,1,-1,-1,-1,0.780933,0.780933,6.225018,2.988460
47,5228,213.872134,117.025678,16.832742,7.939825,1,-1,-1,-1,0.697349,0.697349,4.683127,2.743335
47,5148,8.017125,117.260702,18.714438,8.526341,1,-1,-1,-1,0.656986,0.656986,3.320085,2.701638
47,5142,-23.353978,117.029221,21.416648,8.134078,1,-1,-1,-1,0.656986,0.656986,3.320085,2.701638
47,4982,122.488331,131.482470,18.552862,8.911974,1,-1,-1,-1,0.652986,0.652986,2.889667,2.701562
48,5269,68.367861,37.012481,7.996696,17.488580,1,-1,-1,-1,0.847083,0.847083,7.132717,3.262201
48,5268,-80.006255,201.671185,8.041167,16.536748,1,-1,-1,-1,0.847083,0.847083,7.132717,3.262201
48,5266,82.327128,6.685805,8.778317,18.874687,1,-1,-1,-1,0.847083,0.847083,7.132717,3.262201
48,5265,82.793702,34.742804,7.964494,17.949820,1,-1,-1,-1,0.847083,0.847083,7.132717,3.262201
48,5264,82.930108,63.813695,7.840016,18.081688,1,-1,-1,-1,0.847083,0.847083,7.132717,3.262201
48,5263,69.042930,204.119617,8.173576,19.477506,1,-1,-1,-1,0.847083,0.847083,7.132717,3.262201
48,5258,69.645906,166.708663,7.675590,16.135901,1,-1,-1,-1,0.780933,0.780933,6.225018,2.988460
48,5254,82.518666,256.641511,10.229724,19.990234,1,-1,-1,-1,0.739812,0.739812,5.560040,2.851250
48,5228,216.086759,116.994207,16.977513,7.924879,1,-1,-1,-1,0.686065,0.686065,4.388218,2.723746
48,5148,10.344833,117.101128,18.733504,8.441564,1,-1,-1,-1,0.656225,0.656225,3.274518,2.701603
48,5142,-20.875835,117.030682,21.418571,8.136064,1,-1,-1,-1,0.656225,0.656225,3.274518,2.701603
48,4982,122.495588,131.492328,18.544831,8.927964,1,-1,-1,-1,0.652984,0.652984,2.885579,2.701562
49,5269,70.072422,36.147707,7.681308,16.539180,1,-1,-1,-1,0.780933,0.780933,6.225018,2.988460
49,5268,-78.260083,200.528193,7.744883,15.806598,1,-1,-1,-1,0.780933,0.780933,6.225018,2.988460
49,5266,84.134496,6.921972,8.789635,18.694110,1,-1,-1,-1,0.780933,0.780933,6.225018,2.988460
49,5265,84.700912,34.997360,7.948998,17.982257,1,-1,-1,-1,0.780933,0.780933,6.225018,2.988460
49,5264,84.618616,64.311185,7.828151,18.240495,1,-1,-1,-1,0.780933,0.780933,6.225018,2.988460
49,5263,70.758967,202.081444,8.175659,19.475650,1,-1,-1,-1,0.780933,0.780933,6.225018,2.988460
49,5258,71.464848,164.191478,7.543912,15.952753,1,-1,-1,-1,0.739812,0.739812,5.560040,2.851250
49,5254,84.464584,255.732337,10.079056,19.323148,1,-1,-1,-1,0.714060,0.714060,5.062690,2.780435
49,5251,189.181100,116.915634,16.567469,8.033299,1,-1,-1,-1,0.715357,0.715357,5.235760,2.953529
49,5228,217.413748,116.853832,16.857156,7.854343,1,-1,-1,-1,0.678159,0.678159,4.155461,2.713360
49,5148,12.216975,117.105805,18.770694,8.423985,1,-1,-1,-1,0.655613,0.655613,3.234861,2.701584
49,5142,-19.132288,117.030901,21.419874,8.137475,1,-1,-1,-1,0.655613,0.655613,3.234861,2.701584
49,4982,122.499996,131.482916,18.538499,8.934082,1,-1,-1,-1,0.652983,0.652983,2.881694,2.701562
50,5269,70.774492,35.726810,7.875171,17.150373,1,-1,-1,-1,0.739812,0.739812,5.560040,2.851250
50,5268,-77.244512,200.847948,7.686438,15.713198,1,-1,-1,-1,0.739812,0.739812,5.560040,2.851250
50,5266,85.193384,7.132477,8.585481,18.483408,1,-1,-1,-1,0.739812,0.739812,5.560040,2.851250
50,5265,85.550613,35.123901,8.073171,18.434894,1,-1,-1,-1,0.739812,0.739812,5.560040,2.851250
50,5264,85.388287,64.247744,7.885176,18.379652,1,-1,-1,-1,0.739812,0.739812,5.560040,2.851250
50,5263,71.780434,199.909788,8.189581,19.483861,1,-1,-1,-1,0.739812,0.739812,5.560040,2.851250
50,5258,72.169699,160.995873,7.681937,15.850771,1,-1,-1,-1,0.714060,0.714060,5.062690,2.780435
50,5254,85.373440,256.080383,10.426556,19.609652,1,-1,-1,-1,0.697349,0.697349,4.683127,2.743335
50,5251,190.530417,116.836182,16.678899,7.993771,1,-1,-1,-1,0.697378,0.697378,4.731599,2.833354
50,5228,218.505938,116.675508,16.858393,7.830270,1,-1,-1,-1,0.672446,0.672446,3.969193,2.707841
50,5148,13.308149,117.160178,18.759694,8.424661,1,-1,-1,-1,0.655120,0.655120,3.200116,2.701574
50,5142,-18.117440,117.028989,21.417145,8.135432,1,-1,-1,-1,0.655120,0.655120,3.200116,2.701574
50,4982,122.510334,131.476380,18.525304,8.935632,1,-1,-1,-1,0.652981,0.652981,2.877997,2.701562
51,5273,85.155537,222.881274,8.020406,17.070957,1,-1,-1,-1,0.847083,0.847083,7.132717,3.262201
51,5269,71.638298,34.687877,7.793483,17.229076,1,-1,-1,-1,0.714060,0.714060,5.062690,2.780435
51,5268,-77.099552,200.566847,7.930621,15.732935,1,-1,-1,-1,0.714060,0.714060,5.062690,2.780435
51,5266,85.552615,7.691084,8.298867,17.858741,1,-1,-1,-1,0.714060,0.714060,5.062690,2.780435
51,5265,86.041083,35.158638,8.047566,18.410188,1,-1,-1,-1,0.714060,0.714060,5.062690,2.780435
51,5264,85.821829,64.123858,7.900084,18.447407,1,-1,-1,-1,0.714060,0.714060,5.062690,2.780435
51,5263,72.129040,197.614121,8.189563,19.476900,1,-1,-1,-1,0.714060,0.714060,5.062690,2.780435
51,5258,72.679749,157.712480,7.552788,15.392686,1,-1,-1,-1,0.697349,0.697349,4.683127,2.743335
51,5254,85.832928,255.389593,10.255229,18.854484,1,-1,-1,-1,0.686065,0.686065,4.388218,2.723746
51,5251,191.260721,116.653076,16.812887,7.997168,1,-1,-1,-1,0.686088,0.686088,4.398862,2.771095
51,5228,218.330747,117.040865,16.846028,7.960552,1,-1,-1,-1,0.668212,0.668212,3.818265,2.704905
51,5148,13.623756,117.113196,18.700598,8.397322,1,-1,-1,-1,0.654721,0.654721,3.169484,2.701568
51,5142,-17.810336,117.030371,21.418742,8.136979,1,-1,-1,-1,0.654721,0.654721,3.169484,2.701568
51,4982,122.520305,131.473523,18.521256,8.936853,1,-1,-1,-1,0.652980,0.652980,2.874476,2.701562
52,5274,71.192875,-6.115421,8.472270,17.077329,1,-1,-1,-1,0.847083,0.847083,7.132717,3.262201
52,5273,85.591815,224.147807,7.944947,17.031713,1,-1,-1,-1,0.780933,0.780933,6.225018,2.988460
52,5268,-76.961575,202.190245,8.005940,16.279163,1,-1,-1,-1,0.697349,0.697349,4.683127,2.743335
52,5266,85.976874,7.619053,8.000932,17.155762,1,-1,-1,-1,0.697349,0.697349,4.683127,2.743335
52,5265,86.094812,35.153506,8.112490,18.451765,1,-1,-1,-1,0.697349,0.697349,4.683127,2.743335
52,5264,85.947494,64.059012,7.911167,18.493226,1,-1,-1,-1,0.697349,0.697349,4.683127,2.743335
52,5263,72.155847,195.142308,8.193795,19.478259,1,-1,-1,-1,0.697349,0.697349,4.683127,2.743335
52,5258,72.651770,154.780949,7.465466,15.193831,1,-1,-1,-1,0.686065,0.686065,4.388218,2.723746
52,5254,85.954276,256.743141,10.344727,19.247116,1,-1,-1,-1,0.678159,0.678159,4.155461,2.713360
52,5251,191.683846,116.782755,16.816000,8.111841,1,-1,-1,-1,0.678218,0.678218,4.156458,2.738413
52,5228,219.413021,116.945204,16.996042,8.014816,1,-1,-1,-1,0.665009,0.665009,3.694582,2.703342
52,5148,13.574858,117.060495,18.765288,8.372462,1,-1,-1,-1,0.654397,0.654397,3.142321,2.701565
52,5142,-17.863036,117.028863,21.416344,8.135079,1,-1,-1,-1,0.654397,0.654397,3.142321,2.701565
52,4982,122.521037,131.472225,18.512727,8.937661,1,-1,-1,-1,0.652979,0.652979,2.871119,2.701562
53,5268,-77.074895,202.126734,7.972834,16.341883,1,-1,-1,-1,0.686065,0.686065,4.388218,2.723746
53,5265,86.027159,35.096993,8.143625,18.512042,1,-1,-1,-1,0.686065,0.686065,4.388218,2.723746
53,5264,85.830270,64.105141,7.912512,18.444075,1,-1,-1,-1,0.686065,0.686065,4.388218,2.723746
53,5263,72.085611,192.398392,8.207529,19.487929,1,-1,-1,-1,0.686065,0.686065,4.388218,2.723746
53,5258,72.470515,151.584670,7.415485,14.973745,1,-1,-1,-1,0.678159,0.678159,4.155461,2.713360
53,5254,85.725008,256.936467,10.336489,19.433909,1,-1,-1,-1,0.672446,0.672446,3.969193,2.707841
53,5228,218.611741,116.954772,17.074523,8.014788,1,-1,-1,-1,0.662548,0.662548,3.592165,2.702510
53,5148,13.413358,117.399302,18.950534,8.510019,1,-1,-1,-1,0.654134,0.654134,3.118101,2.701564
53,5142,-18.044883,117.030393,21.418077,8.136692,1,-1,-1,-1,0.654134,0.654134,3.118101,2.701564
53,4982,122.529395,131.469682,18.506336,8.935470,1,-1,-1,-1,0.652978,0.652978,2.867916,2.701562
54,5268,-77.211552,202.011548,8.040990,16.442168,1,-1,-1,-1,0.678159,0.678159,4.155461,2.713360
54,5265,86.177813,35.321854,8.272703,18.784401,1,-1,-1,-1,0.678159,0.678159,4.155461,2.713360
54,5264,85.812302,63.951082,7.866254,18.428884,1,-1,-1,-1,0.678159,0.678159,4.155461,2.713360
54,5263,71.994513,189.338512,8.212806,19.487548,1,-1,-1,-1,0.678159,0.678159,4.155461,2.713360
54,5258,72.348313,147.914455,7.424487,14.947614,1,-1,-1,-1,0.672446,0.672446,3.969193,2.707841
54,5254,85.354039,257.006483,10.457260,19.785023,1,-1,-1,-1,0.668212,0.668212,3.818265,2.704905
54,5228,218.277401,117.199252,17.269760,8.191957,1,-1,-1,-1,0.660633,0.660633,3.506534,2.702067
54,5148,13.100447,117.548649,19.063373,8.625234,1,-1,-1,-1,0.653921,0.653921,3.096395,2.701563
54,5142,-18.255840,117.030699,21.419290,8.137848,1,-1,-1,-1,0.653921,0.653921,3.096395,2.701563
54,4982,122.527044,131.470949,18.501849,8.936657,1,-1,-1,-1,0.652978,0.652978,2.864857,2.701562
55,5268,-77.192865,202.377098,8.015497,16.628000,1,-1,-1,-1,0.672446,0.672446,3.969193,2.707841
55,5265,85.941528,35.221151,8.273353,18.659877,1,-1,-1,-1,0.672446,0.672446,3.969193,2.707841
55,5264,85.658439,64.007396,7.832485,18.272609,1,-1,-1,-1,0.672446,0.672446,3.969193,2.707841
55,5263,71.909165,186.316494,8.216854,19.493193,1,-1,-1,-1,0.672446,0.672446,3.969193,2.707841
55,5258,72.409795,144.548126,7.389464,14.839693,1,-1,-1,-1,0.668212,0.668212,3.818265,2.704905
55,5254,85.369900,257.474006,10.432987,20.031549,1,-1,-1,-1,0.665009,0.665009,3.694582,2.703342
55,5228,217.652890,117.040665,17.185125,8.144645,1,-1,-1,-1,0.659128,0.659128,3.434287,2.701831
55,5148,12.888372,117.375736,18.984549,8.629370,1,-1,-1,-1,0.653747,0.653747,3.076849,2.701563
55,5142,-18.463624,117.037151,21.420132,8.138677,1,-1,-1,-1,0.653747,0.653747,3.076849,2.701563
55,4982,122.526911,131.477733,18.498576,8.937525,1,-1,-1,-1,0.652977,0.652977,2.861934,2.701562
56,5279,71.561298,222.383980,8.280920,17.490492,1,-1,-1,-1,0.847083,0.847083,7.132717,3.262201
56,5268,-77.293594,202.697166,8.123595,16.926253,1,-1,-1,-1,0.668212,0.668212,3.818265,2.704905
56,5265,86.003980,35.161967,8.223101,18.592917,1,-1,-1,-1,0.668212,0.668212,3.818265,2.704905
56,5264,85.539671,64.164134,7.877169,18.421261,1,-1,-1,-1,0.668212,0.668212,3.818265,2.704905
56,5263,71.841064,183.765550,8.219706,19.499782,1,-1,-1,-1,0.668212,0.668212,3.818265,2.704905
56,5258,72.108055,140.592617,7.379639,14.728360,1,-1,-1,-1,0.665009,0.665009,3.694582,2.703342
56,5254,85.444441,256.691358,10.426306,19.956650,1,-1,-1,-1,0.662548,0.662548,3.592165,2.702510
56,5148,12.677105,117.331239,18.835623,8.612949,1,-1,-1,-1,0.653605,0.653605,3.059169,2.701562
56,5142,-18.657450,117.032908,21.420712,8.139268,1,-1,-1,-1,0.653605,0.653605,3.059169,2.701562
56,4982,122.522764,131.473578,18.498970,8.938198,1,-1,-1,-1,0.652977,0.652977,2.859137,2.701562
57,5279,71.548478,221.371759,8.480821,18.197521,1,-1,-1,-1,0.780933,0.780933,6.225018,2.988460
57,5268,-77.311722,202.807588,8.072137,17.121192,1,-1,-1,-1,0.665009,0.665009,3.694582,2.703342
57,5265,85.802051,35.171984,8.192506,18.600410,1,-1,-1,-1,0.665009,0.665009,3.694582,2.703342
57,5264,85.553965,64.245426,7.876754,18.455030,1,-1,-1,-1,0.665009,0.665009,3.694582,2.703342
57,5263,71.777329,181.855773,8.218313,19.502763,1,-1,-1,-1,0.665009,0.665009,3.694582,2.703342
57,5258,72.032224,137.168527,7.545470,14.823606,1,-1,-1,-1,0.662548,0.662548,3.592165,2.702510
57,5254,85.460267,256.580208,10.423086,19.823110,1,-1,-1,-1,0.660633,0.660633,3.506534,2.702067
57,5148,13.277788,118.887971,17.994526,9.222563,1,-1,-1,-1,0.653490,0.653490,3.043111,2.701562
57,5142,-18.834336,117.029347,21.420659,8.136815,1,-1,-1,-1,0.653490,0.653490,3.043111,2.701562
57,4982,122.523073,131.469957,18.501876,8.935945,1,-1,-1,-1,0.652977,0.652977,2.856459,2.701562
58,5284,84.272721,7.204187,8.675382,18.088028,1,-1,-1,-1,0.847083,0.847083,7.132717,3.262201
58,5279,71.368929,220.066687,8.568857,18.658042,1,-1,-1,-1,0.739812,0.739812,5.560040,2.851250
58,5275,34.847400,102.220588,24.783230,14.189556,1,-1,-1,-1,0.685782,0.685782,4.467547,2.916251
58,5268,-77.421422,201.299430,8.082545,16.678818,1,-1,-1,-1,0.662548,0.662548,3.592165,2.702510
58,5265,85.712116,35.150481,8.162598,18.617640,1,-1,-1,-1,0.662548,0.662548,3.592165,2.702510
58,5264,85.482627,63.959494,7.873998,18.447009,1,-1,-1,-1,0.662548,0.662548,3.592165,2.702510
58,5263,71.732029,180.654988,8.210902,19.502589,1,-1,-1,-1,0.662548,0.662548,3.592165,2.702510
58,5258,72.124357,133.665348,7.641503,15.002505,1,-1,-1,-1,0.660633,0.660633,3.506534,2.702067
58,5254,85.381286,256.953636,10.432905,19.715167,1,-1,-1,-1,0.659128,0.659128,3.434287,2.701831
58,5148,12.819025,117.794248,18.168851,9.047022,1,-1,-1,-1,0.653396,0.653396,3.028469,2.701562
58,5142,-18.996566,117.028448,21.417762,8.134967,1,-1,-1,-1,0.653396,0.653396,3.028469,2.701562
58,4982,122.522603,131.470833,18.504156,8.937082,1,-1,-1,-1,0.652976,0.652976,2.853893,2.701562
59,5284,84.420303,7.031094,8.901903,18.743646,1,-1,-1,-1,0.780933,0.780933,6.225018,2.988460
59,5279,71.407104,218.735398,8.601665,19.024733,1,-1,-1,-1,0.714060,0.714060,5.062690,2.780435
59,5268,-77.487322,201.839992,8.079835,16.815855,1,-1,-1,-1,0.660633,0.660633,3.506534,2.702067
59,5265,85.727063,35.060047,8.114969,18.481431,1,-1,-1,-1,0.660633,0.660633,3.506534,2.702067
59,5264,85.472544,63.906038,7.889026,18.418436,1,-1,-1,-1,0.660633,0.660633,3.506534,2.702067
59,5263,71.695115,180.170194,8.205564,19.502627,1,-1,-1,-1,0.660633,0.660633,3.506534,2.702067
59,5258,71.989806,129.490321,7.665249,15.048541,1,-1,-1,-1,0.659128,0.659128,3.434287,2.701831
59,5254,84.997013,256.998121,10.430930,19.783302,1,-1,-1,-1,0.657936,0.657936,3.372813,2.701705
59,5148,12.478040,117.551639,18.327329,8.986533,1,-1,-1,-1,0.653319,0.653319,3.015070,2.701562
59,5142,-19.140127,117.030240,21.418933,8.136541,1,-1,-1,-1,0.653319,0.653319,3.015070,2.701562
59,4982,122.524800,131.470994,18.500264,8.937837,1,-1,-1,-1,0.652976,0.652976,2.851434,2.701562
60,5284,84.748226,6.964894,8.898850,18.935565,1,-1,-1,-1,0.739812,0.739812,5.560040,2.851250
60,5279,71.380950,217.738162,8.687044,19.426042,1,-1,-1,-1,0.697349,0.697349,4.683127,2.743335
60,5268,-77.691027,201.621039,8.321026,16.858703,1,-1,-1,-1,0.659128,0.659128,3.434287,2.701831
60,5265,85.675911,34.996743,8.080097,18.201787,1,-1,-1,-1,0.659128,0.659128,3.434287,2.701831
60,5264,85.383856,64.065818,7.895650,18.435505,1,-1,-1,-1,0.659128,0.659128,3.434287,2.701831
60,5263,71.663904,180.065848,8.201700,19.502729,1,-1,-1,-1,0.659128,0.659128,3.434287,2.701831
60,5258,71.866145,125.319795,7.745647,15.014820,1,-1,-1,-1,0.657936,0.657936,3.372813,2.701705
60,5148,12.270134,117.381177,18.490431,8.941117,1,-1,-1,-1,0.653256,0.653256,3.002767,2.701562
60,5142,-19.270711,117.030654,21.419757,8.137679,1,-1,-1,-1,0.653256,0.653256,3.002767,2.701562
60,4982,122.528188,131.470892,18.500201,8.938425,1,-1,-1,-1,0.652976,0.652976,2.849075,2.701562
61,5284,84.795535,7.015213,8.869204,19.265674,1,-1,-1,-1,0.714060,0.714060,5.062690,2.780435
61,5279,71.295409,216.629547,8.726502,19.627797,1,-1,-1,-1,0.686065,0.686065,4.388218,2.723746
61,5268,-77.630896,202.895672,8.402690,17.285684,1,-1,-1,-1,0.657936,0.657936,3.372813,2.701705
61,5265,85.485817,35.182177,8.072577,18.221286,1,-1,-1,-1,0.657936,0.657936,3.372813,2.701705
61,5264,85.388005,64.106114,7.889403,18.533368,1,-1,-1,-1,0.657936,0.657936,3.372813,2.701705
61,5263,71.635248,180.095122,8.195711,19.498996,1,-1,-1,-1,0.657936,0.657936,3.372813,2.701705
61,5258,71.743126,121.339643,7.867280,15.080076,1,-1,-1,-1,0.656986,0.656986,3.320085,2.701638
61,5148,12.108109,117.158008,18.549050,8.795468,1,-1,-1,-1,0.653205,0.653205,2.991436,2.701562
61,5142,-19.388934,117.030614,21.420333,8.138500,1,-1,-1,-1,0.653205,0.653205,2.991436,2.701562
61,4982,122.531429,131.468843,18.502779,8.936113,1,-1,-1,-1,0.652976,0.652976,2.846809,2.701562
62,5284,84.484112,6.981512,8.918937,19.261792,1,-1,-1,-1,0.697349,0.697349,4.683127,2.743335
62,5283,85.094348,222.251879,7.753055,15.413256,1,-1,-1,-1,0.709107,0.709107,4.952235,2.960897
62,5279,71.384482,214.560422,8.704294,19.263257,1,-1,-1,-1,0.678159,0.678159,4.155461,2.713360
62,5268,-77.582007,202.175468,8.386395,17.134111,1,-1,-1,-1,0.656986,0.656986,3.320085,2.701638
62,5265,85.512959,35.188062,8.106041,18.400475,1,-1,-1,-1,0.656986,0.656986,3.320085,2.701638
62,5264,85.371733,64.350070,7.888090,18.491863,1,-1,-1,-1,0.656986,0.656986,3.320085,2.701638
62,5263,71.613275,180.170248,8.194546,19.500165,1,-1,-1,-1,0.656986,0.656986,3.320085,2.701638
62,5258,71.714646,117.401544,7.958872,15.267284,1,-1,-1,-1,0.656225,0.656225,3.274518,2.701603
62,5148,11.967805,117.077677,18.566159,8.679533,1,-1,-1,-1,0.653163,0.653163,2.980969,2.701562
62,5142,-19.495783,117.030456,21.420732,8.139091,1,-1,-1,-1,0.653163,0.653163,2.980969,2.701562
62,4982,122.530160,131.478767,18.502189,8.939938,1,-1,-1,-1,0.652976,0.652976,2.844634,2.701562
63,5284,84.593130,7.070739,8.891678,19.202525,1,-1,-1,-1,0.686065,0.686065,4.388218,2.723746
63,5283,85.119303,222.161339,7.713419,15.445112,1,-1,-1,-1,0.693272,0.693272,4.523488,2.837136
63,5279,71.349524,214.172155,8.698033,19.352699,1,-1,-1,-1,0.672446,0.672446,3.969193,2.707841
63,5268,-77.571887,201.695104,8.260312,16.895254,1,-1,-1,-1,0.656225,0.656225,3.274518,2.701603
63,5265,85.415528,35.195844,8.099438,18.249639,1,-1,-1,-1,0.656225,0.656225,3.274518,2.701603
63,5264,85.277557,64.404245,7.953451,18.411697,1,-1,-1,-1,0.656225,0.656225,3.274518,2.701603
63,5263,71.592948,180.253433,8.193676,19.500973,1,-1,-1,-1,0.656225,0.656225,3.274518,2.701603
63,5258,71.695867,113.193583,7.931347,15.262357,1,-1,-1,-1,0.655613,0.655613,3.234861,2.701584
63,5148,11.804384,117.150737,18.674959,8.658683,1,-1,-1,-1,0.653129,0.653129,2.971273,2.701562
63,5142,-19.587441,117.028469,21.417816,8.136627,1,-1,-1,-1,0.653129,0.653129,2.971273,2.701562
63,4982,122.531641,131.481830,18.504523,8.942763,1,-1,-1,-1,0.652976,0.652976,2.842542,2.701562
64,5284,84.730856,6.792859,8.850451,19.117805,1,-1,-1,-1,0.678159,0.678159,4.155461,2.713360
64,5283,84.935010,222.705025,7.848614,15.791627,1,-1,-1,-1,0.683262,0.683262,4.240620,2.773071
64,5268,-77.572976,202.728614,8.357367,17.211726,1,-1,-1,-1,0.655613,0.655613,3.234861,2.701584
64,5265,85.376930,35.303768,8.150605,18.273094,1,-1,-1,-1,0.655613,0.655613,3.234861,2.701584
64,5264,85.217642,64.350434,7.906438,18.434730,1,-1,-1,-1,0.655613,0.655613,3.234861,2.701584
64,5263,71.569876,180.331436,8.195880,19.499185,1,-1,-1,-1,0.655613,0.655613,3.234861,2.701584
64,5258,71.652169,108.387106,7.893141,15.152717,1,-1,-1,-1,0.655120,0.655120,3.200116,2.701574
64,5148,11.756221,117.083951,18.672803,8.567308,1,-1,-1,-1,0.653101,0.653101,2.962268,2.701562
64,5142,-19.675241,117.036475,21.421704,8.137765,1,-1,-1,-1,0.653101,0.653101,2.962268,2.701562
64,4982,122.529897,131.475947,18.503449,8.944788,1,-1,-1,-1,0.652975,0.652975,2.840531,2.701562
65,5284,84.796499,6.844491,8.704850,18.885506,1,-1,-1,-1,0.672446,0.672446,3.969193,2.707841
65,5268,-77.670502,202.134673,8.267011,17.040021,1,-1,-1,-1,0.655120,0.655120,3.200116,2.701574
65,5265,85.489616,35.223353,8.197558,18.238051,1,-1,-1,-1,0.655120,0.655120,3.200116,2.701574
65,5264,85.046631,64.153873,7.897492,18.419352,1,-1,-1,-1,0.655120,0.655120,3.200116,2.701574
65,5263,71.557639,180.406502,8.197559,19.500751,1,-1,-1,-1,0.655120,0.655120,3.200116,2.701574
65,5258,71.546536,103.738151,7.854397,15.243618,1,-1,-1,-1,0.654721,0.654721,3.169484,2.701568
65,5148,11.648452,117.123224,18.648956,8.555308,1,-1,-1,-1,0.653078,0.653078,2.953887,2.701562
65,5142,-19.756739,117.032807,21.421688,8.138538,1,-1,-1,-1,0.653078,0.653078,2.953887,2.701562
65,4982,122.524754,131.479834,18.505431,8.946298,1,-1,-1,-1,0.652975,0.652975,2.838596,2.701562
66,5284,85.030481,6.893482,8.524750,18.718855,1,-1,-1,-1,0.668212,0.668212,3.818265,2.704905
66,5268,-77.604661,202.343187,8.245157,17.144359,1,-1,-1,-1,0.654721,0.654721,3.169484,2.701568
66,5265,85.504867,35.434801,8.187232,18.403599,1,-1,-1,-1,0.654721,0.654721,3.169484,2.701568
66,5264,85.201830,64.116977,7.863251,18.362534,1,-1,-1,-1,0.654721,0.654721,3.169484,2.701568
66,5263,71.542334,180.473686,8.195809,19.501244,1,-1,-1,-1,0.654721,0.654721,3.169484,2.701568
66,5258,71.528343,98.576716,7.871669,15.338378,1,-1,-1,-1,0.654397,0.654397,3.142321,2.701565
66,5148,11.556808,117.167958,18.750560,8.551730,1,-1,-1,-1,0.653059,0.653059,2.946067,2.701562
66,5142,-19.835452,117.031267,21.421660,8.139095,1,-1,-1,-1,0.653059,0.653059,2.946067,2.701562
66,4982,122.522447,131.474484,18.506872,8.947398,1,-1,-1,-1,0.652975,0.652975,2.836732,2.701562
67,5284,84.971657,6.769943,8.635787,18.776125,1,-1,-1,-1,0.665009,0.665009,3.694582,2.703342
67,5268,-77.536423,201.677405,8.160900,16.904401,1,-1,-1,-1,0.654397,0.654397,3.142321,2.701565
67,5265,85.550374,35.369364,8.244615,18.215181,1,-1,-1,-1,0.654397,0.654397,3.142321,2.701565
67,5264,85.278727,63.985075,7.904314,18.379618,1,-1,-1,-1,0.654397,0.654397,3.142321,2.701565
67,5263,71.524379,180.541760,8.197538,19.505029,1,-1,-1,-1,0.654397,0.654397,3.142321,2.701565
67,5258,71.398112,93.302872,7.980771,15.284727,1,-1,-1,-1,0.654134,0.654134,3.118101,2.701564
67,5251,190.315932,116.512514,16.547202,7.920201,1,-1,-1,-1,0.655903,0.655903,3.368266,2.905532
67,5148,11.497159,117.401242,18.784159,8.615544,1,-1,-1,-1,0.653044,0.653044,2.938756,2.701562
67,5142,-19.891238,117.028748,21.418495,8.136632,1,-1,-1,-1,0.653044,0.653044,2.938756,2.701562
67,4982,122.526038,131.470366,18.505015,8.945398,1,-1,-1,-1,0.652975,0.652975,2.834938,2.701562
68,5284,84.825424,6.655093,8.519788,18.534720,1,-1,-1,-1,0.662548,0.662548,3.592165,2.702510
68,5268,-77.667341,202.641944,8.258138,17.237180,1,-1,-1,-1,0.654134,0.654134,3.118101,2.701564
68,5265,85.612827,35.261954,8.206822,18.027773,1,-1,-1,-1,0.654134,0.654134,3.118101,2.701564
68,5264,85.167698,63.717967,7.865875,18.342531,1,-1,-1,-1,0.654134,0.654134,3.118101,2.701564
68,5263,71.513406,180.588252,8.192766,19.500891,1,-1,-1,-1,0.654134,0.654134,3.118101,2.701564
68,5258,71.142398,89.077965,8.175174,15.544146,1,-1,-1,-1,0.653921,0.653921,3.096395,2.701563
68,5251,190.187012,116.682353,16.390877,7.884536,1,-1,-1,-1,0.653947,0.653947,3.217602,2.808617
68,5148,11.473953,117.538817,18.880931,8.725082,1,-1,-1,-1,0.653031,0.653031,2.931907,2.701562
68,5142,-19.957662,117.021756,21.407744,8.134708,1,-1,-1,-1,0.653031,0.653031,2.931907,2.701562
68,4982,122.527725,131.469139,18.503659,8.943939,1,-1,-1,-1,0.652975,0.652975,2.833208,2.701562
69,5284,85.139879,7.108938,8.502673,18.586237,1,-1,-1,-1,0.660633,0.660633,3.506534,2.702067
69,5268,-77.527814,202.232270,8.139268,17.095382,1,-1,-1,-1,0.653921,0.653921,3.096395,2.701563
69,5265,85.596333,35.169810,8.147807,18.080336,1,-1,-1,-1,0.653921,0.653921,3.096395,2.701563
69,5264,85.207848,64.035611,7.890074,18.413591,1,-1,-1,-1,0.653921,0.653921,3.096395,2.701563
69,5263,71.505684,180.635969,8.192285,19.501286,1,-1,-1,-1,0.653921,0.653921,3.096395,2.701563
69,5258,71.205776,85.032611,8.082843,15.552853,1,-1,-1,-1,0.653747,0.653747,3.076849,2.701563
69,5251,190.369428,116.656060,16.266857,7.830302,1,-1,-1,-1,0.653640,0.653640,3.133173,2.758145
69,5148,11.425610,117.377319,18.981310,8.709955,1,-1,-1,-1,0.653021,0.653021,2.925479,2.701562
69,5142,-20.004177,117.027756,21.411469,8.136295,1,-1,-1,-1,0.653021,0.653021,2.925479,2.701562
69,4982,122.521999,131.477338,18.502806,8.945641,1,-1,-1,-1,0.652975,0.652975,2.831540,2.701562
70,5284,85.159487,7.030615,8.581253,18.610668,1,-1,-1,-1,0.659128,0.659128,3.434287,2.701831
70,5265,85.841133,35.301202,8.127196,18.174869,1,-1,-1,-1,0.653747,0.653747,3.076849,2.701563
70,5264,85.265303,64.063310,7.882256,18.391712,1,-1,-1,-1,0.653747,0.653747,3.076849,2.701563
70,5263,71.492590,180.678789,8.194813,19.501994,1,-1,-1,-1,0.653747,0.653747,3.076849,2.701563
70,5258,71.324473,81.601099,8.073919,15.479705,1,-1,-1,-1,0.653605,0.653605,3.059169,2.701562
70,5251,190.474747,116.670473,16.207595,7.786883,1,-1,-1,-1,0.653526,0.653526,3.082574,2.731578
70,5148,11.295193,117.418939,19.031130,8.752002,1,-1,-1,-1,0.653013,0.653013,2.919436,2.701562
70,5142,-20.051720,117.027940,21.411073,8.134593,1,-1,-1,-1,0.653013,0.653013,2.919436,2.701562
70,4982,122.524690,131.471747,18.499281,8.944086,1,-1,-1,-1,0.652975,0.652975,2.829932,2.701562
71,5284,85.158875,7.010915,8.618144,18.704770,1,-1,-1,-1,0.657936,0.657936,3.372813,2.701705
71,5265,85.496439,35.129578,8.139506,18.289182,1,-1,-1,-1,0.653605,0.653605,3.059169,2.701562
71,5264,85.336328,64.005533,7.907814,18.362708,1,-1,-1,-1,0.653605,0.653605,3.059169,2.701562
71,5263,71.486912,180.717648,8.193752,19.502025,1,-1,-1,-1,0.653605,0.653605,3.059169,2.701562
71,5258,71.299343,78.367937,8.087313,15.403618,1,-1,-1,-1,0.653490,0.653490,3.043111,2.701562
71,5251,190.299333,116.725523,16.180350,7.782342,1,-1,-1,-1,0.653436,0.653436,3.049888,2.717516
71,5148,11.249834,117.432249,19.121958,8.772401,1,-1,-1,-1,0.653006,0.653006,2.913746,2.701562
71,5142,-20.092880,117.030156,21.413874,8.136202,1,-1,-1,-1,0.653006,0.653006,2.913746,2.701562
71,4982,122.523572,131.469851,18.502241,8.943012,1,-1,-1,-1,0.652975,0.652975,2.828379,2.701562
72,5284,85.153039,6.863098,8.647598,18.824359,1,-1,-1,-1,0.656986,0.656986,3.320085,2.701638
72,5265,85.434068,35.246374,8.127404,18.244271,1,-1,-1,-1,0.653490,0.653490,3.043111,2.701562
72,5264,85.272258,63.978568,7.913390,18.394229,1,-1,-1,-1,0.653490,0.653490,3.043111,2.701562
72,5263,71.482286,180.752451,8.195843,19.502435,1,-1,-1,-1,0.653490,0.653490,3.043111,2.701562
72,5258,71.155806,75.231813,8.022064,15.305007,1,-1,-1,-1,0.653396,0.653396,3.028469,2.701562
72,5251,190.248524,116.761566,16.181835,7.782880,1,-1,-1,-1,0.653357,0.653357,3.027002,2.710050
72,5148,11.269134,117.267251,19.135863,8.721154,1,-1,-1,-1,0.653000,0.653000,2.908379,2.701562
72,5142,-20.131506,117.030723,21.415902,8.137370,1,-1,-1,-1,0.653000,0.653000,2.908379,2.701562
72,4982,122.522571,131.477731,18.504530,8.944993,1,-1,-1,-1,0.652975,0.652975,2.826881,2.701562
73,5295,71.462672,210.344054,8.566412,19.055508,1,-1,-1,-1,0.739820,0.739820,5.643614,3.065463
73,5284,85.077025,6.822914,8.659871,18.898406,1,-1,-1,-1,0.656225,0.656225,3.274518,2.701603
73,5268,-77.581562,201.378466,8.087703,16.506182,1,-1,-1,-1,0.655295,0.655295,3.196871,2.835011
73,5265,85.348294,35.070052,8.094955,18.166513,1,-1,-1,-1,0.653396,0.653396,3.028469,2.701562
73,5264,85.187174,63.975448,7.923571,18.437764,1,-1,-1,-1,0.653396,0.653396,3.028469,2.701562
73,5263,71.469548,180.792238,8.197417,19.505552,1,-1,-1,-1,0.653396,0.653396,3.028469,2.701562
73,5258,71.087712,72.786243,7.981849,15.493066,1,-1,-1,-1,0.653319,0.653319,3.015070,2.701562
73,5251,190.261709,116.775831,16.182593,7.775014,1,-1,-1,-1,0.653289,0.653289,3.009682,2.706081
73,5148,11.184047,117.313660,19.199637,8.698821,1,-1,-1,-1,0.652996,0.652996,2.903309,2.701562
73,5142,-20.166889,117.030733,21.417370,8.138217,1,-1,-1,-1,0.652996,0.652996,2.903309,2.701562
73,4982,122.526508,131.471970,18.503304,8.943643,1,-1,-1,-1,0.652975,0.652975,2.825433,2.701562
74,5295,71.360186,210.774190,8.649511,19.227446,1,-1,-1,-1,0.714526,0.714526,5.071875,2.890387
74,5284,84.968821,6.683083,8.657755,18.771329,1,-1,-1,-1,0.655613,0.655613,3.234861,2.701584
74,5268,-77.642280,201.568983,8.034445,16.427180,1,-1,-1,-1,0.653494,0.653494,3.102759,2.771961
74,5265,85.329311,35.086567,8.068050,18.075938,1,-1,-1,-1,0.653319,0.653319,3.015070,2.701562
74,5264,85.159051,63.866578,7.944080,18.427972,1,-1,-1,-1,0.653319,0.653319,3.015070,2.701562
74,5263,71.465452,180.825299,8.195751,19.510255,1,-1,-1,-1,0.653319,0.653319,3.015070,2.701562
74,5258,71.084992,69.523163,7.879391,15.414324,1,-1,-1,-1,0.653256,0.653256,3.002767,2.701562
74,5251,190.348155,116.839883,16.184459,7.797985,1,-1,-1,-1,0.653232,0.653232,2.995677,2.703968
74,5148,11.072958,117.240661,19.004219,8.662905,1,-1,-1,-1,0.652992,0.652992,2.898514,2.701562
74,5142,-20.174612,117.028740,21.415372,8.135994,1,-1,-1,-1,0.652992,0.652992,2.898514,2.701562
74,4982,122.528218,131.470006,18.502410,8.942658,1,-1,-1,-1,0.652975,0.652975,2.824034,2.701562
75,5295,71.465817,210.028112,8.569292,19.031531,1,-1,-1,-1,0.698056,0.698056,4.683243,2.800777
75,5284,84.998827,6.795142,8.605726,18.789408,1,-1,-1,-1,0.655120,0.655120,3.200116,2.701574
75,5268,-77.628370,201.907097,8.005587,16.567870,1,-1,-1,-1,0.653260,0.653260,3.048715,2.738870
75,5265,85.331015,35.032341,8.092839,18.073038,1,-1,-1,-1,0.653256,0.653256,3.002767,2.701562
75,5264,85.142649,63.826932,7.950123,18.408123,1,-1,-1,-1,0.653256,0.653256,3.002767,2.701562
75,5263,71.460993,180.839804,8.194333,19.505104,1,-1,-1,-1,0.653256,0.653256,3.002767,2.701562
75,5251,190.181676,116.880179,16.246058,7.839381,1,-1,-1,-1,0.653186,0.653186,2.983768,2.702844
75,5148,11.078166,117.191060,18.945400,8.634661,1,-1,-1,-1,0.652989,0.652989,2.893973,2.701562
75,5142,-20.218141,117.028353,21.416715,8.134409,1,-1,-1,-1,0.652989,0.652989,2.893973,2.701562
75,4982,122.527069,131.477864,18.499122,8.944670,1,-1,-1,-1,0.652975,0.652975,2.822682,2.701562
76,5295,71.522513,209.099280,8.468494,18.619225,1,-1,-1,-1,0.686716,0.686716,4.393150,2.754031
76,5284,84.945649,6.998906,8.655708,18.922797,1,-1,-1,-1,0.654721,0.654721,3.169484,2.701568
76,5268,-77.455751,201.253166,8.026465,16.377940,1,-1,-1,-1,0.653209,0.653209,3.015586,2.721381
76,5265,85.499831,34.866839,8.041430,17.788963,1,-1,-1,-1,0.653205,0.653205,2.991436,2.701562
76,5264,85.040661,63.584923,7.961618,18.319643,1,-1,-1,-1,0.653205,0.653205,2.991436,2.701562
76,5263,71.456540,180.861441,8.193359,19.504193,1,-1,-1,-1,0.653205,0.653205,2.991436,2.701562
76,5251,190.308339,116.820560,16.317330,7.827555,1,-1,-1,-1,0.653147,0.653147,2.973281,2.702245
76,5148,11.090255,117.152649,18.853505,8.585553,1,-1,-1,-1,0.652986,0.652986,2.889667,2.701562
76,5142,-20.250138,117.030356,21.417943,8.136048,1,-1,-1,-1,0.652986,0.652986,2.889667,2.701562
76,4982,122.529088,131.473943,18.499482,8.946169,1,-1,-1,-1,0.652975,0.652975,2.821375,2.701562
77,5295,71.436849,209.785889,8.562109,18.879426,1,-1,-1,-1,0.678683,0.678683,4.165985,2.729404
77,5284,85.158030,6.850652,8.634570,18.812221,1,-1,-1,-1,0.654397,0.654397,3.142321,2.701565
77,5268,-77.583699,201.435772,7.919146,16.393337,1,-1,-1,-1,0.653174,0.653174,2.993679,2.712104
77,5265,85.378420,35.228017,8.119803,18.044312,1,-1,-1,-1,0.653163,0.653163,2.980969,2.701562
77,5264,85.103698,63.699987,7.933723,18.291850,1,-1,-1,-1,0.653163,0.653163,2.980969,2.701562
77,5263,71.447645,180.881766,8.195484,19.503848,1,-1,-1,-1,0.653163,0.653163,2.980969,2.701562
77,5251,190.197021,116.815796,16.314478,7.832096,1,-1,-1,-1,0.653116,0.653116,2.963829,2.701926
77,5148,11.123595,117.173237,18.832164,8.608688,1,-1,-1,-1,0.652984,0.652984,2.885579,2.701562
77,5142,-20.277879,117.028984,21.415792,8.134412,1,-1,-1,-1,0.652984,0.652984,2.885579,2.701562
77,4982,122.525206,131.470279,18.502381,8.944529,1,-1,-1,-1,0.652975,0.652975,2.820111,2.701562
78,5295,71.391168,210.061879,8.610744,19.006217,1,-1,-1,-1,0.672850,0.672850,3.983356,2.716363
78,5284,85.079087,6.541418,8.571860,18.579361,1,-1,-1,-1,0.654134,0.654134,3.118101,2.701564
78,5268,-77.630639,201.946617,8.006945,16.538838,1,-1,-1,-1,0.653142,0.653142,2.977963,2.707173
78,5265,85.391188,35.116846,8.085564,17.875899,1,-1,-1,-1,0.653129,0.653129,2.971273,2.701562
78,5264,85.099911,63.635302,7.889198,18.330350,1,-1,-1,-1,0.653129,0.653129,2.971273,2.701562
78,5263,71.444313,180.900824,8.191349,19.502924,1,-1,-1,-1,0.653129,0.653129,2.971273,2.701562
78,5251,190.159607,116.850804,16.327877,7.844443,1,-1,-1,-1,0.653090,0.653090,2.955182,2.701756
78,5148,11.118999,117.426715,18.945158,8.708434,1,-1,-1,-1,0.652983,0.652983,2.881694,2.701562
78,5142,-20.291955,117.028733,21.417017,8.133252,1,-1,-1,-1,0.652983,0.652983,2.881694,2.701562
78,4982,122.527868,131.469185,18.501735,8.943304,1,-1,-1,-1,0.652975,0.652975,2.818887,2.701562
79,5295,71.340381,210.192666,8.636168,19.134501,1,-1,-1,-1,0.668521,0.668521,3.834119,2.709437
79,5284,85.030899,6.768462,8.576926,18.723050,1,-1,-1,-1,0.653921,0.653921,3.096395,2.701563
79,5268,-77.715174,201.343113,8.064936,16.387612,1,-1,-1,-1,0.653113,0.653113,2.965788,2.704550
79,5265,85.550611,35.474180,8.059521,17.967413,1,-1,-1,-1,0.653101,0.653101,2.962268,2.701562
79,5264,85.068482,64.026039,7.934664,18.430457,1,-1,-1,-1,0.653101,0.653101,2.962268,2.701562
79,5263,71.443461,180.916103,8.191113,19.499736,1,-1,-1,-1,0.653101,0.653101,2.962268,2.701562
79,5251,190.145249,117.023201,16.450090,7.954724,1,-1,-1,-1,0.653069,0.653069,2.947196,2.701665
79,5148,11.120500,117.368524,19.004846,8.702665,1,-1,-1,-1,0.652981,0.652981,2.877997,2.701562
79,5142,-20.302240,117.030717,21.418142,8.135196,1,-1,-1,-1,0.652981,0.652981,2.877997,2.701562
79,4982,122.526288,131.467080,18.506667,8.939702,1,-1,-1,-1,0.652975,0.652975,2.817702,2.701562
80,5295,71.437590,209.497312,8.579807,18.947040,1,-1,-1,-1,0.665247,0.665247,3.710743,2.705755
80,5284,85.062202,6.786238,8.649157,18.645630,1,-1,-1,-1,0.653747,0.653747,3.076849,2.701563
80,5268,-77.573664,201.575112,8.056036,16.421371,1,-1,-1,-1,0.653088,0.653088,2.955736,2.703153
80,5265,85.487535,35.512944,8.142316,18.300883,1,-1,-1,-1,0.653078,0.653078,2.953887,2.701562
80,5264,85.194527,64.026132,7.920480,18.412823,1,-1,-1,-1,0.653078,0.653078,2.953887,2.701562
80,5263,71.436498,180.933108,8.193818,19.500532,1,-1,-1,-1,0.653078,0.653078,2.953887,2.701562
80,5251,190.185056,116.785333,16.379748,7.896556,1,-1,-1,-1,0.653052,0.653052,2.939771,2.701617
80,5148,11.241476,117.453604,19.053351,8.759673,1,-1,-1,-1,0.652980,0.652980,2.874476,2.701562
80,5142,-20.281918,117.037648,21.421741,8.136644,1,-1,-1,-1,0.652980,0.652980,2.874476,2.701562
80,4982,122.527519,131.468836,18.504863,8.939781,1,-1,-1,-1,0.652975,0.652975,2.816556,2.701562
81,5305,36.812007,101.620025,22.414452,14.232761,1,-1,-1,-1,0.847083,0.847083,7.132717,3.262201
81,5295,71.380189,210.219123,8.607377,19.032092,1,-1,-1,-1,0.662733,0.662733,3.607786,2.703795
81,5284,84.964472,6.960219,8.738428,18.718208,1,-1,-1,-1,0.653605,0.653605,3.059169,2.701562
81,5268,-77.582665,202.488602,8.011260,16.725488,1,-1,-1,-1,0.653068,0.653068,2.947036,2.702410
81,5265,85.533956,35.199728,8.100519,18.265577,1,-1,-1,-1,0.653059,0.653059,2.946067,2.701562
81,5264,85.068380,63.821583,7.893759,18.429082,1,-1,-1,-1,0.653059,0.653059,2.946067,2.701562
81,5263,71.438129,180.947525,8.195780,19.501083,1,-1,-1,-1,0.653059,0.653059,2.946067,2.701562
81,5251,190.015847,116.899815,16.565293,7.992594,1,-1,-1,-1,0.653038,0.653038,2.932839,2.701591
81,5148,11.450843,117.409716,18.875800,8.756639,1,-1,-1,-1,0.652979,0.652979,2.871119,2.701562
81,5142,-20.227133,117.033502,21.421569,8.137664,1,-1,-1,-1,0.652979,0.652979,2.871119,2.701562
81,4982,122.530180,131.476021,18.506306,8.939867,1,-1,-1,-1,0.652975,0.652975,2.815445,2.701562
82,5305,35.620427,101.430457,23.432337,14.200623,1,-1,-1,-1,0.780933,0.780933,6.225018,2.988460
82,5295,71.379409,210.371759,8.688371,19.256176,1,-1,-1,-1,0.660778,0.660778,3.521159,2.702751
82,5284,84.669204,6.806841,8.784966,18.640289,1,-1,-1,-1,0.653490,0.653490,3.043111,2.701562
82,5268,-77.463312,202.688318,8.052047,16.937816,1,-1,-1,-1,0.653051,0.653051,2.939262,2.702013
82,5265,85.435061,35.226351,8.104778,18.280010,1,-1,-1,-1,0.653044,0.653044,2.938756,2.701562
82,5264,85.208470,63.911571,7.896178,18.406626,1,-1,-1,-1,0.653044,0.653044,2.938756,2.701562
82,5263,71.430234,180.968604,8.197251,19.504280,1,-1,-1,-1,0.653044,0.653044,2.938756,2.701562
82,5251,190.276043,117.010885,16.732400,8.082495,1,-1,-1,-1,0.653027,0.653027,2.926345,2.701578
82,5148,12.045831,117.378321,18.856066,8.725257,1,-1,-1,-1,0.652978,0.652978,2.867916,2.701562
82,5142,-20.108431,117.031716,21.424221,8.138437,1,-1,-1,-1,0.652978,0.652978,2.867916,2.701562
82,4982,122.527154,131.472234,18.501842,8.939874,1,-1,-1,-1,0.652975,0.652975,2.814369,2.701562
83,5295,71.248856,210.582232,8.689358,19.319952,1,-1,-1,-1,0.659243,0.659243,3.447713,2.702195
83,5284,84.586259,6.926887,8.816728,18.657462,1,-1,-1,-1,0.653396,0.653396,3.028469,2.701562
83,5268,-77.704052,201.890834,8.015694,16.780826,1,-1,-1,-1,0.653037,0.653037,2.932170,2.701803
83,5265,85.488929,35.129044,8.063833,18.330519,1,-1,-1,-1,0.653031,0.653031,2.931907,2.701562
83,5264,85.280354,63.792372,7.863299,18.489499,1,-1,-1,-1,0.653031,0.653031,2.931907,2.701562
83,5263,71.425541,180.974263,8.198264,19.503766,1,-1,-1,-1,0.653031,0.653031,2.931907,2.701562
83,5251,190.264685,117.012204,16.644812,8.092239,1,-1,-1,-1,0.653017,0.653017,2.920246,2.701570
83,5148,12.359977,117.351959,19.123595,8.643707,1,-1,-1,-1,0.652978,0.652978,2.864857,2.701562
83,5142,-19.915073,117.030895,21.426147,8.138998,1,-1,-1,-1,0.652978,0.652978,2.864857,2.701562
83,4982,122.528604,131.479193,18.501460,8.942664,1,-1,-1,-1,0.652975,0.652975,2.813325,2.701562
84,5306,216.700366,116.931000,16.359673,8.057277,1,-1,-1,-1,0.847083,0.847083,7.132717,3.262201
84,5295,71.279765,210.139578,8.707253,19.308635,1,-1,-1,-1,0.658027,0.658027,3.384991,2.701899
84,5284,84.671112,6.710801,8.787060,18.447624,1,-1,-1,-1,0.653319,0.653319,3.015070,2.701562
84,5268,-77.831729,201.698320,7.927798,16.719104,1,-1,-1,-1,0.653026,0.653026,2.925615,2.701690
84,5265,85.281852,34.714918,7.971526,18.013589,1,-1,-1,-1,0.653021,0.653021,2.925479,2.701562
84,5264,85.335899,64.044471,7.895520,18.559800,1,-1,-1,-1,0.653021,0.653021,2.925479,2.701562
84,5263,71.426917,180.984451,8.196229,19.505918,1,-1,-1,-1,0.653021,0.653021,2.925479,2.701562
84,5251,190.182907,116.946620,16.668993,8.075942,1,-1,-1,-1,0.653010,0.653010,2.914507,2.701567
84,5148,13.323035,117.863518,19.052061,8.888434,1,-1,-1,-1,0.652977,0.652977,2.861934,2.701562
84,5142,-19.647269,117.037011,21.427543,8.139403,1,-1,-1,-1,0.652977,0.652977,2.861934,2.701562
84,4982,122.529221,131.481338,18.501179,8.944699,1,-1,-1,-1,0.652975,0.652975,2.812314,2.701562
85,5306,217.133558,116.820444,16.486579,8.099417,1,-1,-1,-1,0.780933,0.780933,6.225018,2.988460
85,5295,71.287603,210.294037,8.689487,19.357307,1,-1,-1,-1,0.657059,0.657059,3.331056,2.701742
85,5284,84.595203,6.597273,8.745171,18.488968,1,-1,-1,-1,0.653256,0.653256,3.002767,2.701562
85,5268,-77.700848,201.434699,7.913045,16.560959,1,-1,-1,-1,0.653017,0.653017,2.919506,2.701630
85,5265,85.222623,35.000578,7.980553,18.204340,1,-1,-1,-1,0.653013,0.653013,2.919436,2.701562
85,5264,85.117071,64.019076,7.940194,18.547491,1,-1,-1,-1,0.653013,0.653013,2.919436,2.701562
85,5263,71.421957,180.991344,8.197503,19.504927,1,-1,-1,-1,0.653013,0.653013,2.919436,2.701562
85,5251,190.184812,116.835006,16.594046,8.006482,1,-1,-1,-1,0.653003,0.653003,2.909097,2.701564
85,5148,14.129708,117.358914,19.256880,8.718789,1,-1,-1,-1,0.652977,0.652977,2.859137,2.701562
85,5142,-19.279258,117.039251,21.428554,8.139696,1,-1,-1,-1,0.652977,0.652977,2.859137,2.701562
85,4982,122.529559,131.473354,18.500857,8.943427,1,-1,-1,-1,0.652975,0.652975,2.811334,2.701562
86,5306,217.527680,116.704428,16.439301,7.962175,1,-1,-1,-1,0.739812,0.739812,5.560040,2.851250
86,5295,71.387917,210.058573,8.685362,19.334708,1,-1,-1,-1,0.656284,0.656284,3.284365,2.701658
86,5284,84.710509,7.196638,8.710126,18.683476,1,-1,-1,-1,0.653205,0.653205,2.991436,2.701562
86,5268,-77.889324,201.257564,8.101909,16.506557,1,-1,-1,-1,0.653009,0.653009,2.913781,2.701598
86,5265,85.192773,35.294703,8.082705,18.260530,1,-1,-1,-1,0.653006,0.653006,2.913746,2.701562
86,5264,85.188634,64.112889,7.945504,18.589361,1,-1,-1,-1,0.653006,0.653006,2.913746,2.701562
86,5263,71.418753,181.000876,8.198470,19.506994,1,-1,-1,-1,0.653006,0.653006,2.913746,2.701562
86,5251,189.891684,116.893766,16.548159,8.012076,1,-1,-1,-1,0.652998,0.652998,2.903988,2.701563
86,5148,15.069636,117.331644,19.432608,8.663339,1,-1,-1,-1,0.652977,0.652977,2.856459,2.701562
86,5142,-18.731487,117.031637,21.426304,8.137099,1,-1,-1,-1,0.652977,0.652977,2.856459,2.701562
86,4982,122.527851,131.470541,18.497866,8.942474,1,-1,-1,-1,0.652975,0.652975,2.810383,2.701562
87,5295,71.372913,210.174789,8.684932,19.388665,1,-1,-1,-1,0.655660,0.655660,3.243686,2.701613
87,5284,84.726687,7.619717,8.753224,18.894170,1,-1,-1,-1,0.653163,0.653163,2.980969,2.701562
87,5268,-78.007978,201.311806,8.090374,16.422457,1,-1,-1,-1,0.653003,0.653003,2.908396,2.701581
87,5265,85.203623,35.323872,8.089488,18.277257,1,-1,-1,-1,0.653000,0.653000,2.908379,2.701562
87,5264,85.118082,64.133871,7.931939,18.587504,1,-1,-1,-1,0.653000,0.653000,2.908379,2.701562
87,5263,71.422930,181.008552,8.199167,19.508481,1,-1,-1,-1,0.653000,0.653000,2.908379,2.701562
87,5251,189.875768,116.982063,16.604697,8.051541,1,-1,-1,-1,0.652994,0.652994,2.899157,2.701563
87,5148,16.608981,117.313922,19.279846,8.624628,1,-1,-1,-1,0.652976,0.652976,2.853893,2.701562
87,5142,-18.000952,117.031047,21.427639,8.138010,1,-1,-1,-1,0.652976,0.652976,2.853893,2.701562
87,4982,122.529612,131.469629,18.498440,8.941804,1,-1,-1,-1,0.652975,0.652975,2.809460,2.701562
88,5295,71.358347,210.166597,8.689181,19.410224,1,-1,-1,-1,0.655158,0.655158,3.208028,2.701589
88,5284,84.761798,7.611693,8.862552,18.940995,1,-1,-1,-1,0.653129,0.653129,2.971273,2.701562
88,5268,-78.287692,202.847392,8.359042,16.955592,1,-1,-1,-1,0.652998,0.652998,2.903318,2.701572
88,5265,85.197559,35.266104,8.163932,18.400724,1,-1,-1,-1,0.652996,0.652996,2.903309,2.701562
88,5264,85.182090,64.135612,7.952251,18.708638,1,-1,-1,-1,0.652996,0.652996,2.903309,2.701562
88,5263,71.417004,181.013332,8.199626,19.506744,1,-1,-1,-1,0.652996,0.652996,2.903309,2.701562
88,5251,190.018792,116.873593,16.574403,8.023108,1,-1,-1,-1,0.652991,0.652991,2.894583,2.701562
88,5148,18.397403,117.452677,19.372670,8.698198,1,-1,-1,-1,0.652976,0.652976,2.851434,2.701562
88,5142,-17.036521,117.028804,21.425634,8.135868,1,-1,-1,-1,0.652976,0.652976,2.851434,2.701562
88,4982,122.524726,131.460945,18.509771,8.938657,1,-1,-1,-1,0.652975,0.652975,2.808564,2.701562
89,5295,71.480369,209.363408,8.586164,19.081343,1,-1,-1,-1,0.654751,0.654751,3.176586,2.701577
89,5284,84.953958,7.370180,9.127914,18.698241,1,-1,-1,-1,0.653101,0.653101,2.962268,2.701562
89,5268,-78.230165,202.259750,8.617251,16.983645,1,-1,-1,-1,0.652994,0.652994,2.898518,2.701568
89,5265,85.187045,35.123107,8.155580,18.447100,1,-1,-1,-1,0.652992,0.652992,2.898514,2.701562
89,5264,85.188493,64.164246,7.954892,18.762279,1,-1,-1,-1,0.652992,0.652992,2.898514,2.701562
89,5263,71.413851,181.027455,8.199995,19.508263,1,-1,-1,-1,0.652992,0.652992,2.898514,2.701562
89,5251,189.994366,116.748597,16.522472,7.957081,1,-1,-1,-1,0.652988,0.652988,2.890246,2.701562
89,5148,20.674251,117.367048,19.391284,8.611077,1,-1,-1,-1,0.652976,0.652976,2.849075,2.701562
89,5142,-15.814628,117.028347,21.421395,8.134277,1,-1,-1,-1,0.652976,0.652976,2.849075,2.701562
89,4982,122.526285,131.475107,18.507241,8.941770,1,-1,-1,-1,0.652975,0.652975,2.807695,2.701562
90,5295,71.492209,209.825430,8.596038,19.233355,1,-1,-1,-1,0.654422,0.654422,3.148709,2.701570
90,5268,-78.330946,201.712855,9.117614,16.957020,1,-1,-1,-1,0.652990,0.652990,2.893975,2.701565
90,5265,85.318368,34.985449,8.122596,18.356567,1,-1,-1,-1,0.652989,0.652989,2.893973,2.701562
90,5264,85.208585,64.080349,7.944900,18.761324,1,-1,-1,-1,0.652989,0.652989,2.893973,2.701562
90,5263,71.418424,181.027415,8.200218,19.506556,1,-1,-1,-1,0.652989,0.652989,2.893973,2.701562
90,5251,190.160431,116.948882,16.567906,7.991617,1,-1,-1,-1,0.652985,0.652985,2.886129,2.701562
90,5148,22.736484,117.329652,19.429047,8.568065,1,-1,-1,-1,0.652976,0.652976,2.846809,2.701562
90,5142,-14.452049,117.036844,21.424044,8.135945,1,-1,-1,-1,0.652976,0.652976,2.846809,2.701562
90,4982,122.524619,131.471512,18.510788,8.941340,1,-1,-1,-1,0.652975,0.652975,2.806851,2.701562
91,5295,71.527863,209.851112,8.576161,19.261411,1,-1,-1,-1,0.654155,0.654155,3.123862,2.701566
91,5268,-78.959514,202.017581,9.684354,17.141395,1,-1,-1,-1,0.652988,0.652988,2.889668,2.701564
91,5265,85.192737,34.924547,8.113992,18.392018,1,-1,-1,-1,0.652986,0.652986,2.889667,2.701562
91,5264,85.126268,64.179973,7.929934,18.809762,1,-1,-1,-1,0.652986,0.652986,2.889667,2.701562
91,5263,71.414785,181.038924,8.203210,19.508318,1,-1,-1,-1,0.652986,0.652986,2.889667,2.701562
91,5251,190.149551,116.766153,16.397754,7.928026,1,-1,-1,-1,0.652984,0.652984,2.882216,2.701562
91,5148,24.340958,117.409021,19.441051,8.567487,1,-1,-1,-1,0.652976,0.652976,2.844634,2.701562
91,5142,-13.156285,117.037915,21.423008,8.134360,1,-1,-1,-1,0.652976,0.652976,2.844634,2.701562
91,4982,122.526060,131.478663,18.507978,8.943727,1,-1,-1,-1,0.652975,0.652975,2.806031,2.701562
92,5295,71.453588,210.087860,8.573575,19.297974,1,-1,-1,-1,0.653937,0.653937,3.101604,2.701564
92,5268,-78.644013,202.376692,9.444055,17.278630,1,-1,-1,-1,0.652985,0.652985,2.885579,2.701563
92,5265,85.350353,34.879755,8.117096,18.266968,1,-1,-1,-1,0.652984,0.652984,2.885579,2.701562
92,5264,85.027827,64.082877,7.939738,18.717672,1,-1,-1,-1,0.652984,0.652984,2.885579,2.701562
92,5263,71.416984,181.035495,8.202514,19.503773,1,-1,-1,-1,0.652984,0.652984,2.885579,2.701562
92,5251,190.156736,116.745230,16.275485,7.859062,1,-1,-1,-1,0.652982,0.652982,2.878494,2.701562
92,5148,25.672678,117.293344,19.511272,8.474037,1,-1,-1,-1,0.652976,0.652976,2.842542,2.701562
92,5142,-11.846770,117.032055,21.422251,8.133203,1,-1,-1,-1,0.652976,0.652976,2.842542,2.701562
92,4982,122.522455,131.480938,18.508678,8.945496,1,-1,-1,-1,0.652975,0.652975,2.805235,2.701562
93,5295,71.358343,209.840633,8.614768,19.222501,1,-1,-1,-1,0.653760,0.653760,3.081574,2.701563
93,5265,85.342207,34.885286,8.129346,18.306338,1,-1,-1,-1,0.652983,0.652983,2.881694,2.701562
93,5264,85.264392,64.148315,7.989104,18.698658,1,-1,-1,-1,0.652983,0.652983,2.881694,2.701562
93,5263,71.415509,181.039371,8.199248,19.503029,1,-1,-1,-1,0.652983,0.652983,2.881694,2.701562
93,5251,190.263997,116.711267,16.233764,7.820321,1,-1,-1,-1,0.652981,0.652981,2.874950,2.701562
93,5148,27.138184,117.317692,19.524066,8.465813,1,-1,-1,-1,0.652975,0.652975,2.840531,2.701562
93,5142,-10.480229,117.031894,21.424653,8.135156,1,-1,-1,-1,0.652975,0.652975,2.840531,2.701562
93,4982,122.519130,131.473061,18.506327,8.944008,1,-1,-1,-1,0.652975,0.652975,2.804461,2.701562
94,5315,216.601181,117.124020,17.038337,8.348937,1,-1,-1,-1,0.847083,0.847083,7.132717,3.262201
94,5295,71.400835,210.445241,8.623531,19.334308,1,-1,-1,-1,0.653616,0.653616,3.063467,2.701563
94,5265,85.366077,35.143291,8.215930,18.457407,1,-1,-1,-1,0.652981,0.652981,2.877997,2.701562
94,5264,85.341364,64.058997,7.980270,18.670615,1,-1,-1,-1,0.652981,0.652981,2.877997,2.701562
94,5263,71.416876,181.051459,8.199691,19.505481,1,-1,-1,-1,0.652981,0.652981,2.877997,2.701562
94,5251,190.265917,116.879649,16.365738,7.901100,1,-1,-1,-1,0.652980,0.652980,2.871572,2.701562
94,5148,28.870036,117.398180,19.656201,8.477881,1,-1,-1,-1,0.652975,0.652975,2.838596,2.701562
94,5142,-9.019880,117.029630,21.423449,8.133782,1,-1,-1,-1,0.652975,0.652975,2.838596,2.701562
94,4982,122.522069,131.470290,18.510117,8.942970,1,-1,-1,-1,0.652975,0.652975,2.803709,2.701562
95,5315,216.882468,117.181583,17.110431,8.418620,1,-1,-1,-1,0.780933,0.780933,6.225018,2.988460
95,5295,71.374224,210.270457,8.621016,19.322828,1,-1,-1,-1,0.653499,0.653499,3.047033,2.701562
95,5265,85.126636,35.293998,8.313517,18.631648,1,-1,-1,-1,0.652980,0.652980,2.874476,2.701562
95,5264,85.263296,64.137464,7.947927,18.564977,1,-1,-1,-1,0.652980,0.652980,2.874476,2.701562
95,5263,71.416892,181.049195,8.199971,19.504469,1,-1,-1,-1,0.652980,0.652980,2.874476,2.701562
95,5251,190.183217,116.908027,16.567708,7.970710,1,-1,-1,-1,0.652979,0.652979,2.868348,2.701562
95,5148,30.991576,117.571990,19.605756,8.523029,1,-1,-1,-1,0.652975,0.652975,2.836732,2.701562
95,5142,-7.438716,117.029017,21.422569,8.132780,1,-1,-1,-1,0.652975,0.652975,2.836732,2.701562
95,4982,122.518755,131.469446,18.507376,8.942164,1,-1,-1,-1,0.652975,0.652975,2.802979,2.701562
96,5315,216.527022,117.080796,17.060163,8.349748,1,-1,-1,-1,0.739812,0.739812,5.560040,2.851250
96,5295,71.428026,210.381110,8.609952,19.400854,1,-1,-1,-1,0.653403,0.653403,3.032059,2.701562
96,5265,85.358350,34.845542,8.252913,18.290820,1,-1,-1,-1,0.652979,0.652979,2.871119,2.701562
96,5264,85.185041,63.986405,7.913570,18.540001,1,-1,-1,-1,0.652979,0.652979,2.871119,2.701562
96,5263,71.414551,181.052264,8.197421,19.506303,1,-1,-1,-1,0.652979,0.652979,2.871119,2.701562
96,5251,190.157106,116.948922,16.703614,7.995263,1,-1,-1,-1,0.652978,0.652978,2.865270,2.701562
96,5148,33.246024,117.654999,19.582997,8.564628,1,-1,-1,-1,0.652975,0.652975,2.834938,2.701562
96,5142,-5.737487,117.028985,21.419158,8.132023,1,-1,-1,-1,0.652975,0.652975,2.834938,2.701562
96,4982,122.524463,131.471166,18.505482,8.944327,1,-1,-1,-1,0.652975,0.652975,2.802268,2.701562
97,5295,71.340865,210.433677,8.631485,19.401683,1,-1,-1,-1,0.653325,0.653325,3.018366,2.701562
97,5265,85.309608,35.153956,8.254449,18.372537,1,-1,-1,-1,0.652978,0.652978,2.867916,2.701562
97,5264,85.176557,63.806216,7.902728,18.547558,1,-1,-1,-1,0.652978,0.652978,2.867916,2.701562
97,5263,71.409084,181.054625,8.198342,19.507836,1,-1,-1,-1,0.652978,0.652978,2.867916,2.701562
97,5251,190.222529,116.770780,16.556818,7.921071,1,-1,-1,-1,0.652978,0.652978,2.862328,2.701562
97,5148,35.490477,117.710721,19.503009,8.700623,1,-1,-1,-1,0.652975,0.652975,2.833208,2.701562
97,5142,-3.905841,117.029119,21.416670,8.131471,1,-1,-1,-1,0.652975,0.652975,2.833208,2.701562
97,4982,122.525135,131.469570,18.501242,8.943130,1,-1,-1,-1,0.652975,0.652975,2.801577,2.701562
98,5312,70.011546,28.229747,8.571609,17.537871,1,-1,-1,-1,0.685782,0.685782,4.467547,2.916251
98,5295,71.293134,210.435250,8.649437,19.384852,1,-1,-1,-1,0.653261,0.653261,3.005802,2.701562
98,5265,85.263684,35.214163,8.243362,18.367888,1,-1,-1,-1,0.652978,0.652978,2.864857,2.701562
98,5264,85.105725,63.799801,7.889564,18.577532,1,-1,-1,-1,0.652978,0.652978,2.864857,2.701562
98,5263,71.411217,181.053065,8.196158,19.503183,1,-1,-1,-1,0.652978,0.652978,2.864857,2.701562
98,5251,190.114425,116.998427,16.699726,8.020371,1,-1,-1,-1,0.652977,0.652977,2.859514,2.701562
98,5148,38.119551,117.657866,19.461137,8.781024,1,-1,-1,-1,0.652975,0.652975,2.831540,2.701562
98,5142,-1.932190,117.029255,21.420388,8.131118,1,-1,-1,-1,0.652975,0.652975,2.831540,2.701562
98,4982,122.523384,131.469155,18.503651,8.942305,1,-1,-1,-1,0.652975,0.652975,2.800906,2.701562
99,5295,71.513050,209.757584,8.566002,19.224433,1,-1,-1,-1,0.653209,0.653209,2.994237,2.701562
99,5265,85.156177,35.229646,8.248715,18.497798,1,-1,-1,-1,0.652977,0.652977,2.861934,2.701562
99,5264,85.238964,63.851942,7.890482,18.552963,1,-1,-1,-1,0.652977,0.652977,2.861934,2.701562
99,5263,71.413997,181.054519,8.197345,19.499973,1,-1,-1,-1,0.652977,0.652977,2.861934,2.701562
99,5251,190.190772,116.872453,16.622032,7.973292,1,-1,-1,-1,0.652977,0.652977,2.856821,2.701562
99,5148,40.942568,117.490789,19.331802,8.790211,1,-1,-1,-1,0.652975,0.652975,2.829932,2.701562
99,5142,0.189447,117.031238,21.428802,8.133675,1,-1,-1,-1,0.652975,0.652975,2.829932,2.701562
99,4982,122.526891,131.477582,18.502760,8.944429,1,-1,-1,-1,0.652975,0.652975,2.800252,2.701562
100,5295,71.425132,210.036117,8.583235,19.196419,1,-1,-1,-1,0.653166,0.653166,2.983561,2.701562
100,5265,85.163774,35.343457,8.258108,18.604550,1,-1,-1,-1,0.652977,0.652977,2.859137,2.701562
100,5264,85.196984,63.956862,7.840506,18.465924,1,-1,-1,-1,0.652977,0.652977,2.859137,2.701562
100,5263,71.414545,181.067128,8.198275,19.503187,1,-1,-1,-1,0.652977,0.652977,2.859137,2.701562
100,5251,190.144121,116.742087,16.539905,7.930394,1,-1,-1,-1,0.652977,0.652977,2.854240,2.701562
100,5148,44.444526,117.435042,19.048386,8.659511,1,-1,-1,-1,0.652975,0.652975,2.828379,2.701562
100,5142,2.457824,117.038082,21.434932,8.135537,1,-1,-1,-1,0.652975,0.652975,2.828379,2.701562
100,4982,122.521852,131.480406,18.502109,8.945978,1,-1,-1,-1,0.652975,0.652975,2.799616,2.701562
