1,4920,60.920000,181.170000,8.130000,19.200000,1,-1,-1,-1,10.000000,10.000000,10.000000,10.000000
1,4919,-10.110000,117.300000,18.760000,8.710000,1,-1,-1,-1,10.000000,10.000000,10.000000,10.000000
1,4918,153.770000,117.110000,17.620000,8.510000,1,-1,-1,-1,10.000000,10.000000,10.000000,10.000000
1,4917,182.580000,117.080000,18.020000,8.090000,1,-1,-1,-1,10.000000,10.000000,10.000000,10.000000
1,4916,122.040000,131.070000,19.440000,8.140000,1,-1,-1,-1,10.000000,10.000000,10.000000,10.000000
1,4915,-39.840000,116.880000,18.870000,7.610000,1,-1,-1,-1,10.000000,10.000000,10.000000,10.000000
1,4914,78.650000,42.140000,8.110000,18.650000,1,-1,-1,-1,10.000000,10.000000,10.000000,10.000000
1,4913,78.310000,69.350000,7.640000,16.970000,1,-1,-1,-1,10.000000,10.000000,10.000000,10.000000
2,4920,61.431174,177.780841,7.807582,17.689146,1,-1,-1,-1,0.999900,0.999900,9.990021,5.238095
2,4919,-9.598141,117.089757,18.406215,8.500549,1,-1,-1,-1,0.999900,0.999900,9.990021,5.238095
2,4918,154.538356,116.465822,16.213274,7.768558,1,-1,-1,-1,0.999900,0.999900,9.990021,5.238095
2,4917,182.813526,117.275000,18.442859,8.469922,1,-1,-1,-1,0.999900,0.999900,9.990021,5.238095
2,4916,122.040000,131.070000,19.440000,8.140000,1,-1,-1,-1,0.999900,0.999900,9.990021,5.238095
2,4915,-39.721204,116.880479,18.862386,7.609041,1,-1,-1,-1,0.999900,0.999900,9.990021,5.238095
2,4914,78.779470,42.151192,8.111033,18.657613,1,-1,-1,-1,0.999900,0.999900,9.990021,5.238095
2,4913,78.429988,69.350000,7.640000,16.970000,1,-1,-1,-1,0.999900,0.999900,9.990021,5.238095
3,4921,78.160000,12.460000,7.940000,16.390000,1,-1,-1,-1,10.000000,10.000000,10.000000,10.000000
3,4920,61.458800,176.733857,7.727659,17.478651,1,-1,-1,-1,0.941153,0.941153,8.384601,3.841642
3,4919,-10.044703,117.303081,18.698799,8.610915,1,-1,-1,-1,0.941153,0.941153,8.384601,3.841642
3,4918,154.463463,116.663765,16.803644,7.940207,1,-1,-1,-1,0.941153,0.941153,8.384601,3.841642
3,4917,182.543510,116.875594,17.924726,8.184683,1,-1,-1,-1,0.941153,0.941153,8.384601,3.841642
3,4916,122.040000,131.070000,19.440000,8.140000,1,-1,-1,-1,0.941153,0.941153,8.384601,3.841642
3,4915,-39.702511,116.889412,18.866774,7.610000,1,-1,-1,-1,0.941153,0.941153,8.384601,3.841642
3,4914,78.787640,42.140152,8.110000,18.653225,1,-1,-1,-1,0.941153,0.941153,8.384601,3.841642
3,4913,78.436030,69.362712,7.642045,16.982223,1,-1,-1,-1,0.941153,0.941153,8.384601,3.841642
4,4920,61.047471,174.599391,7.647995,16.864463,1,-1,-1,-1,0.847083,0.847083,7.132717,3.262201
4,4919,-10.239058,117.524053,18.888592,8.745318,1,-1,-1,-1,0.847083,0.847083,7.132717,3.262201
4,4918,154.543593,116.683466,16.913135,7.940513,1,-1,-1,-1,0.847083,0.847083,7.132717,3.262201
4,4917,182.720426,117.110778,18.064859,8.257429,1,-1,-1,-1,0.847083,0.847083,7.132717,3.262201
4,4916,122.040000,131.070000,19.440000,8.140000,1,-1,-1,-1,0.847083,0.847083,7.132717,3.262201
4,4915,-39.702438,116.890953,18.868451,7.610252,1,-1,-1,-1,0.847083,0.847083,7.132717,3.262201
4,4914,78.785978,42.146752,8.109729,18.651549,1,-1,-1,-1,0.847083,0.847083,7.132717,3.262201
4,4913,78.443582,69.352006,7.640563,16.976423,1,-1,-1,-1,0.847083,0.847083,7.132717,3.262201
5,4920,60.751542,173.768298,7.875001,17.485474,1,-1,-1,-1,0.780933,0.780933,6.225018,2.988460
5,4919,-10.182286,117.466730,18.994735,8.799754,1,-1,-1,-1,0.780933,0.780933,6.225018,2.988460
5,4918,154.533690,116.534516,16.675838,7.792770,1,-1,-1,-1,0.780933,0.780933,6.225018,2.988460
5,4917,182.450904,117.740060,18.580633,8.668515,1,-1,-1,-1,0.780933,0.780933,6.225018,2.988460
5,4916,122.040000,131.070000,19.440000,8.140000,1,-1,-1,-1,0.780933,0.780933,6.225018,2.988460
5,4915,-39.705515,116.883603,18.864640,7.609658,1,-1,-1,-1,0.780933,0.780933,6.225018,2.988460
5,4914,78.784516,42.148877,8.109665,18.650753,1,-1,-1,-1,0.780933,0.780933,6.225018,2.988460
5,4913,78.436455,69.358851,7.640729,16.978235,1,-1,-1,-1,0.780933,0.780933,6.225018,2.988460
6,4920,60.716367,172.060606,7.977935,17.939873,1,-1,-1,-1,0.739812,0.739812,5.560040,2.851250
6,4919,-10.082169,117.372870,18.872144,8.765878,1,-1,-1,-1,0.739812,0.739812,5.560040,2.851250
6,4918,154.663729,116.524166,16.554299,7.698943,1,-1,-1,-1,0.739812,0.739812,5.560040,2.851250
6,4917,182.479298,117.609687,18.712712,8.814216,1,-1,-1,-1,0.739812,0.739812,5.560040,2.851250
6,4916,122.036786,131.071881,19.439030,8.143636,1,-1,-1,-1,0.739812,0.739812,5.560040,2.851250
6,4915,-39.701054,116.890209,18.865928,7.613657,1,-1,-1,-1,0.739812,0.739812,5.560040,2.851250
6,4914,78.783194,42.151245,8.110258,18.654532,1,-1,-1,-1,0.739812,0.739812,5.560040,2.851250
6,4913,78.433622,69.360680,7.640732,16.979206,1,-1,-1,-1,0.739812,0.739812,5.560040,2.851250
7,4920,60.652392,170.102037,8.219460,18.529015,1,-1,-1,-1,0.714060,0.714060,5.062690,2.780435
7,4919,-9.992478,117.219917,18.801245,8.722875,1,-1,-1,-1,0.714060,0.714060,5.062690,2.780435
7,4918,154.322703,116.991716,17.041350,8.045302,1,-1,-1,-1,0.714060,0.714060,5.062690,2.780435
7,4917,182.626248,116.999505,18.183943,8.523094,1,-1,-1,-1,0.714060,0.714060,5.062690,2.780435
7,4916,122.039193,131.070116,19.438918,8.142465,1,-1,-1,-1,0.714060,0.714060,5.062690,2.780435
7,4915,-39.705559,116.883073,18.863101,7.612164,1,-1,-1,-1,0.714060,0.714060,5.062690,2.780435
7,4914,78.782617,42.149922,8.110000,18.652844,1,-1,-1,-1,0.714060,0.714060,5.062690,2.780435
7,4913,78.438642,69.343184,7.635220,16.965467,1,-1,-1,-1,0.714060,0.714060,5.062690,2.780435
8,4922,160.010542,130.902408,15.086663,7.657582,1,-1,-1,-1,0.808479,0.808479,6.225062,3.298778
8,4920,60.473513,166.924949,8.419409,18.841603,1,-1,-1,-1,0.697349,0.697349,4.683127,2.743335
8,4919,-10.333725,117.161495,18.812238,8.678192,1,-1,-1,-1,0.697349,0.697349,4.683127,2.743335
8,4918,154.306890,116.950450,16.867610,8.012156,1,-1,-1,-1,0.697349,0.697349,4.683127,2.743335
8,4917,182.653388,117.129473,18.361848,8.539408,1,-1,-1,-1,0.697349,0.697349,4.683127,2.743335
8,4916,122.040010,131.069640,19.439000,8.141698,1,-1,-1,-1,0.697349,0.697349,4.683127,2.743335
8,4915,-39.707203,116.880682,18.861498,7.611267,1,-1,-1,-1,0.697349,0.697349,4.683127,2.743335
8,4914,78.782177,42.149647,8.109880,18.651788,1,-1,-1,-1,0.697349,0.697349,4.683127,2.743335
8,4913,78.434757,69.356383,7.637115,16.970749,1,-1,-1,-1,0.697349,0.697349,4.683127,2.743335
9,4922,158.664876,130.878017,15.172395,7.697671,1,-1,-1,-1,0.761768,0.761768,5.587838,3.006395
9,4920,60.032999,163.433138,8.916056,19.288393,1,-1,-1,-1,0.686065,0.686065,4.388218,2.723746
9,4919,-10.060392,117.302231,18.767744,8.722235,1,-1,-1,-1,0.686065,0.686065,4.388218,2.723746
9,4918,154.276262,116.783958,16.599610,7.897840,1,-1,-1,-1,0.686065,0.686065,4.388218,2.723746
9,4917,182.722136,117.256328,18.384630,8.571571,1,-1,-1,-1,0.686065,0.686065,4.388218,2.723746
9,4916,122.040257,131.069581,19.439142,8.141181,1,-1,-1,-1,0.686065,0.686065,4.388218,2.723746
9,4915,-39.707852,116.879940,18.860563,7.610709,1,-1,-1,-1,0.686065,0.686065,4.388218,2.723746
9,4914,78.783491,42.148727,8.113384,18.653018,1,-1,-1,-1,0.686065,0.686065,4.388218,2.723746
9,4913,78.432932,69.353636,7.638268,16.974085,1,-1,-1,-1,0.686065,0.686065,4.388218,2.723746
10,4922,157.535055,130.854522,15.105215,7.676055,1,-1,-1,-1,0.729260,0.729260,5.118443,2.860404
10,4920,58.486475,157.421361,9.117016,18.272475,1,-1,-1,-1,0.678159,0.678159,4.155461,2.713360
10,4919,-10.020346,117.340435,18.773876,8.750800,1,-1,-1,-1,0.678159,0.678159,4.155461,2.713360
10,4918,154.201590,116.683036,16.493686,7.789434,1,-1,-1,-1,0.678159,0.678159,4.155461,2.713360
10,4917,182.701561,117.191648,18.334557,8.546537,1,-1,-1,-1,0.678159,0.678159,4.155461,2.713360
10,4916,122.040301,131.069641,19.439290,8.140825,1,-1,-1,-1,0.678159,0.678159,4.155461,2.713360
10,4915,-39.713261,116.879617,18.863444,7.610646,1,-1,-1,-1,0.678159,0.678159,4.155461,2.713360
10,4914,78.781616,42.149217,8.112291,18.651799,1,-1,-1,-1,0.678159,0.678159,4.155461,2.713360
10,4913,78.432147,69.350474,7.638664,16.972813,1,-1,-1,-1,0.678159,0.678159,4.155461,2.713360
11,4922,156.572006,130.924102,14.964535,7.631869,1,-1,-1,-1,0.707694,0.707694,4.751699,2.785203
11,4920,56.631293,156.408343,10.825977,19.863430,1,-1,-1,-1,0.672446,0.672446,3.969193,2.707841
11,4919,-10.081729,117.238352,18.754787,8.736185,1,-1,-1,-1,0.672446,0.672446,3.969193,2.707841
11,4918,154.167267,116.985850,16.813586,7.942556,1,-1,-1,-1,0.672446,0.672446,3.969193,2.707841
11,4917,182.561902,117.052241,18.162265,8.436951,1,-1,-1,-1,0.672446,0.672446,3.969193,2.707841
11,4916,122.040277,131.069723,19.439423,8.140577,1,-1,-1,-1,0.672446,0.672446,3.969193,2.707841
11,4915,-39.710817,116.879675,18.862104,7.610307,1,-1,-1,-1,0.672446,0.672446,3.969193,2.707841
11,4914,78.780962,42.149547,8.111553,18.651041,1,-1,-1,-1,0.672446,0.672446,3.969193,2.707841
11,4913,78.438547,69.347830,7.638681,16.968574,1,-1,-1,-1,0.672446,0.672446,3.969193,2.707841
12,4922,155.625982,131.009544,15.084922,7.671887,1,-1,-1,-1,0.693227,0.693227,4.458919,2.745845
12,4920,54.743690,153.033335,12.053018,20.311671,1,-1,-1,-1,0.668212,0.668212,3.818265,2.704905
12,4919,-10.006178,117.234307,18.752272,8.701355,1,-1,-1,-1,0.668212,0.668212,3.818265,2.704905
12,4918,154.235624,116.728593,16.792978,7.909704,1,-1,-1,-1,0.668212,0.668212,3.818265,2.704905
12,4917,182.640096,116.990704,17.998678,8.368584,1,-1,-1,-1,0.668212,0.668212,3.818265,2.704905
12,4916,122.040237,131.069795,19.439534,8.140402,1,-1,-1,-1,0.668212,0.668212,3.818265,2.704905
12,4915,-39.716482,116.879759,18.861211,7.610093,1,-1,-1,-1,0.668212,0.668212,3.818265,2.704905
12,4914,78.780618,42.151476,8.111289,18.653823,1,-1,-1,-1,0.668212,0.668212,3.818265,2.704905
12,4913,78.439088,69.348166,7.635502,16.964409,1,-1,-1,-1,0.668212,0.668212,3.818265,2.704905
13,4922,154.690129,130.993434,15.187249,7.700283,1,-1,-1,-1,0.683248,0.683248,4.222594,2.725074
13,4920,52.001061,147.909435,13.866648,19.759348,1,-1,-1,-1,0.665009,0.665009,3.694582,2.703342
13,4919,-10.070467,117.367221,18.784389,8.744770,1,-1,-1,-1,0.665009,0.665009,3.694582,2.703342
13,4918,154.246954,116.520627,16.349354,7.759549,1,-1,-1,-1,0.665009,0.665009,3.694582,2.703342
13,4917,182.521473,117.099074,17.969084,8.381004,1,-1,-1,-1,0.665009,0.665009,3.694582,2.703342
13,4916,122.037588,131.061271,19.444841,8.137491,1,-1,-1,-1,0.665009,0.665009,3.694582,2.703342
13,4915,-39.710162,116.886383,18.863810,7.610158,1,-1,-1,-1,0.665009,0.665009,3.694582,2.703342
13,4914,78.780583,42.150002,8.110852,18.652585,1,-1,-1,-1,0.665009,0.665009,3.694582,2.703342
13,4913,78.434755,69.348347,7.636540,16.962822,1,-1,-1,-1,0.665009,0.665009,3.694582,2.703342
14,4922,153.947980,131.246875,15.238051,7.726575,1,-1,-1,-1,0.676155,0.676155,4.030254,2.714065
14,4920,47.793393,143.878259,15.388531,19.136499,1,-1,-1,-1,0.662548,0.662548,3.592165,2.702510
14,4919,-10.398701,117.233053,18.855286,8.750585,1,-1,-1,-1,0.662548,0.662548,3.592165,2.702510
14,4918,154.365908,116.748610,16.928809,7.913332,1,-1,-1,-1,0.662548,0.662548,3.592165,2.702510
14,4917,182.613864,117.275814,18.169910,8.439570,1,-1,-1,-1,0.662548,0.662548,3.592165,2.702510
14,4916,122.038250,131.067146,19.443519,8.138163,1,-1,-1,-1,0.662548,0.662548,3.592165,2.702510
14,4915,-39.710017,116.882334,18.862503,7.610003,1,-1,-1,-1,0.662548,0.662548,3.592165,2.702510
14,4914,78.780574,42.149630,8.110554,18.651731,1,-1,-1,-1,0.662548,0.662548,3.592165,2.702510
14,4913,78.432768,69.350463,7.637508,16.964836,1,-1,-1,-1,0.662548,0.662548,3.592165,2.702510
15,4922,153.372174,131.317696,15.311785,7.754743,1,-1,-1,-1,0.670976,0.670976,3.872512,2.708216
15,4920,43.755423,139.666293,16.582369,17.721052,1,-1,-1,-1,0.660633,0.660633,3.506534,2.702067
15,4919,-10.477907,117.054581,18.854558,8.664092,1,-1,-1,-1,0.660633,0.660633,3.506534,2.702067
15,4918,154.387799,116.827652,17.173616,8.005428,1,-1,-1,-1,0.660633,0.660633,3.506534,2.702067
15,4917,182.466265,117.282099,18.063685,8.463025,1,-1,-1,-1,0.660633,0.660633,3.506534,2.702067
15,4916,122.036982,131.069354,19.439449,8.138484,1,-1,-1,-1,0.660633,0.660633,3.506534,2.702067
15,4915,-39.709818,116.880821,18.861590,7.609907,1,-1,-1,-1,0.660633,0.660633,3.506534,2.702067
15,4914,78.780477,42.151373,8.110525,18.654241,1,-1,-1,-1,0.660633,0.660633,3.506534,2.702067
15,4913,78.436758,69.349658,7.634905,16.962253,1,-1,-1,-1,0.660633,0.660633,3.506534,2.702067
16,4922,152.994551,131.418854,15.545158,7.899657,1,-1,-1,-1,0.667107,0.667107,3.742165,2.705105
16,4920,38.481645,136.505655,17.917314,16.422545,1,-1,-1,-1,0.659128,0.659128,3.434287,2.701831
16,4919,-10.065990,117.258104,18.797787,8.696639,1,-1,-1,-1,0.659128,0.659128,3.434287,2.701831
16,4918,154.299291,116.568635,16.785468,7.918068,1,-1,-1,-1,0.659128,0.659128,3.434287,2.701831
16,4917,182.444458,117.488690,18.273683,8.576429,1,-1,-1,-1,0.659128,0.659128,3.434287,2.701831
16,4916,122.038957,131.070049,19.439609,8.138899,1,-1,-1,-1,0.659128,0.659128,3.434287,2.701831
16,4915,-39.709653,116.880266,18.860953,7.609848,1,-1,-1,-1,0.659128,0.659128,3.434287,2.701831
16,4914,78.780409,42.151602,8.110484,18.656029,1,-1,-1,-1,0.659128,0.659128,3.434287,2.701831
16,4913,78.433559,69.361214,7.636649,16.970561,1,-1,-1,-1,0.659128,0.659128,3.434287,2.701831
17,4922,152.739474,131.407022,15.849958,8.023114,1,-1,-1,-1,0.664165,0.664165,3.633636,2.703449
17,4920,33.046646,132.737309,18.387730,14.481867,1,-1,-1,-1,0.657936,0.657936,3.372813,2.701705
17,4919,-10.109941,117.503853,18.815320,8.753310,1,-1,-1,-1,0.657936,0.657936,3.372813,2.701705
17,4918,154.411882,116.645962,16.766807,7.929116,1,-1,-1,-1,0.657936,0.657936,3.372813,2.701705
17,4917,182.460981,117.348177,18.213134,8.554339,1,-1,-1,-1,0.657936,0.657936,3.372813,2.701705
17,4916,122.039687,131.070241,19.439716,8.139197,1,-1,-1,-1,0.657936,0.657936,3.372813,2.701705
17,4915,-39.709537,116.880071,18.860508,7.609814,1,-1,-1,-1,0.657936,0.657936,3.372813,2.701705
17,4914,78.780431,42.149603,8.110295,18.654266,1,-1,-1,-1,0.657936,0.657936,3.372813,2.701705
17,4913,78.432192,69.354072,7.637546,16.970390,1,-1,-1,-1,0.657936,0.657936,3.372813,2.701705
18,4922,152.423021,131.420782,15.843081,8.061923,1,-1,-1,-1,0.661894,0.661894,3.542591,2.702567
18,4920,26.097207,130.545814,18.997962,12.670464,1,-1,-1,-1,0.656986,0.656986,3.320085,2.701638
18,4919,-10.369295,117.238731,18.808303,8.648576,1,-1,-1,-1,0.656986,0.656986,3.320085,2.701638
18,4918,154.454862,116.824051,17.146342,8.043469,1,-1,-1,-1,0.656986,0.656986,3.320085,2.701638
18,4917,182.413467,117.194551,18.003399,8.527911,1,-1,-1,-1,0.656986,0.656986,3.320085,2.701638
18,4916,122.039950,131.070261,19.439788,8.139412,1,-1,-1,-1,0.656986,0.656986,3.320085,2.701638
18,4915,-39.714256,116.879946,18.863211,7.609920,1,-1,-1,-1,0.656986,0.656986,3.320085,2.701638
18,4914,78.780433,42.149134,8.110168,18.653004,1,-1,-1,-1,0.656986,0.656986,3.320085,2.701638
18,4913,78.442920,69.343381,7.635045,16.966557,1,-1,-1,-1,0.656986,0.656986,3.320085,2.701638
19,4922,152.347340,131.273935,15.771869,8.039894,1,-1,-1,-1,0.660120,0.660120,3.465641,2.702097
19,4920,19.985296,129.067092,18.784187,11.176457,1,-1,-1,-1,0.656225,0.656225,3.274518,2.701603
19,4919,-10.485045,117.141774,18.842004,8.620725,1,-1,-1,-1,0.656225,0.656225,3.274518,2.701603
19,4918,154.472867,116.756075,17.147353,8.022223,1,-1,-1,-1,0.656225,0.656225,3.274518,2.701603
19,4917,182.553875,117.136026,17.956733,8.478411,1,-1,-1,-1,0.656225,0.656225,3.274518,2.701603
19,4916,122.040038,131.070229,19.439837,8.139567,1,-1,-1,-1,0.656225,0.656225,3.274518,2.701603
19,4915,-39.708542,116.888186,18.868858,7.613091,1,-1,-1,-1,0.656225,0.656225,3.274518,2.701603
19,4914,78.780359,42.150955,8.110207,18.655088,1,-1,-1,-1,0.656225,0.656225,3.274518,2.701603
19,4913,78.437607,69.357809,7.639639,16.974124,1,-1,-1,-1,0.656225,0.656225,3.274518,2.701603
20,4922,152.164434,131.235696,15.802273,8.079761,1,-1,-1,-1,0.658723,0.658723,3.400126,2.701847
20,4919,-10.145264,117.183374,18.804450,8.598251,1,-1,-1,-1,0.655613,0.655613,3.234861,2.701584
20,4918,154.408974,116.863524,17.287072,8.081030,1,-1,-1,-1,0.655613,0.655613,3.234861,2.701584
20,4917,182.521556,117.051413,17.954376,8.414168,1,-1,-1,-1,0.655613,0.655613,3.234861,2.701584
20,4916,122.040062,131.070188,19.439871,8.139680,1,-1,-1,-1,0.655613,0.655613,3.234861,2.701584
20,4915,-39.707004,116.888976,18.872175,7.612379,1,-1,-1,-1,0.655613,0.655613,3.234861,2.701584
20,4914,78.780360,42.149492,8.110109,18.653617,1,-1,-1,-1,0.655613,0.655613,3.234861,2.701584
20,4913,78.437927,69.350694,7.636618,16.969383,1,-1,-1,-1,0.655613,0.655613,3.234861,2.701584
21,4922,151.962143,131.095171,15.810081,8.095054,1,-1,-1,-1,0.657614,0.657614,3.343948,2.701714
21,4919,-10.155794,117.429797,18.834327,8.685980,1,-1,-1,-1,0.655120,0.655120,3.200116,2.701574
21,4918,154.358479,116.731888,17.049969,8.007921,1,-1,-1,-1,0.655120,0.655120,3.200116,2.701574
21,4917,182.613426,117.221912,18.106765,8.457108,1,-1,-1,-1,0.655120,0.655120,3.200116,2.701574
21,4916,122.040065,131.070150,19.439894,8.139762,1,-1,-1,-1,0.655120,0.655120,3.200116,2.701574
21,4915,-39.704092,116.889481,18.868670,7.611649,1,-1,-1,-1,0.655120,0.655120,3.200116,2.701574
21,4914,78.780351,42.149184,8.110044,18.652557,1,-1,-1,-1,0.655120,0.655120,3.200116,2.701574
21,4913,78.443381,69.332338,7.631288,16.959580,1,-1,-1,-1,0.655120,0.655120,3.200116,2.701574
22,4922,151.841561,131.092830,16.099703,8.122710,1,-1,-1,-1,0.656728,0.656728,3.295443,2.701643
22,4919,-10.113470,117.418267,18.903753,8.725802,1,-1,-1,-1,0.654721,0.654721,3.169484,2.701568
22,4918,154.333235,116.752473,16.833549,7.982288,1,-1,-1,-1,0.654721,0.654721,3.169484,2.701568
22,4917,182.613118,117.550852,18.314039,8.593388,1,-1,-1,-1,0.654721,0.654721,3.169484,2.701568
22,4916,122.040061,131.070120,19.439911,8.139821,1,-1,-1,-1,0.654721,0.654721,3.169484,2.701568
22,4915,-39.702445,116.889769,18.866146,7.611131,1,-1,-1,-1,0.654721,0.654721,3.169484,2.701568
22,4914,78.780335,42.149248,8.110000,18.651794,1,-1,-1,-1,0.654721,0.654721,3.169484,2.701568
22,4913,78.441460,69.343497,7.630628,16.958999,1,-1,-1,-1,0.654721,0.654721,3.169484,2.701568
23,4931,-10.774944,131.080418,18.251927,8.424567,1,-1,-1,-1,0.847083,0.847083,7.132717,3.262201
23,4922,151.577666,131.139363,16.065499,8.096691,1,-1,-1,-1,0.656018,0.656018,3.253283,2.701605
23,4919,-10.297636,117.166903,18.859229,8.624982,1,-1,-1,-1,0.654397,0.654397,3.142321,2.701565
23,4918,154.486784,116.758867,17.288887,8.040476,1,-1,-1,-1,0.654397,0.654397,3.142321,2.701565
23,4917,182.618934,117.349055,18.354328,8.596481,1,-1,-1,-1,0.654397,0.654397,3.142321,2.701565
23,4916,122.040055,131.070096,19.439924,8.139865,1,-1,-1,-1,0.654397,0.654397,3.142321,2.701565
23,4915,-39.704792,116.881677,18.857942,7.607663,1,-1,-1,-1,0.654397,0.654397,3.142321,2.701565
23,4914,78.780316,42.149404,8.109972,18.651243,1,-1,-1,-1,0.654397,0.654397,3.142321,2.701565
23,4913,78.440806,69.347869,7.630165,16.958618,1,-1,-1,-1,0.654397,0.654397,3.142321,2.701565
24,4931,-19.150899,130.892702,17.876419,8.245770,1,-1,-1,-1,0.780933,0.780933,6.225018,2.988460
24,4922,151.607320,131.128537,16.002835,8.064320,1,-1,-1,-1,0.655447,0.655447,3.216405,2.701585
24,4919,-9.984139,117.334001,18.723488,8.584859,1,-1,-1,-1,0.654134,0.654134,3.118101,2.701564
24,4918,154.427637,116.807808,17.414250,8.060644,1,-1,-1,-1,0.654134,0.654134,3.118101,2.701564
24,4917,182.600244,117.380490,18.410741,8.628267,1,-1,-1,-1,0.654134,0.654134,3.118101,2.701564
24,4916,122.040049,131.070078,19.439933,8.139896,1,-1,-1,-1,0.654134,0.654134,3.118101,2.701564
24,4915,-39.707503,116.880921,18.858397,7.608254,1,-1,-1,-1,0.654134,0.654134,3.118101,2.701564
24,4914,78.780296,42.149560,8.109953,18.650846,1,-1,-1,-1,0.654134,0.654134,3.118101,2.701564
24,4913,78.435739,69.361363,7.633037,16.967570,1,-1,-1,-1,0.654134,0.654134,3.118101,2.701564
25,4931,-26.581526,131.125141,17.444980,8.351204,1,-1,-1,-1,0.739812,0.739812,5.560040,2.851250
25,4922,151.631476,131.010614,15.884466,8.023534,1,-1,-1,-1,0.654985,0.654985,3.183951,2.701574
25,4919,-10.097630,117.395215,18.790445,8.633116,1,-1,-1,-1,0.653921,0.653921,3.096395,2.701563
25,4918,154.307254,116.895640,17.289490,8.131784,1,-1,-1,-1,0.653921,0.653921,3.096395,2.701563
25,4917,182.307008,117.690127,18.545982,8.762914,1,-1,-1,-1,0.653921,0.653921,3.096395,2.701563
25,4916,122.040045,131.070064,19.439940,8.139920,1,-1,-1,-1,0.653921,0.653921,3.096395,2.701563
25,4915,-39.706810,116.887042,18.861628,7.608764,1,-1,-1,-1,0.653921,0.653921,3.096395,2.701563
25,4914,78.780275,42.149689,8.109941,18.650561,1,-1,-1,-1,0.653921,0.653921,3.096395,2.701563
25,4913,78.438211,69.344805,7.631846,16.961999,1,-1,-1,-1,0.653921,0.653921,3.096395,2.701563
26,4931,-35.652383,131.044741,17.645599,8.200888,1,-1,-1,-1,0.714060,0.714060,5.062690,2.780435
26,4922,151.667740,131.095446,15.902947,8.049985,1,-1,-1,-1,0.654611,0.654611,3.155226,2.701569
26,4919,-10.358567,117.230636,18.819732,8.621234,1,-1,-1,-1,0.653747,0.653747,3.076849,2.701563
26,4918,154.348006,116.768357,17.303341,8.125796,1,-1,-1,-1,0.653747,0.653747,3.076849,2.701563
26,4917,182.237438,117.368089,18.428906,8.690399,1,-1,-1,-1,0.653747,0.653747,3.076849,2.701563
26,4916,122.035550,131.061653,19.442389,8.137124,1,-1,-1,-1,0.653747,0.653747,3.076849,2.701563
26,4915,-39.701112,116.881071,18.851949,7.605940,1,-1,-1,-1,0.653747,0.653747,3.076849,2.701563
26,4914,78.782038,42.151396,8.112905,18.653679,1,-1,-1,-1,0.653747,0.653747,3.076849,2.701563
26,4913,78.436276,69.359412,7.637121,16.970391,1,-1,-1,-1,0.653747,0.653747,3.076849,2.701563
27,4931,-44.856748,130.935721,17.632839,8.076286,1,-1,-1,-1,0.697349,0.697349,4.683127,2.743335
27,4922,151.603201,131.026815,15.899466,8.039203,1,-1,-1,-1,0.654308,0.654308,3.129663,2.701566
27,4919,-10.106744,117.357263,18.835655,8.689330,1,-1,-1,-1,0.653605,0.653605,3.059169,2.701562
27,4918,154.417116,116.663299,17.148292,8.085616,1,-1,-1,-1,0.653605,0.653605,3.059169,2.701562
27,4917,182.327661,117.062368,18.237280,8.563465,1,-1,-1,-1,0.653605,0.653605,3.059169,2.701562
27,4916,122.036077,131.067397,19.438862,8.137825,1,-1,-1,-1,0.653605,0.653605,3.059169,2.701562
27,4915,-39.705959,116.879070,18.862255,7.604342,1,-1,-1,-1,0.653605,0.653605,3.059169,2.701562
27,4914,78.780353,42.151726,8.112166,18.655492,1,-1,-1,-1,0.653605,0.653605,3.059169,2.701562
27,4913,78.432876,69.353538,7.637890,16.970265,1,-1,-1,-1,0.653605,0.653605,3.059169,2.701562
28,4931,-53.814261,130.983746,17.502619,7.977751,1,-1,-1,-1,0.686065,0.686065,4.388218,2.723746
28,4922,151.844910,131.173501,16.078944,8.075512,1,-1,-1,-1,0.654062,0.654062,3.106798,2.701564
28,4919,-9.839782,117.243578,18.702101,8.672594,1,-1,-1,-1,0.653490,0.653490,3.043111,2.701562
28,4918,154.330339,116.456755,16.772276,7.932983,1,-1,-1,-1,0.653490,0.653490,3.043111,2.701562
28,4917,182.448226,117.129738,18.254708,8.514494,1,-1,-1,-1,0.653490,0.653490,3.043111,2.701562
28,4916,122.038730,131.069435,19.439172,8.138414,1,-1,-1,-1,0.653490,0.653490,3.043111,2.701562
28,4915,-39.704298,116.888949,18.859125,7.608637,1,-1,-1,-1,0.653490,0.653490,3.043111,2.701562
28,4914,78.779864,42.149695,8.111551,18.653940,1,-1,-1,-1,0.653490,0.653490,3.043111,2.701562
28,4913,78.436223,69.341300,7.635425,16.964048,1,-1,-1,-1,0.653490,0.653490,3.043111,2.701562
29,4935,-69.585405,118.078546,20.531780,10.352730,1,-1,-1,-1,0.847083,0.847083,7.132717,3.262201
29,4931,-63.710057,131.160086,17.863261,7.987224,1,-1,-1,-1,0.678159,0.678159,4.155461,2.713360
29,4922,151.739317,131.083929,16.224733,8.098279,1,-1,-1,-1,0.653862,0.653862,3.086246,2.701563
29,4919,-9.941867,117.392792,18.711083,8.705953,1,-1,-1,-1,0.653396,0.653396,3.028469,2.701562
29,4918,154.477050,116.673788,16.923747,8.010469,1,-1,-1,-1,0.653396,0.653396,3.028469,2.701562
29,4917,182.560206,117.391655,18.345434,8.612371,1,-1,-1,-1,0.653396,0.653396,3.028469,2.701562
29,4916,122.039693,131.070110,19.439394,8.138842,1,-1,-1,-1,0.653396,0.653396,3.028469,2.701562
29,4915,-39.707621,116.883550,18.859272,7.608969,1,-1,-1,-1,0.653396,0.653396,3.028469,2.701562
29,4914,78.779772,42.149185,8.111106,18.652815,1,-1,-1,-1,0.653396,0.653396,3.028469,2.701562
29,4913,78.433060,69.357954,7.636809,16.971384,1,-1,-1,-1,0.653396,0.653396,3.028469,2.701562
30,4935,-69.478354,117.712928,19.990694,9.984281,1,-1,-1,-1,0.780933,0.780933,6.225018,2.988460
30,4931,-74.064223,131.446816,18.346681,8.153606,1,-1,-1,-1,0.672446,0.672446,3.969193,2.707841
30,4922,151.665609,130.983617,16.177695,8.069030,1,-1,-1,-1,0.653699,0.653699,3.067692,2.701563
30,4919,-9.955846,117.267058,18.676877,8.677984,1,-1,-1,-1,0.653319,0.653319,3.015070,2.701562
30,4918,154.530586,116.729336,17.070814,8.035850,1,-1,-1,-1,0.653319,0.653319,3.015070,2.701562
30,4917,182.562346,117.468823,18.401791,8.654816,1,-1,-1,-1,0.653319,0.653319,3.015070,2.701562
30,4916,122.040021,131.070290,19.439554,8.139153,1,-1,-1,-1,0.653319,0.653319,3.015070,2.701562
30,4915,-39.708921,116.881435,18.859380,7.609212,1,-1,-1,-1,0.653319,0.653319,3.015070,2.701562
30,4914,78.781608,42.150842,8.113710,18.655221,1,-1,-1,-1,0.653319,0.653319,3.015070,2.701562
30,4913,78.436420,69.351140,7.634734,16.967786,1,-1,-1,-1,0.653319,0.653319,3.015070,2.701562
31,4935,-70.201095,117.999269,20.251420,10.148452,1,-1,-1,-1,0.739812,0.739812,5.560040,2.851250
31,4931,-83.074809,131.396820,18.725929,8.164712,1,-1,-1,-1,0.668212,0.668212,3.818265,2.704905
31,4922,151.621898,131.086440,16.379686,8.109528,1,-1,-1,-1,0.653566,0.653566,3.050869,2.701562
31,4919,-10.063358,117.184465,18.704353,8.638679,1,-1,-1,-1,0.653256,0.653256,3.002767,2.701562
31,4918,154.377016,116.560585,16.911865,7.948271,1,-1,-1,-1,0.653256,0.653256,3.002767,2.701562
31,4917,182.633064,117.447353,18.439557,8.607864,1,-1,-1,-1,0.653256,0.653256,3.002767,2.701562
31,4916,122.040117,131.070301,19.439670,8.139380,1,-1,-1,-1,0.653256,0.653256,3.002767,2.701562
31,4915,-39.703095,116.888966,18.859838,7.612241,1,-1,-1,-1,0.653256,0.653256,3.002767,2.701562
31,4914,78.781844,42.151063,8.115597,18.656944,1,-1,-1,-1,0.653256,0.653256,3.002767,2.701562
31,4913,78.433288,69.359197,7.636222,16.971231,1,-1,-1,-1,0.653256,0.653256,3.002767,2.701562
32,4931,-92.392112,131.455798,19.016687,8.253524,1,-1,-1,-1,0.665009,0.665009,3.694582,2.703342
32,4922,151.447287,130.976288,16.214209,8.063926,1,-1,-1,-1,0.653458,0.653458,3.035556,2.701562
32,4919,-9.956130,117.189968,18.692828,8.635299,1,-1,-1,-1,0.653205,0.653205,2.991436,2.701562
32,4918,154.382467,116.571534,17.076309,7.967864,1,-1,-1,-1,0.653205,0.653205,2.991436,2.701562
32,4917,182.770795,117.328887,18.368408,8.639492,1,-1,-1,-1,0.653205,0.653205,2.991436,2.701562
32,4916,122.040131,131.070263,19.439753,8.139545,1,-1,-1,-1,0.653205,0.653205,2.991436,2.701562
32,4915,-39.700962,116.891293,18.860148,7.614443,1,-1,-1,-1,0.653205,0.653205,2.991436,2.701562
32,4914,78.779779,42.149174,8.114055,18.654998,1,-1,-1,-1,0.653205,0.653205,2.991436,2.701562
32,4913,78.441313,69.343373,7.631413,16.964552,1,-1,-1,-1,0.653205,0.653205,2.991436,2.701562
33,4931,-99.432821,131.465905,19.351915,8.423929,1,-1,-1,-1,0.662548,0.662548,3.592165,2.702510
33,4922,151.465678,130.939124,16.141640,8.056975,1,-1,-1,-1,0.653370,0.653370,3.021566,2.701562
33,4919,-9.853481,117.102061,18.642768,8.612152,1,-1,-1,-1,0.653163,0.653163,2.980969,2.701562
33,4918,154.404855,116.727624,17.241887,8.031626,1,-1,-1,-1,0.653163,0.653163,2.980969,2.701562
33,4917,182.743421,116.966732,18.016004,8.501269,1,-1,-1,-1,0.653163,0.653163,2.980969,2.701562
33,4916,122.040120,131.070215,19.439813,8.139665,1,-1,-1,-1,0.653163,0.653163,2.980969,2.701562
33,4915,-39.704733,116.889896,18.862851,7.613258,1,-1,-1,-1,0.653163,0.653163,2.980969,2.701562
33,4914,78.779250,42.148787,8.112933,18.653588,1,-1,-1,-1,0.653163,0.653163,2.980969,2.701562
33,4913,78.435713,69.350264,7.633800,16.968875,1,-1,-1,-1,0.653163,0.653163,2.980969,2.701562
34,4922,151.484311,130.947352,16.073368,8.042913,1,-1,-1,-1,0.653298,0.653298,3.008740,2.701562
34,4919,-9.788049,117.350200,18.609325,8.668172,1,-1,-1,-1,0.653129,0.653129,2.971273,2.701562
34,4918,154.380469,116.677925,17.265534,8.032369,1,-1,-1,-1,0.653129,0.653129,2.971273,2.701562
34,4917,182.729305,117.318224,18.156432,8.581942,1,-1,-1,-1,0.653129,0.653129,2.971273,2.701562
34,4916,122.040103,131.070173,19.439857,8.139753,1,-1,-1,-1,0.653129,0.653129,2.971273,2.701562
34,4915,-39.706658,116.889549,18.864822,7.612394,1,-1,-1,-1,0.653129,0.653129,2.971273,2.701562
34,4914,78.779237,42.148885,8.112117,18.652565,1,-1,-1,-1,0.653129,0.653129,2.971273,2.701562
34,4913,78.437878,69.350452,7.632636,16.968874,1,-1,-1,-1,0.653129,0.653129,2.971273,2.701562
35,4922,151.487943,131.078938,16.238115,8.075262,1,-1,-1,-1,0.653239,0.653239,2.996944,2.701562
35,4919,-10.043039,117.470137,18.711165,8.729722,1,-1,-1,-1,0.653101,0.653101,2.962268,2.701562
35,4918,154.395326,116.793462,17.401877,8.064059,1,-1,-1,-1,0.653101,0.653101,2.962268,2.701562
35,4917,182.688898,117.451057,18.266352,8.569090,1,-1,-1,-1,0.653101,0.653101,2.962268,2.701562
35,4916,122.040087,131.070139,19.439889,8.139817,1,-1,-1,-1,0.653101,0.653101,2.962268,2.701562
35,4915,-39.709597,116.883045,18.863428,7.611710,1,-1,-1,-1,0.653101,0.653101,2.962268,2.701562
35,4914,78.779370,42.149103,8.111524,18.651824,1,-1,-1,-1,0.653101,0.653101,2.962268,2.701562
35,4913,78.434215,69.350373,7.634625,16.969176,1,-1,-1,-1,0.653101,0.653101,2.962268,2.701562
36,4922,151.583344,130.988002,16.223062,8.023312,1,-1,-1,-1,0.653191,0.653191,2.986061,2.701562
36,4919,-9.695842,117.289871,18.540497,8.707344,1,-1,-1,-1,0.653078,0.653078,2.953887,2.701562
36,4918,154.339687,116.694193,17.176962,8.035425,1,-1,-1,-1,0.653078,0.653078,2.953887,2.701562
36,4917,182.623013,117.419696,18.369380,8.661815,1,-1,-1,-1,0.653078,0.653078,2.953887,2.701562
36,4916,122.040074,131.070112,19.439912,8.139864,1,-1,-1,-1,0.653078,0.653078,2.953887,2.701562
36,4915,-39.710478,116.880688,18.862416,7.611213,1,-1,-1,-1,0.653078,0.653078,2.953887,2.701562
36,4914,78.779521,42.149317,8.111093,18.651287,1,-1,-1,-1,0.653078,0.653078,2.953887,2.701562
36,4913,78.432475,69.350292,7.636074,16.969392,1,-1,-1,-1,0.653078,0.653078,2.953887,2.701562
37,4922,151.356672,130.968637,16.139979,8.012480,1,-1,-1,-1,0.653151,0.653151,2.975994,2.701562
37,4919,-10.123721,117.127528,18.608435,8.657210,1,-1,-1,-1,0.653059,0.653059,2.946067,2.701562
37,4918,154.394179,116.744785,17.253218,8.049976,1,-1,-1,-1,0.653059,0.653059,2.946067,2.701562
37,4917,182.664809,117.254537,18.463703,8.630229,1,-1,-1,-1,0.653059,0.653059,2.946067,2.701562
37,4916,122.040063,131.070091,19.439929,8.139898,1,-1,-1,-1,0.653059,0.653059,2.946067,2.701562
37,4915,-39.715312,116.879863,18.864507,7.610902,1,-1,-1,-1,0.653059,0.653059,2.946067,2.701562
37,4914,78.779625,42.151349,8.110833,18.653721,1,-1,-1,-1,0.653059,0.653059,2.946067,2.701562
37,4913,78.436241,69.350361,7.634306,16.969274,1,-1,-1,-1,0.653059,0.653059,2.946067,2.701562
38,4922,151.481836,131.081780,16.238373,8.042146,1,-1,-1,-1,0.653119,0.653119,2.966657,2.701562
38,4919,-10.043826,117.309711,18.704374,8.673296,1,-1,-1,-1,0.653044,0.653044,2.938756,2.701562
38,4918,154.260962,116.654486,17.047704,8.000018,1,-1,-1,-1,0.653044,0.653044,2.938756,2.701562
38,4917,182.440032,117.198451,18.366240,8.565304,1,-1,-1,-1,0.653044,0.653044,2.938756,2.701562
38,4916,122.040054,131.070075,19.439942,8.139923,1,-1,-1,-1,0.653044,0.653044,2.938756,2.701562
38,4915,-39.710973,116.886149,18.866030,7.610674,1,-1,-1,-1,0.653044,0.653044,2.938756,2.701562
38,4914,78.779709,42.151695,8.110642,18.655494,1,-1,-1,-1,0.653044,0.653044,2.938756,2.701562
38,4913,78.435104,69.360376,7.638769,16.975374,1,-1,-1,-1,0.653044,0.653044,2.938756,2.701562
39,4922,151.352363,130.986072,16.077780,7.991268,1,-1,-1,-1,0.653093,0.653093,2.957975,2.701562
39,4919,-10.061057,117.419026,18.706000,8.677853,1,-1,-1,-1,0.653031,0.653031,2.931907,2.701562
39,4918,154.136638,116.476680,16.490375,7.915389,1,-1,-1,-1,0.653031,0.653031,2.931907,2.701562
39,4917,181.830771,116.867354,17.698606,8.416155,1,-1,-1,-1,0.653031,0.653031,2.931907,2.701562
39,4916,122.040047,131.070062,19.439951,8.139941,1,-1,-1,-1,0.653031,0.653031,2.931907,2.701562
39,4915,-39.713297,116.882097,18.861506,7.610414,1,-1,-1,-1,0.653031,0.653031,2.931907,2.701562
39,4914,78.779774,42.151511,8.110500,18.656784,1,-1,-1,-1,0.653031,0.653031,2.931907,2.701562
39,4913,78.432087,69.352994,7.639093,16.973901,1,-1,-1,-1,0.653031,0.653031,2.931907,2.701562
40,4922,151.620709,131.149991,16.442111,8.067829,1,-1,-1,-1,0.653071,0.653071,2.949883,2.701562
40,4919,-9.701973,117.284065,18.498036,8.666252,1,-1,-1,-1,0.653021,0.653021,2.925479,2.701562
40,4918,154.359427,116.773073,16.792112,8.005285,1,-1,-1,-1,0.653021,0.653021,2.925479,2.701562
40,4917,182.263756,117.286653,18.020080,8.459720,1,-1,-1,-1,0.653021,0.653021,2.925479,2.701562
40,4916,122.040041,131.070053,19.439958,8.139954,1,-1,-1,-1,0.653021,0.653021,2.925479,2.701562
40,4915,-39.711529,116.880581,18.861028,7.610274,1,-1,-1,-1,0.653021,0.653021,2.925479,2.701562
40,4914,78.781681,42.151078,8.113209,18.657982,1,-1,-1,-1,0.653021,0.653021,2.925479,2.701562
40,4913,78.435628,69.338440,7.636367,16.964140,1,-1,-1,-1,0.653021,0.653021,2.925479,2.701562
41,4922,151.404238,131.115944,16.310355,8.047711,1,-1,-1,-1,0.653054,0.653054,2.942326,2.701562
41,4919,-9.727022,117.165733,18.558593,8.638816,1,-1,-1,-1,0.653013,0.653013,2.919436,2.701562
41,4918,154.493038,116.795549,16.934746,8.069934,1,-1,-1,-1,0.653013,0.653013,2.919436,2.701562
41,4917,182.587709,117.273855,18.134302,8.501919,1,-1,-1,-1,0.653013,0.653013,2.919436,2.701562
41,4916,122.040037,131.070045,19.439963,8.139964,1,-1,-1,-1,0.653013,0.653013,2.919436,2.701562
41,4915,-39.710765,116.880039,18.860681,7.610172,1,-1,-1,-1,0.653013,0.653013,2.919436,2.701562
41,4914,78.780069,42.150827,8.112369,18.658589,1,-1,-1,-1,0.653013,0.653013,2.919436,2.701562
41,4913,78.432675,69.355004,7.637396,16.968527,1,-1,-1,-1,0.653013,0.653013,2.919436,2.701562
42,4922,151.489249,131.197241,16.356561,8.086088,1,-1,-1,-1,0.653040,0.653040,2.935253,2.701562
42,4919,-10.036401,117.324214,18.683838,8.705168,1,-1,-1,-1,0.653006,0.653006,2.913746,2.701562
42,4918,154.444030,116.757509,16.933816,8.049799,1,-1,-1,-1,0.653006,0.653006,2.913746,2.701562
42,4917,182.718928,117.506766,18.318993,8.590993,1,-1,-1,-1,0.653006,0.653006,2.913746,2.701562
42,4916,122.040033,131.070039,19.439967,8.139971,1,-1,-1,-1,0.653006,0.653006,2.913746,2.701562
42,4915,-39.710410,116.879862,18.860431,7.610099,1,-1,-1,-1,0.653006,0.653006,2.913746,2.701562
42,4914,78.779619,42.148756,8.111710,18.656224,1,-1,-1,-1,0.653006,0.653006,2.913746,2.701562
42,4913,78.436114,69.342022,7.635192,16.963065,1,-1,-1,-1,0.653006,0.653006,2.913746,2.701562
43,4922,151.583812,131.196955,16.301439,8.103484,1,-1,-1,-1,0.653028,0.653028,2.928621,2.701562
43,4919,-10.046365,117.402715,18.711852,8.746171,1,-1,-1,-1,0.653000,0.653000,2.908379,2.701562
43,4918,154.471527,116.908360,17.173871,8.122279,1,-1,-1,-1,0.653000,0.653000,2.908379,2.701562
43,4917,182.711803,117.698839,18.410719,8.684544,1,-1,-1,-1,0.653000,0.653000,2.908379,2.701562
43,4916,122.040030,131.070034,19.439970,8.139977,1,-1,-1,-1,0.653000,0.653000,2.908379,2.701562
43,4915,-39.710228,116.879820,18.860250,7.610046,1,-1,-1,-1,0.653000,0.653000,2.908379,2.701562
43,4914,78.779561,42.148378,8.111231,18.654502,1,-1,-1,-1,0.653000,0.653000,2.908379,2.701562
43,4913,78.437755,69.348305,7.633685,16.964704,1,-1,-1,-1,0.653000,0.653000,2.908379,2.701562
44,4922,151.413991,131.111906,16.174653,8.089607,1,-1,-1,-1,0.653018,0.653018,2.922392,2.701562
44,4919,-9.914853,117.311641,18.687355,8.702449,1,-1,-1,-1,0.652996,0.652996,2.903309,2.701562
44,4918,154.381278,116.896191,17.054387,8.117939,1,-1,-1,-1,0.652996,0.652996,2.903309,2.701562
44,4917,182.419607,117.439675,18.278505,8.676824,1,-1,-1,-1,0.652996,0.652996,2.903309,2.701562
44,4916,122.040027,131.070030,19.439973,8.139981,1,-1,-1,-1,0.652996,0.652996,2.903309,2.701562
44,4915,-39.714792,116.879804,18.862922,7.610049,1,-1,-1,-1,0.652996,0.652996,2.903309,2.701562
44,4914,78.779599,42.150402,8.110926,18.656051,1,-1,-1,-1,0.652996,0.652996,2.903309,2.701562
44,4913,78.433992,69.348448,7.635345,16.963330,1,-1,-1,-1,0.652996,0.652996,2.903309,2.701562
45,4922,151.534559,131.152234,16.153299,8.127800,1,-1,-1,-1,0.653010,0.653010,2.916530,2.701562
45,4919,-10.068087,117.279871,18.770956,8.686141,1,-1,-1,-1,0.652992,0.652992,2.898514,2.701562
45,4918,154.334697,117.210127,17.437881,8.300510,1,-1,-1,-1,0.652992,0.652992,2.898514,2.701562
45,4917,181.131966,117.147626,17.401020,8.660832,1,-1,-1,-1,0.652992,0.652992,2.898514,2.701562
45,4916,122.040025,131.070026,19.439975,8.139983,1,-1,-1,-1,0.652992,0.652992,2.898514,2.701562
45,4915,-39.712442,116.888224,18.862317,7.612809,1,-1,-1,-1,0.652992,0.652992,2.898514,2.701562
45,4914,78.779668,42.150901,8.110702,18.657178,1,-1,-1,-1,0.652992,0.652992,2.898514,2.701562
45,4913,78.436935,69.348862,7.633757,16.962111,1,-1,-1,-1,0.652992,0.652992,2.898514,2.701562
46,4922,151.580346,131.127302,16.091457,8.104768,1,-1,-1,-1,0.653004,0.653004,2.911006,2.701562
46,4919,-9.934922,117.357638,18.707250,8.722212,1,-1,-1,-1,0.652989,0.652989,2.893973,2.701562
46,4918,154.310729,116.813871,17.308249,8.190340,1,-1,-1,-1,0.652989,0.652989,2.893973,2.701562
46,4917,182.080792,117.414253,17.821768,8.728830,1,-1,-1,-1,0.652989,0.652989,2.893973,2.701562
46,4916,122.040023,131.070023,19.439976,8.139986,1,-1,-1,-1,0.652989,0.652989,2.893973,2.701562
46,4915,-39.709445,116.889049,18.864424,7.612062,1,-1,-1,-1,0.652989,0.652989,2.893973,2.701562
46,4914,78.779734,42.150890,8.110538,18.658000,1,-1,-1,-1,0.652989,0.652989,2.893973,2.701562
46,4913,78.443013,69.340948,7.629762,16.958223,1,-1,-1,-1,0.652989,0.652989,2.893973,2.701562
47,4922,151.380907,131.080668,16.042199,8.065350,1,-1,-1,-1,0.652999,0.652999,2.905791,2.701562
47,4919,-9.891030,117.251513,18.689885,8.732737,1,-1,-1,-1,0.652986,0.652986,2.889667,2.701562
47,4918,154.343155,116.907871,17.136136,8.173249,1,-1,-1,-1,0.652986,0.652986,2.889667,2.701562
47,4917,182.470801,117.355851,17.909562,8.740857,1,-1,-1,-1,0.652986,0.652986,2.889667,2.701562
47,4916,122.040022,131.070021,19.439977,8.139987,1,-1,-1,-1,0.652986,0.652986,2.889667,2.701562
47,4915,-39.710543,116.882963,18.863165,7.611479,1,-1,-1,-1,0.652986,0.652986,2.889667,2.701562
47,4914,78.779788,42.150736,8.110418,18.658598,1,-1,-1,-1,0.652986,0.652986,2.889667,2.701562
47,4913,78.441301,69.348799,7.629737,16.961204,1,-1,-1,-1,0.652986,0.652986,2.889667,2.701562
48,4922,151.511938,131.005730,16.104123,8.040596,1,-1,-1,-1,0.652994,0.652994,2.900863,2.701562
48,4919,-10.232871,117.124970,18.746915,8.693516,1,-1,-1,-1,0.652984,0.652984,2.885579,2.701562
48,4918,154.282862,116.835043,17.032985,8.160973,1,-1,-1,-1,0.652984,0.652984,2.885579,2.701562
48,4917,182.559806,117.434217,18.088798,8.719796,1,-1,-1,-1,0.652984,0.652984,2.885579,2.701562
48,4916,122.040020,131.070019,19.439978,8.139989,1,-1,-1,-1,0.652984,0.652984,2.885579,2.701562
48,4915,-39.710746,116.880744,18.862249,7.611055,1,-1,-1,-1,0.652984,0.652984,2.885579,2.701562
48,4914,78.779851,42.148699,8.110290,18.656239,1,-1,-1,-1,0.652984,0.652984,2.885579,2.701562
48,4913,78.440704,69.339147,7.629596,16.954999,1,-1,-1,-1,0.652984,0.652984,2.885579,2.701562
49,4922,151.272397,131.079569,16.044431,8.048911,1,-1,-1,-1,0.652991,0.652991,2.896198,2.701562
49,4919,-9.939497,117.354820,18.588647,8.684903,1,-1,-1,-1,0.652983,0.652983,2.881694,2.701562
49,4918,154.394330,116.671944,16.758064,8.119509,1,-1,-1,-1,0.652983,0.652983,2.881694,2.701562
49,4917,182.419958,117.209154,17.994425,8.665605,1,-1,-1,-1,0.652983,0.652983,2.881694,2.701562
49,4916,122.040019,131.070017,19.439979,8.139990,1,-1,-1,-1,0.652983,0.652983,2.881694,2.701562
49,4915,-39.704135,116.886510,18.861583,7.610746,1,-1,-1,-1,0.652983,0.652983,2.881694,2.701562
49,4914,78.779877,42.150204,8.110236,18.657311,1,-1,-1,-1,0.652983,0.652983,2.881694,2.701562
49,4913,78.440471,69.338455,7.629539,16.953280,1,-1,-1,-1,0.652983,0.652983,2.881694,2.701562
50,4922,151.528023,131.160819,16.155475,8.102677,1,-1,-1,-1,0.652988,0.652988,2.891778,2.701562
50,4919,-10.021967,117.487315,18.642776,8.709038,1,-1,-1,-1,0.652981,0.652981,2.877997,2.701562
50,4918,154.426074,116.801986,16.956333,8.170414,1,-1,-1,-1,0.652981,0.652981,2.877997,2.701562
50,4917,182.501491,117.168260,18.041533,8.601368,1,-1,-1,-1,0.652981,0.652981,2.877997,2.701562
50,4916,122.040018,131.070016,19.439980,8.139990,1,-1,-1,-1,0.652981,0.652981,2.877997,2.701562
50,4915,-39.706287,116.890605,18.864110,7.613347,1,-1,-1,-1,0.652981,0.652981,2.877997,2.701562
50,4914,78.779916,42.148719,8.110158,18.655302,1,-1,-1,-1,0.652981,0.652981,2.877997,2.701562
50,4913,78.435644,69.358974,7.632454,16.963392,1,-1,-1,-1,0.652981,0.652981,2.877997,2.701562
51,4922,151.619357,131.090521,16.180171,8.109654,1,-1,-1,-1,0.652986,0.652986,2.887583,2.701562
51,4919,-9.889099,117.330093,18.615901,8.694938,1,-1,-1,-1,0.652980,0.652980,2.874476,2.701562
51,4918,154.374222,117.088665,17.270804,8.309532,1,-1,-1,-1,0.652980,0.652980,2.874476,2.701562
51,4917,181.728024,116.616782,17.173821,8.422048,1,-1,-1,-1,0.652980,0.652980,2.874476,2.701562
51,4916,122.040017,131.070014,19.439980,8.139991,1,-1,-1,-1,0.652980,0.652980,2.874476,2.701562
51,4915,-39.709321,116.883307,18.862940,7.612419,1,-1,-1,-1,0.652980,0.652980,2.874476,2.701562
51,4914,78.779926,42.150378,8.110139,18.656625,1,-1,-1,-1,0.652980,0.652980,2.874476,2.701562
51,4913,78.439912,69.344469,7.634418,16.959602,1,-1,-1,-1,0.652980,0.652980,2.874476,2.701562
52,4922,151.556890,131.135635,16.144365,8.105427,1,-1,-1,-1,0.652984,0.652984,2.883599,2.701562
52,4919,-9.952690,117.346506,18.683583,8.699849,1,-1,-1,-1,0.652979,0.652979,2.871119,2.701562
52,4918,154.503982,117.057210,17.521917,8.321710,1,-1,-1,-1,0.652979,0.652979,2.871119,2.701562
52,4917,182.543501,116.895644,17.364925,8.392250,1,-1,-1,-1,0.652979,0.652979,2.871119,2.701562
52,4916,122.040016,131.070013,19.439981,8.139991,1,-1,-1,-1,0.652979,0.652979,2.871119,2.701562
52,4915,-39.714936,116.880669,18.864875,7.611776,1,-1,-1,-1,0.652979,0.652979,2.871119,2.701562
52,4914,78.779952,42.148907,8.110087,18.654803,1,-1,-1,-1,0.652979,0.652979,2.871119,2.701562
52,4913,78.443954,69.341671,7.630317,16.959253,1,-1,-1,-1,0.652979,0.652979,2.871119,2.701562
53,4922,151.425546,131.018506,16.073594,8.104359,1,-1,-1,-1,0.652982,0.652982,2.879810,2.701562
53,4919,-9.934869,117.295823,18.742578,8.678194,1,-1,-1,-1,0.652978,0.652978,2.867916,2.701562
53,4918,154.330750,116.682602,17.192444,8.207084,1,-1,-1,-1,0.652978,0.652978,2.867916,2.701562
53,4917,182.741941,117.126832,17.663853,8.427918,1,-1,-1,-1,0.652978,0.652978,2.867916,2.701562
53,4916,122.040015,131.070012,19.439982,8.139992,1,-1,-1,-1,0.652978,0.652978,2.867916,2.701562
53,4915,-39.712744,116.879801,18.863501,7.611273,1,-1,-1,-1,0.652978,0.652978,2.867916,2.701562
53,4914,78.779953,42.150539,8.110087,18.656260,1,-1,-1,-1,0.652978,0.652978,2.867916,2.701562
53,4913,78.441533,69.340591,7.630115,16.959197,1,-1,-1,-1,0.652978,0.652978,2.867916,2.701562
54,4922,151.719513,131.038026,16.112348,8.073865,1,-1,-1,-1,0.652981,0.652981,2.876203,2.701562
54,4919,-10.254411,117.164724,18.770832,8.645456,1,-1,-1,-1,0.652978,0.652978,2.864857,2.701562
54,4918,154.265815,116.865253,17.436739,8.244342,1,-1,-1,-1,0.652978,0.652978,2.864857,2.701562
54,4917,182.737668,117.383940,17.949437,8.522609,1,-1,-1,-1,0.652978,0.652978,2.864857,2.701562
54,4916,122.040014,131.070011,19.439982,8.139992,1,-1,-1,-1,0.652978,0.652978,2.864857,2.701562
54,4915,-39.711564,116.877698,18.862303,7.608123,1,-1,-1,-1,0.652978,0.652978,2.864857,2.701562
54,4914,78.779972,42.149033,8.110050,18.654538,1,-1,-1,-1,0.652978,0.652978,2.864857,2.701562
54,4913,78.435924,69.358801,7.632867,16.967695,1,-1,-1,-1,0.652978,0.652978,2.864857,2.701562
55,4922,151.600114,131.005094,16.146898,8.071459,1,-1,-1,-1,0.652980,0.652980,2.872767,2.701562
55,4919,-10.370801,117.173903,18.824321,8.613570,1,-1,-1,-1,0.652977,0.652977,2.861934,2.701562
55,4918,154.264917,116.829065,17.436165,8.215018,1,-1,-1,-1,0.652977,0.652977,2.861934,2.701562
55,4917,182.609181,117.122023,18.048737,8.481117,1,-1,-1,-1,0.652977,0.652977,2.861934,2.701562
55,4916,122.040013,131.070010,19.439982,8.139992,1,-1,-1,-1,0.652977,0.652977,2.861934,2.701562
55,4915,-39.715659,116.879322,18.864413,7.608643,1,-1,-1,-1,0.652977,0.652977,2.861934,2.701562
55,4914,78.779968,42.150637,8.110059,18.656064,1,-1,-1,-1,0.652977,0.652977,2.861934,2.701562
55,4913,78.442716,69.335443,7.629126,16.959626,1,-1,-1,-1,0.652977,0.652977,2.861934,2.701562
56,4922,151.870254,131.343102,16.548666,8.179583,1,-1,-1,-1,0.652979,0.652979,2.869489,2.701562
56,4919,-10.213265,117.418115,18.814943,8.656400,1,-1,-1,-1,0.652977,0.652977,2.859137,2.701562
56,4918,154.262037,116.889058,17.316683,8.206205,1,-1,-1,-1,0.652977,0.652977,2.859137,2.701562
56,4917,182.465308,117.189293,18.131214,8.425667,1,-1,-1,-1,0.652977,0.652977,2.859137,2.701562
56,4916,122.040013,131.070010,19.439983,8.139993,1,-1,-1,-1,0.652977,0.652977,2.859137,2.701562
56,4915,-39.712918,116.879883,18.863171,7.608989,1,-1,-1,-1,0.652977,0.652977,2.859137,2.701562
56,4914,78.779982,42.149106,8.110030,18.654396,1,-1,-1,-1,0.652977,0.652977,2.859137,2.701562
56,4913,78.441256,69.344698,7.629254,16.959485,1,-1,-1,-1,0.652977,0.652977,2.859137,2.701562
57,4922,151.578801,131.163107,16.392164,8.131460,1,-1,-1,-1,0.652978,0.652978,2.866359,2.701562
57,4919,-10.023774,117.384997,18.781872,8.676380,1,-1,-1,-1,0.652977,0.652977,2.856459,2.701562
57,4918,154.262350,116.773148,17.405552,8.218694,1,-1,-1,-1,0.652977,0.652977,2.856459,2.701562
57,4917,182.526656,117.368589,18.275595,8.515713,1,-1,-1,-1,0.652977,0.652977,2.856459,2.701562
57,4916,122.040012,131.070009,19.439983,8.139993,1,-1,-1,-1,0.652977,0.652977,2.856459,2.701562
57,4915,-39.710187,116.907132,18.865866,7.620371,1,-1,-1,-1,0.652977,0.652977,2.856459,2.701562
57,4914,78.779993,42.148816,8.110010,18.653180,1,-1,-1,-1,0.652977,0.652977,2.856459,2.701562
57,4913,78.436017,69.348175,7.632128,16.959560,1,-1,-1,-1,0.652977,0.652977,2.856459,2.701562
58,4922,151.457424,130.928275,16.268710,8.020474,1,-1,-1,-1,0.652978,0.652978,2.863370,2.701562
58,4919,-10.266154,117.213401,18.790930,8.635712,1,-1,-1,-1,0.652976,0.652976,2.853893,2.701562
58,4918,154.362397,116.904018,17.605113,8.252205,1,-1,-1,-1,0.652976,0.652976,2.853893,2.701562
58,4917,182.529750,117.463443,18.337164,8.574607,1,-1,-1,-1,0.652976,0.652976,2.853893,2.701562
58,4916,122.040012,131.070008,19.439984,8.139993,1,-1,-1,-1,0.652976,0.652976,2.853893,2.701562
58,4915,-39.717613,116.888369,18.864225,7.617544,1,-1,-1,-1,0.652976,0.652976,2.853893,2.701562
58,4914,78.779984,42.150800,8.110028,18.655071,1,-1,-1,-1,0.652976,0.652976,2.853893,2.701562
58,4913,78.444710,69.343044,7.631447,16.959444,1,-1,-1,-1,0.652976,0.652976,2.853893,2.701562
59,4922,151.525733,130.991579,16.307624,8.032827,1,-1,-1,-1,0.652977,0.652977,2.860511,2.701562
59,4919,-10.249508,117.284820,18.825454,8.614865,1,-1,-1,-1,0.652976,0.652976,2.851434,2.701562
59,4918,154.316142,116.838267,17.528731,8.234385,1,-1,-1,-1,0.652976,0.652976,2.851434,2.701562
59,4917,182.500863,117.234994,18.353938,8.510959,1,-1,-1,-1,0.652976,0.652976,2.851434,2.701562
59,4916,122.040011,131.070008,19.439984,8.139993,1,-1,-1,-1,0.652976,0.652976,2.851434,2.701562
59,4915,-39.713612,116.881683,18.863029,7.615483,1,-1,-1,-1,0.652976,0.652976,2.851434,2.701562
59,4914,78.779994,42.149349,8.110009,18.653673,1,-1,-1,-1,0.652976,0.652976,2.851434,2.701562
59,4913,78.441612,69.339243,7.630920,16.956588,1,-1,-1,-1,0.652976,0.652976,2.851434,2.701562
60,4922,151.517260,131.075400,16.235892,8.043014,1,-1,-1,-1,0.652977,0.652977,2.857774,2.701562
60,4919,-9.929713,117.351571,18.708815,8.639152,1,-1,-1,-1,0.652976,0.652976,2.849075,2.701562
60,4918,154.319705,116.850252,17.573990,8.244658,1,-1,-1,-1,0.652976,0.652976,2.849075,2.701562
60,4917,182.473799,117.216174,18.201785,8.461234,1,-1,-1,-1,0.652976,0.652976,2.849075,2.701562
60,4916,122.040011,131.070007,19.439984,8.139993,1,-1,-1,-1,0.652976,0.652976,2.849075,2.701562
60,4915,-39.713749,116.879511,18.859383,7.613951,1,-1,-1,-1,0.652976,0.652976,2.849075,2.701562
60,4914,78.779985,42.150920,8.110027,18.655429,1,-1,-1,-1,0.652976,0.652976,2.849075,2.701562
60,4913,78.437688,69.356841,7.636189,16.963173,1,-1,-1,-1,0.652976,0.652976,2.849075,2.701562
61,4922,151.515545,131.005830,16.154520,8.028108,1,-1,-1,-1,0.652977,0.652977,2.855154,2.701562
61,4919,-9.674135,117.234232,18.605208,8.626852,1,-1,-1,-1,0.652976,0.652976,2.846809,2.701562
61,4918,154.201808,116.773419,17.391447,8.208660,1,-1,-1,-1,0.652976,0.652976,2.846809,2.701562
61,4917,182.512862,117.031212,18.161989,8.399958,1,-1,-1,-1,0.652976,0.652976,2.846809,2.701562
61,4916,122.040010,131.070007,19.439985,8.139994,1,-1,-1,-1,0.652976,0.652976,2.846809,2.701562
61,4915,-39.711279,116.878947,18.859500,7.612863,1,-1,-1,-1,0.652976,0.652976,2.846809,2.701562
61,4914,78.779979,42.151210,8.110039,18.656709,1,-1,-1,-1,0.652976,0.652976,2.846809,2.701562
61,4913,78.444628,69.343846,7.634383,16.959317,1,-1,-1,-1,0.652976,0.652976,2.846809,2.701562
62,4922,151.466787,131.023377,16.110092,8.039332,1,-1,-1,-1,0.652976,0.652976,2.852643,2.701562
62,4919,-9.863514,117.328464,18.654156,8.658140,1,-1,-1,-1,0.652976,0.652976,2.844634,2.701562
62,4918,154.263002,116.778296,17.175336,8.192169,1,-1,-1,-1,0.652976,0.652976,2.844634,2.701562
62,4917,182.582869,116.915101,18.231892,8.338848,1,-1,-1,-1,0.652976,0.652976,2.844634,2.701562
62,4916,122.038131,131.070021,19.437212,8.139964,1,-1,-1,-1,0.652976,0.652976,2.844634,2.701562
62,4915,-39.710355,116.878937,18.859587,7.612070,1,-1,-1,-1,0.652976,0.652976,2.844634,2.701562
62,4914,78.779990,42.149213,8.110017,18.654869,1,-1,-1,-1,0.652976,0.652976,2.844634,2.701562
62,4913,78.436337,69.351655,7.635939,16.964988,1,-1,-1,-1,0.652976,0.652976,2.844634,2.701562
63,4922,151.625802,131.108219,16.124898,8.050964,1,-1,-1,-1,0.652976,0.652976,2.850234,2.701562
63,4919,-9.797378,117.067918,18.669480,8.596816,1,-1,-1,-1,0.652976,0.652976,2.842542,2.701562
63,4918,154.292294,116.857359,17.114442,8.175433,1,-1,-1,-1,0.652976,0.652976,2.842542,2.701562
63,4917,182.571392,117.071305,18.190070,8.341478,1,-1,-1,-1,0.652976,0.652976,2.842542,2.701562
63,4916,122.039786,131.070017,19.437962,8.139972,1,-1,-1,-1,0.652976,0.652976,2.842542,2.701562
63,4915,-39.710018,116.879087,18.859651,7.611492,1,-1,-1,-1,0.652976,0.652976,2.842542,2.701562
63,4914,78.779983,42.150654,8.110032,18.656299,1,-1,-1,-1,0.652976,0.652976,2.842542,2.701562
63,4913,78.437593,69.349947,7.634236,16.963422,1,-1,-1,-1,0.652976,0.652976,2.842542,2.701562
64,4922,151.650032,131.107776,16.112513,8.042458,1,-1,-1,-1,0.652976,0.652976,2.847923,2.701562
64,4919,-9.851092,117.097377,18.675258,8.572027,1,-1,-1,-1,0.652975,0.652975,2.840531,2.701562
64,4918,154.358539,116.894333,17.203808,8.181374,1,-1,-1,-1,0.652975,0.652975,2.840531,2.701562
64,4917,182.733451,117.267702,18.264793,8.383567,1,-1,-1,-1,0.652975,0.652975,2.840531,2.701562
64,4916,122.040289,131.070013,19.438510,8.139979,1,-1,-1,-1,0.652975,0.652975,2.840531,2.701562
64,4915,-39.703460,116.887669,18.859874,7.613840,1,-1,-1,-1,0.652975,0.652975,2.840531,2.701562
64,4914,78.779993,42.149072,8.110012,18.654571,1,-1,-1,-1,0.652975,0.652975,2.840531,2.701562
64,4913,78.438355,69.351433,7.633027,16.965054,1,-1,-1,-1,0.652975,0.652975,2.840531,2.701562
65,4922,151.687864,131.057281,16.181579,8.048299,1,-1,-1,-1,0.652976,0.652976,2.845704,2.701562
65,4919,-10.008913,117.214190,18.722779,8.587862,1,-1,-1,-1,0.652975,0.652975,2.838596,2.701562
65,4918,154.365514,117.076851,17.333222,8.264319,1,-1,-1,-1,0.652975,0.652975,2.838596,2.701562
65,4917,182.520023,117.178874,18.227941,8.374320,1,-1,-1,-1,0.652975,0.652975,2.838596,2.701562
65,4916,122.033856,131.070011,19.438909,8.139983,1,-1,-1,-1,0.652975,0.652975,2.838596,2.701562
65,4915,-39.707462,116.882107,18.859861,7.612783,1,-1,-1,-1,0.652975,0.652975,2.838596,2.701562
65,4914,78.780000,42.148773,8.109998,18.653310,1,-1,-1,-1,0.652975,0.652975,2.838596,2.701562
65,4913,78.438873,69.349816,7.632115,16.963480,1,-1,-1,-1,0.652975,0.652975,2.838596,2.701562
66,4922,151.528211,131.019856,16.085838,7.995601,1,-1,-1,-1,0.652976,0.652976,2.843571,2.701562
66,4919,-10.081033,117.402779,18.797495,8.652387,1,-1,-1,-1,0.652975,0.652975,2.836732,2.701562
66,4918,154.405711,116.835680,17.091558,8.230165,1,-1,-1,-1,0.652975,0.652975,2.836732,2.701562
66,4917,182.523502,117.359099,18.337528,8.452319,1,-1,-1,-1,0.652975,0.652975,2.836732,2.701562
66,4916,122.037882,131.070009,19.439201,8.139986,1,-1,-1,-1,0.652975,0.652975,2.836732,2.701562
66,4915,-39.707114,116.886689,18.862622,7.612040,1,-1,-1,-1,0.652975,0.652975,2.836732,2.701562
66,4914,78.779991,42.150766,8.110017,18.655160,1,-1,-1,-1,0.652975,0.652975,2.836732,2.701562
66,4913,78.439231,69.349463,7.631451,16.962334,1,-1,-1,-1,0.652975,0.652975,2.836732,2.701562
67,4922,151.478345,130.907518,16.113332,7.982803,1,-1,-1,-1,0.652976,0.652976,2.841520,2.701562
67,4919,-9.936133,117.275029,18.683905,8.631405,1,-1,-1,-1,0.652975,0.652975,2.834938,2.701562
67,4918,154.336263,116.589519,16.881704,8.114111,1,-1,-1,-1,0.652975,0.652975,2.834938,2.701562
67,4917,182.442381,117.722210,18.569601,8.630218,1,-1,-1,-1,0.652975,0.652975,2.834938,2.701562
67,4916,122.039371,131.070008,19.439414,8.139989,1,-1,-1,-1,0.652975,0.652975,2.834938,2.701562
67,4915,-39.707474,116.888556,18.864637,7.611497,1,-1,-1,-1,0.652975,0.652975,2.834938,2.701562
67,4914,78.779984,42.151201,8.110030,18.656509,1,-1,-1,-1,0.652975,0.652975,2.834938,2.701562
67,4913,78.444162,69.332771,7.628142,16.955822,1,-1,-1,-1,0.652975,0.652975,2.834938,2.701562
68,4922,151.579620,131.069400,16.224081,8.013713,1,-1,-1,-1,0.652975,0.652975,2.839548,2.701562
68,4919,-9.963988,117.204319,18.708611,8.608600,1,-1,-1,-1,0.652975,0.652975,2.833208,2.701562
68,4918,154.398719,116.508479,16.984051,8.065624,1,-1,-1,-1,0.652975,0.652975,2.833208,2.701562
68,4917,181.424097,117.210804,17.595577,8.609890,1,-1,-1,-1,0.652975,0.652975,2.833208,2.701562
68,4916,122.033372,131.070006,19.439569,8.139991,1,-1,-1,-1,0.652975,0.652975,2.833208,2.701562
68,4915,-39.703326,116.889362,18.863339,7.611074,1,-1,-1,-1,0.652975,0.652975,2.833208,2.701562
68,4914,78.779993,42.149245,8.110011,18.654725,1,-1,-1,-1,0.652975,0.652975,2.833208,2.701562
68,4913,78.441960,69.327521,7.628498,16.951220,1,-1,-1,-1,0.652975,0.652975,2.833208,2.701562
69,4922,151.470104,131.016298,16.197168,7.987499,1,-1,-1,-1,0.652975,0.652975,2.837649,2.701562
69,4919,-9.696047,117.317037,18.435004,8.621402,1,-1,-1,-1,0.652975,0.652975,2.831540,2.701562
69,4918,154.354216,116.819706,16.957658,8.142273,1,-1,-1,-1,0.652975,0.652975,2.831540,2.701562
69,4917,182.170362,117.428079,17.940799,8.730665,1,-1,-1,-1,0.652975,0.652975,2.831540,2.701562
69,4916,122.037604,131.070006,19.439683,8.139992,1,-1,-1,-1,0.652975,0.652975,2.831540,2.701562
69,4915,-39.708071,116.883199,18.862393,7.610767,1,-1,-1,-1,0.652975,0.652975,2.831540,2.701562
69,4914,78.779986,42.150695,8.110026,18.656191,1,-1,-1,-1,0.652975,0.652975,2.831540,2.701562
69,4913,78.441041,69.334802,7.628790,16.950636,1,-1,-1,-1,0.652975,0.652975,2.831540,2.701562
70,4922,151.435231,131.062590,16.121822,7.962370,1,-1,-1,-1,0.652975,0.652975,2.835821,2.701562
70,4919,-9.925858,117.408703,18.543165,8.646206,1,-1,-1,-1,0.652975,0.652975,2.829932,2.701562
70,4918,154.489434,116.855401,17.055247,8.187358,1,-1,-1,-1,0.652975,0.652975,2.829932,2.701562
70,4917,182.551472,117.325342,18.097105,8.682509,1,-1,-1,-1,0.652975,0.652975,2.829932,2.701562
70,4916,122.039202,131.070005,19.439765,8.139993,1,-1,-1,-1,0.652975,0.652975,2.829932,2.701562
70,4915,-39.709721,116.880908,18.861704,7.610542,1,-1,-1,-1,0.652975,0.652975,2.829932,2.701562
70,4914,78.779995,42.149107,8.110008,18.654494,1,-1,-1,-1,0.652975,0.652975,2.829932,2.701562
70,4913,78.437814,69.358164,7.634655,16.961576,1,-1,-1,-1,0.652975,0.652975,2.829932,2.701562
71,4922,151.471485,131.071776,16.112831,7.982967,1,-1,-1,-1,0.652975,0.652975,2.834059,2.701562
71,4919,-9.531095,117.365099,18.409907,8.674785,1,-1,-1,-1,0.652975,0.652975,2.828379,2.701562
71,4918,154.436312,116.872372,17.007492,8.223599,1,-1,-1,-1,0.652975,0.652975,2.828379,2.701562
71,4917,182.571878,117.340512,18.164073,8.659017,1,-1,-1,-1,0.652975,0.652975,2.828379,2.701562
71,4916,122.039794,131.070005,19.439826,8.139994,1,-1,-1,-1,0.652975,0.652975,2.828379,2.701562
71,4915,-39.703779,116.888499,18.861361,7.613142,1,-1,-1,-1,0.652975,0.652975,2.828379,2.701562
71,4914,78.779988,42.150683,8.110023,18.656021,1,-1,-1,-1,0.652975,0.652975,2.828379,2.701562
71,4913,78.438389,69.344685,7.633285,16.958197,1,-1,-1,-1,0.652975,0.652975,2.828379,2.701562
72,4922,151.343788,131.044064,16.008204,7.974940,1,-1,-1,-1,0.652975,0.652975,2.832361,2.701562
72,4919,-9.679085,117.325916,18.471177,8.664857,1,-1,-1,-1,0.652975,0.652975,2.826881,2.701562
72,4918,154.405262,116.882110,17.161029,8.210752,1,-1,-1,-1,0.652975,0.652975,2.826881,2.701562
72,4917,182.749803,117.309864,18.220306,8.611091,1,-1,-1,-1,0.652975,0.652975,2.826881,2.701562
72,4916,122.040005,131.070004,19.439870,8.139994,1,-1,-1,-1,0.652975,0.652975,2.826881,2.701562
72,4915,-39.701467,116.890926,18.861107,7.615040,1,-1,-1,-1,0.652975,0.652975,2.826881,2.701562
72,4914,78.779996,42.149132,8.110007,18.654370,1,-1,-1,-1,0.652975,0.652975,2.826881,2.701562
72,4913,78.438848,69.340135,7.632287,16.955736,1,-1,-1,-1,0.652975,0.652975,2.826881,2.701562
73,4922,151.562842,131.070980,16.166137,8.008146,1,-1,-1,-1,0.652975,0.652975,2.830724,2.701562
73,4919,-9.784450,117.231240,18.545738,8.643926,1,-1,-1,-1,0.652975,0.652975,2.825433,2.701562
73,4918,154.350242,116.868747,17.318711,8.232957,1,-1,-1,-1,0.652975,0.652975,2.825433,2.701562
73,4917,182.598639,117.192510,18.194222,8.542535,1,-1,-1,-1,0.652975,0.652975,2.825433,2.701562
73,4916,122.040074,131.070004,19.439902,8.139994,1,-1,-1,-1,0.652975,0.652975,2.825433,2.701562
73,4915,-39.707091,116.891497,18.860919,7.616424,1,-1,-1,-1,0.652975,0.652975,2.825433,2.701562
73,4914,78.780002,42.148832,8.109995,18.653166,1,-1,-1,-1,0.652975,0.652975,2.825433,2.701562
73,4913,78.445713,69.340731,7.631588,16.956708,1,-1,-1,-1,0.652975,0.652975,2.825433,2.701562
74,4922,151.545176,131.016753,16.121923,7.999559,1,-1,-1,-1,0.652975,0.652975,2.829144,2.701562
74,4919,-9.837161,117.421863,18.624907,8.679110,1,-1,-1,-1,0.652975,0.652975,2.824034,2.701562
74,4918,154.389196,116.708173,17.088789,8.166664,1,-1,-1,-1,0.652975,0.652975,2.824034,2.701562
74,4917,182.609295,117.435859,18.320734,8.632879,1,-1,-1,-1,0.652975,0.652975,2.824034,2.701562
74,4916,122.038206,131.070016,19.437163,8.139969,1,-1,-1,-1,0.652975,0.652975,2.824034,2.701562
74,4915,-39.702598,116.889565,18.860628,7.614670,1,-1,-1,-1,0.652975,0.652975,2.824034,2.701562
74,4914,78.780006,42.148934,8.109986,18.652288,1,-1,-1,-1,0.652975,0.652975,2.824034,2.701562
74,4913,78.441891,69.349218,7.631107,16.960182,1,-1,-1,-1,0.652975,0.652975,2.824034,2.701562
75,4922,151.459528,130.962363,16.047642,7.979122,1,-1,-1,-1,0.652975,0.652975,2.827619,2.701562
75,4919,-9.710234,117.120507,18.654570,8.623497,1,-1,-1,-1,0.652975,0.652975,2.822682,2.701562
75,4918,154.450791,116.844796,17.358264,8.216562,1,-1,-1,-1,0.652975,0.652975,2.822682,2.701562
75,4917,182.626082,117.367827,18.309383,8.589456,1,-1,-1,-1,0.652975,0.652975,2.822682,2.701562
75,4916,122.039860,131.070013,19.437927,8.139977,1,-1,-1,-1,0.652975,0.652975,2.822682,2.701562
75,4915,-39.707379,116.882588,18.860416,7.613391,1,-1,-1,-1,0.652975,0.652975,2.822682,2.701562
75,4914,78.779996,42.151016,8.110007,18.654409,1,-1,-1,-1,0.652975,0.652975,2.822682,2.701562
75,4913,78.440553,69.339652,7.630676,16.954432,1,-1,-1,-1,0.652975,0.652975,2.822682,2.701562
76,4922,151.433468,131.065074,16.013606,7.986286,1,-1,-1,-1,0.652975,0.652975,2.826146,2.701562
76,4919,-9.689340,117.234506,18.608759,8.635303,1,-1,-1,-1,0.652975,0.652975,2.821375,2.701562
76,4918,154.379703,116.737441,16.924282,8.149395,1,-1,-1,-1,0.652975,0.652975,2.821375,2.701562
76,4917,182.604368,117.335312,18.392492,8.663776,1,-1,-1,-1,0.652975,0.652975,2.821375,2.701562
76,4916,122.040357,131.070010,19.438485,8.139982,1,-1,-1,-1,0.652975,0.652975,2.821375,2.701562
76,4915,-39.709164,116.880159,18.860262,7.612458,1,-1,-1,-1,0.652975,0.652975,2.821375,2.701562
76,4914,78.780002,42.149554,8.109995,18.653195,1,-1,-1,-1,0.652975,0.652975,2.821375,2.701562
76,4913,78.435445,69.347255,7.633178,16.955900,1,-1,-1,-1,0.652975,0.652975,2.821375,2.701562
77,4922,151.410785,131.012331,16.007686,7.983462,1,-1,-1,-1,0.652975,0.652975,2.824723,2.701562
77,4919,-9.686039,117.284428,18.586517,8.646847,1,-1,-1,-1,0.652975,0.652975,2.820111,2.701562
77,4918,154.496533,116.763849,17.176825,8.146388,1,-1,-1,-1,0.652975,0.652975,2.820111,2.701562
77,4917,182.608768,117.318649,18.456158,8.634770,1,-1,-1,-1,0.652975,0.652975,2.820111,2.701562
77,4916,122.040447,131.070008,19.438892,8.139986,1,-1,-1,-1,0.652975,0.652975,2.820111,2.701562
77,4915,-39.703282,116.879412,18.860151,7.611777,1,-1,-1,-1,0.652975,0.652975,2.820111,2.701562
77,4914,78.780006,42.149211,8.109987,18.652310,1,-1,-1,-1,0.652975,0.652975,2.820111,2.701562
77,4913,78.437719,69.349962,7.632244,16.956838,1,-1,-1,-1,0.652975,0.652975,2.820111,2.701562
78,4922,151.486232,131.036478,16.047400,7.979045,1,-1,-1,-1,0.652975,0.652975,2.823348,2.701562
78,4919,-9.799663,117.248632,18.663245,8.636817,1,-1,-1,-1,0.652975,0.652975,2.818887,2.701562
78,4918,154.419282,116.830119,17.267833,8.157313,1,-1,-1,-1,0.652975,0.652975,2.818887,2.701562
78,4917,182.621819,117.289218,18.469223,8.610754,1,-1,-1,-1,0.652975,0.652975,2.818887,2.701562
78,4916,122.040406,131.070006,19.439189,8.139989,1,-1,-1,-1,0.652975,0.652975,2.818887,2.701562
78,4915,-39.679557,116.879254,18.862830,7.611304,1,-1,-1,-1,0.652975,0.652975,2.818887,2.701562
78,4914,78.779996,42.151124,8.110007,18.654424,1,-1,-1,-1,0.652975,0.652975,2.818887,2.701562
78,4913,78.438768,69.342401,7.631536,16.954766,1,-1,-1,-1,0.652975,0.652975,2.818887,2.701562
79,4922,151.558988,131.178190,16.086117,8.006336,1,-1,-1,-1,0.652975,0.652975,2.822019,2.701562
79,4919,-9.501325,117.341561,18.707485,8.668167,1,-1,-1,-1,0.652975,0.652975,2.817702,2.701562
79,4918,154.380774,116.891870,17.359261,8.212519,1,-1,-1,-1,0.652975,0.652975,2.817702,2.701562
79,4917,182.354775,117.231922,18.389879,8.576153,1,-1,-1,-1,0.652975,0.652975,2.817702,2.701562
79,4916,122.040335,131.070005,19.439406,8.139991,1,-1,-1,-1,0.652975,0.652975,2.817702,2.701562
79,4915,-39.622524,116.877433,18.859126,7.608153,1,-1,-1,-1,0.652975,0.652975,2.817702,2.701562
79,4914,78.779989,42.151482,8.110021,18.655967,1,-1,-1,-1,0.652975,0.652975,2.817702,2.701562
79,4913,78.434623,69.350124,7.633834,16.958907,1,-1,-1,-1,0.652975,0.652975,2.817702,2.701562
80,4922,151.496146,131.087873,16.131789,7.984692,1,-1,-1,-1,0.652975,0.652975,2.820733,2.701562
80,4919,-9.187032,117.208704,18.765080,8.644056,1,-1,-1,-1,0.652975,0.652975,2.816556,2.701562
80,4918,154.284053,116.696547,17.446650,8.154853,1,-1,-1,-1,0.652975,0.652975,2.816556,2.701562
80,4917,182.364046,117.454760,18.510071,8.635549,1,-1,-1,-1,0.652975,0.652975,2.816556,2.701562
80,4916,122.040267,131.070004,19.439564,8.139992,1,-1,-1,-1,0.652975,0.652975,2.816556,2.701562
80,4915,-39.520206,116.879189,18.859326,7.608637,1,-1,-1,-1,0.652975,0.652975,2.816556,2.701562
80,4914,78.779984,42.151342,8.110031,18.657092,1,-1,-1,-1,0.652975,0.652975,2.816556,2.701562
80,4913,78.432641,69.360747,7.635537,16.964687,1,-1,-1,-1,0.652975,0.652975,2.816556,2.701562
81,4922,151.521302,131.019284,16.018464,7.959692,1,-1,-1,-1,0.652975,0.652975,2.819490,2.701562
81,4919,-8.598033,117.206302,18.784868,8.623658,1,-1,-1,-1,0.652975,0.652975,2.815445,2.701562
81,4918,154.272251,116.752996,17.207626,8.152552,1,-1,-1,-1,0.652975,0.652975,2.815445,2.701562
81,4917,182.630026,117.426656,18.501219,8.641625,1,-1,-1,-1,0.652975,0.652975,2.815445,2.701562
81,4916,122.040210,131.070004,19.439680,8.139994,1,-1,-1,-1,0.652975,0.652975,2.815445,2.701562
81,4915,-39.349279,116.886311,18.862230,7.609014,1,-1,-1,-1,0.652975,0.652975,2.815445,2.701562
81,4914,78.779993,42.149200,8.110013,18.655154,1,-1,-1,-1,0.652975,0.652975,2.815445,2.701562
81,4913,78.431590,69.365622,7.636805,16.971659,1,-1,-1,-1,0.652975,0.652975,2.815445,2.701562
82,4922,151.381113,130.955689,15.916010,7.927458,1,-1,-1,-1,0.652975,0.652975,2.818286,2.701562
82,4919,-8.393819,117.535145,18.975933,8.727368,1,-1,-1,-1,0.652975,0.652975,2.814369,2.701562
82,4918,154.241604,116.784414,17.019224,8.145365,1,-1,-1,-1,0.652975,0.652975,2.814369,2.701562
82,4917,182.296096,117.336439,18.420216,8.645301,1,-1,-1,-1,0.652975,0.652975,2.814369,2.701562
82,4916,122.040165,131.070003,19.439764,8.139994,1,-1,-1,-1,0.652975,0.652975,2.814369,2.701562
82,4915,-39.106558,116.882450,18.858833,7.609242,1,-1,-1,-1,0.652975,0.652975,2.814369,2.701562
82,4914,78.780000,42.148723,8.110000,18.653740,1,-1,-1,-1,0.652975,0.652975,2.814369,2.701562
82,4913,78.432857,69.368010,7.640513,16.979635,1,-1,-1,-1,0.652975,0.652975,2.814369,2.701562
83,4922,151.465420,130.902637,15.968530,7.921355,1,-1,-1,-1,0.652975,0.652975,2.817121,2.701562
83,4919,-7.375147,117.429536,18.804009,8.678601,1,-1,-1,-1,0.652975,0.652975,2.813325,2.701562
83,4918,154.318031,116.858141,17.157763,8.195636,1,-1,-1,-1,0.652975,0.652975,2.813325,2.701562
83,4917,182.412385,117.050611,18.216309,8.568096,1,-1,-1,-1,0.652975,0.652975,2.813325,2.701562
83,4916,122.038244,131.070015,19.437068,8.139972,1,-1,-1,-1,0.652975,0.652975,2.813325,2.701562
83,4915,-38.773404,116.879058,18.856220,7.606653,1,-1,-1,-1,0.652975,0.652975,2.813325,2.701562
83,4914,78.780004,42.148792,8.109991,18.652708,1,-1,-1,-1,0.652975,0.652975,2.813325,2.701562
83,4913,78.430840,69.363736,7.640407,16.979805,1,-1,-1,-1,0.652975,0.652975,2.813325,2.701562
84,4922,151.467453,130.965689,15.879715,7.910279,1,-1,-1,-1,0.652975,0.652975,2.815992,2.701562
84,4919,-6.414780,117.378525,18.802128,8.634815,1,-1,-1,-1,0.652975,0.652975,2.812314,2.701562
84,4918,154.358613,117.109071,17.181567,8.271548,1,-1,-1,-1,0.652975,0.652975,2.812314,2.701562
84,4917,182.559941,117.416537,18.311575,8.661375,1,-1,-1,-1,0.652975,0.652975,2.812314,2.701562
84,4916,122.039875,131.070011,19.437859,8.139979,1,-1,-1,-1,0.652975,0.652975,2.812314,2.701562
84,4915,-38.336897,116.878246,18.851558,7.604742,1,-1,-1,-1,0.652975,0.652975,2.812314,2.701562
84,4914,78.779996,42.150892,8.110009,18.654713,1,-1,-1,-1,0.652975,0.652975,2.812314,2.701562
84,4913,78.434766,69.351763,7.637523,16.974294,1,-1,-1,-1,0.652975,0.652975,2.812314,2.701562
85,4922,151.597313,131.135424,15.947681,7.961418,1,-1,-1,-1,0.652975,0.652975,2.814899,2.701562
85,4919,-5.451361,117.280418,18.875105,8.611776,1,-1,-1,-1,0.652975,0.652975,2.811334,2.701562
85,4918,154.405754,116.904270,17.166496,8.252898,1,-1,-1,-1,0.652975,0.652975,2.811334,2.701562
85,4917,182.544321,117.326735,18.262618,8.665013,1,-1,-1,-1,0.652975,0.652975,2.811334,2.701562
85,4916,122.040360,131.070008,19.438436,8.139984,1,-1,-1,-1,0.652975,0.652975,2.811334,2.701562
85,4915,-37.786128,116.878282,18.850917,7.603372,1,-1,-1,-1,0.652975,0.652975,2.811334,2.701562
85,4914,78.780001,42.149453,8.109997,18.653418,1,-1,-1,-1,0.652975,0.652975,2.811334,2.701562
85,4913,78.436767,69.348138,7.635419,16.970274,1,-1,-1,-1,0.652975,0.652975,2.811334,2.701562
86,4922,151.677206,131.096165,15.912668,7.972833,1,-1,-1,-1,0.652975,0.652975,2.813840,2.701562
86,4919,-4.399999,117.235261,18.896483,8.625311,1,-1,-1,-1,0.652975,0.652975,2.810383,2.701562
86,4918,154.383304,116.940126,17.352363,8.271831,1,-1,-1,-1,0.652975,0.652975,2.810383,2.701562
86,4917,182.577381,117.431190,18.309304,8.662899,1,-1,-1,-1,0.652975,0.652975,2.810383,2.701562
86,4916,122.033913,131.070007,19.438857,8.139988,1,-1,-1,-1,0.652975,0.652975,2.810383,2.701562
86,4915,-37.121154,116.878580,18.844940,7.602330,1,-1,-1,-1,0.652975,0.652975,2.810383,2.701562
86,4914,78.779993,42.151020,8.110013,18.655230,1,-1,-1,-1,0.652975,0.652975,2.810383,2.701562
86,4913,78.433227,69.351168,7.636690,16.972975,1,-1,-1,-1,0.652975,0.652975,2.810383,2.701562
87,4922,151.732536,130.936685,15.979609,7.945889,1,-1,-1,-1,0.652975,0.652975,2.812813,2.701562
87,4919,-3.199700,117.175773,18.963244,8.663292,1,-1,-1,-1,0.652975,0.652975,2.809460,2.701562
87,4918,154.310463,116.850905,17.583798,8.275010,1,-1,-1,-1,0.652975,0.652975,2.809460,2.701562
87,4917,182.576287,117.305777,18.334344,8.639049,1,-1,-1,-1,0.652975,0.652975,2.809460,2.701562
87,4916,122.037928,131.070005,19.439164,8.139990,1,-1,-1,-1,0.652975,0.652975,2.809460,2.701562
87,4915,-36.338557,116.878864,18.848849,7.601636,1,-1,-1,-1,0.652975,0.652975,2.809460,2.701562
87,4914,78.779988,42.151298,8.110024,18.656552,1,-1,-1,-1,0.652975,0.652975,2.809460,2.701562
87,4913,78.436330,69.348127,7.634813,16.969315,1,-1,-1,-1,0.652975,0.652975,2.809460,2.701562
88,4922,151.631486,131.021068,15.993705,7.959364,1,-1,-1,-1,0.652975,0.652975,2.811817,2.701562
88,4919,-1.629877,117.363126,18.984799,8.643683,1,-1,-1,-1,0.652975,0.652975,2.808564,2.701562
88,4918,154.127389,116.632429,17.021908,8.181236,1,-1,-1,-1,0.652975,0.652975,2.808564,2.701562
88,4917,182.590573,117.601423,18.464067,8.700429,1,-1,-1,-1,0.652975,0.652975,2.808564,2.701562
88,4916,122.039409,131.070004,19.439388,8.139992,1,-1,-1,-1,0.652975,0.652975,2.808564,2.701562
88,4915,-35.373901,116.879135,18.846194,7.601087,1,-1,-1,-1,0.652975,0.652975,2.808564,2.701562
88,4914,78.779984,42.151167,8.110032,18.657516,1,-1,-1,-1,0.652975,0.652975,2.808564,2.701562
88,4913,78.437852,69.339190,7.633420,16.963890,1,-1,-1,-1,0.652975,0.652975,2.808564,2.701562
89,4922,151.681522,130.989868,16.089238,7.967332,1,-1,-1,-1,0.652975,0.652975,2.810851,2.701562
89,4919,-0.041464,117.379270,19.004956,8.668051,1,-1,-1,-1,0.652975,0.652975,2.807695,2.701562
89,4918,154.228371,116.689966,17.153668,8.165502,1,-1,-1,-1,0.652975,0.652975,2.807695,2.701562
89,4917,182.582326,117.440606,18.481132,8.694363,1,-1,-1,-1,0.652975,0.652975,2.807695,2.701562
89,4916,122.039933,131.070003,19.439552,8.139994,1,-1,-1,-1,0.652975,0.652975,2.807695,2.701562
89,4915,-34.188811,116.872834,18.841506,7.600667,1,-1,-1,-1,0.652975,0.652975,2.807695,2.701562
89,4914,78.779993,42.149054,8.110014,18.655464,1,-1,-1,-1,0.652975,0.652975,2.807695,2.701562
89,4913,78.443314,69.336822,7.629651,16.959820,1,-1,-1,-1,0.652975,0.652975,2.807695,2.701562
90,4922,151.755030,131.126395,16.257459,8.013342,1,-1,-1,-1,0.652975,0.652975,2.809915,2.701562
90,4919,2.553397,117.192309,19.004555,8.658168,1,-1,-1,-1,0.652975,0.652975,2.806851,2.701562
90,4918,154.301992,116.862682,17.232531,8.198484,1,-1,-1,-1,0.652975,0.652975,2.806851,2.701562
90,4917,182.461768,117.371351,18.525625,8.648275,1,-1,-1,-1,0.652975,0.652975,2.806851,2.701562
90,4916,122.033571,131.070003,19.439671,8.139995,1,-1,-1,-1,0.652975,0.652975,2.806851,2.701562
90,4915,-32.781158,116.878947,18.840977,7.603137,1,-1,-1,-1,0.652975,0.652975,2.806851,2.701562
90,4914,78.779988,42.150495,8.110024,18.656722,1,-1,-1,-1,0.652975,0.652975,2.806851,2.701562
90,4913,78.436719,69.348750,7.632482,16.965350,1,-1,-1,-1,0.652975,0.652975,2.806851,2.701562
91,4922,151.655166,130.938049,16.157661,8.008208,1,-1,-1,-1,0.652975,0.652975,2.809006,2.701562
91,4919,4.485287,117.213120,19.171393,8.621006,1,-1,-1,-1,0.652975,0.652975,2.806031,2.701562
91,4918,154.254014,116.907950,17.186272,8.180172,1,-1,-1,-1,0.652975,0.652975,2.806031,2.701562
91,4917,182.454089,117.650580,18.700800,8.776671,1,-1,-1,-1,0.652975,0.652975,2.806031,2.701562
91,4916,122.037669,131.070002,19.439759,8.139995,1,-1,-1,-1,0.652975,0.652975,2.806031,2.701562
91,4915,-31.255069,116.872442,18.840460,7.602187,1,-1,-1,-1,0.652975,0.652975,2.806031,2.701562
91,4914,78.779995,42.148935,8.110009,18.654885,1,-1,-1,-1,0.652975,0.652975,2.806031,2.701562
91,4913,78.435578,69.362582,7.637350,16.975015,1,-1,-1,-1,0.652975,0.652975,2.806031,2.701562
92,4922,151.670236,131.071266,16.352050,8.060259,1,-1,-1,-1,0.652975,0.652975,2.808123,2.701562
92,4919,6.583584,117.292585,19.189538,8.705975,1,-1,-1,-1,0.652975,0.652975,2.805235,2.701562
92,4918,154.260169,116.705055,17.146351,8.136353,1,-1,-1,-1,0.652975,0.652975,2.805235,2.701562
92,4917,182.464158,117.507718,18.675599,8.727878,1,-1,-1,-1,0.652975,0.652975,2.805235,2.701562
92,4916,122.039219,131.070002,19.439822,8.139996,1,-1,-1,-1,0.652975,0.652975,2.805235,2.701562
92,4915,-29.729047,116.876666,18.845593,7.601537,1,-1,-1,-1,0.652975,0.652975,2.805235,2.701562
92,4914,78.780001,42.148663,8.109998,18.653545,1,-1,-1,-1,0.652975,0.652975,2.805235,2.701562
92,4913,78.432444,69.353987,7.638074,16.973678,1,-1,-1,-1,0.652975,0.652975,2.805235,2.701562
93,4922,151.542497,130.905559,16.162868,8.009844,1,-1,-1,-1,0.652975,0.652975,2.807267,2.701562
93,4919,8.584980,117.483569,19.190263,8.821671,1,-1,-1,-1,0.652975,0.652975,2.804461,2.701562
93,4918,154.432295,117.042111,17.353683,8.264629,1,-1,-1,-1,0.652975,0.652975,2.804461,2.701562
93,4917,182.532426,117.482731,18.601782,8.694908,1,-1,-1,-1,0.652975,0.652975,2.804461,2.701562
93,4916,122.039796,131.070002,19.439869,8.139996,1,-1,-1,-1,0.652975,0.652975,2.804461,2.701562
93,4915,-28.134297,116.871887,18.846588,7.601043,1,-1,-1,-1,0.652975,0.652975,2.804461,2.701562
93,4914,78.779994,42.150688,8.110012,18.655320,1,-1,-1,-1,0.652975,0.652975,2.804461,2.701562
93,4913,78.435772,69.350973,7.635850,16.972589,1,-1,-1,-1,0.652975,0.652975,2.804461,2.701562
94,4922,151.416020,130.898230,16.187554,8.003634,1,-1,-1,-1,0.652975,0.652975,2.806435,2.701562
94,4919,10.635094,117.280726,19.033206,8.775530,1,-1,-1,-1,0.652975,0.652975,2.803709,2.701562
94,4918,154.317145,116.874268,17.525450,8.232188,1,-1,-1,-1,0.652975,0.652975,2.803709,2.701562
94,4917,181.460889,117.260194,17.738195,8.637501,1,-1,-1,-1,0.652975,0.652975,2.803709,2.701562
94,4916,122.040003,131.070002,19.439903,8.139997,1,-1,-1,-1,0.652975,0.652975,2.803709,2.701562
94,4915,-26.435204,116.868294,18.847194,7.597929,1,-1,-1,-1,0.652975,0.652975,2.803709,2.701562
94,4914,78.778111,42.149318,8.107248,18.653747,1,-1,-1,-1,0.652975,0.652975,2.803709,2.701562
94,4913,78.432776,69.358363,7.637003,16.974662,1,-1,-1,-1,0.652975,0.652975,2.803709,2.701562
95,4922,151.513055,131.017758,16.168415,8.031581,1,-1,-1,-1,0.652975,0.652975,2.805628,2.701562
95,4919,13.008987,116.975007,19.303919,8.613707,1,-1,-1,-1,0.652975,0.652975,2.802979,2.701562
95,4918,154.346425,116.934368,17.606891,8.278133,1,-1,-1,-1,0.652975,0.652975,2.802979,2.701562
95,4917,182.249446,117.222942,17.922061,8.580029,1,-1,-1,-1,0.652975,0.652975,2.802979,2.701562
95,4916,122.040071,131.070002,19.439928,8.139997,1,-1,-1,-1,0.652975,0.652975,2.802979,2.701562
95,4915,-24.605957,116.867498,18.850391,7.595678,1,-1,-1,-1,0.652975,0.652975,2.802979,2.701562
95,4914,78.781651,42.150844,8.110758,18.655587,1,-1,-1,-1,0.652975,0.652975,2.802979,2.701562
95,4913,78.436094,69.352423,7.635069,16.973309,1,-1,-1,-1,0.652975,0.652975,2.802979,2.701562
96,4922,151.369453,131.049630,16.130753,8.010734,1,-1,-1,-1,0.652975,0.652975,2.804843,2.701562
96,4919,15.659631,116.425913,19.109823,8.491958,1,-1,-1,-1,0.652975,0.652975,2.802268,2.701562
96,4918,154.367795,116.995969,17.537929,8.282783,1,-1,-1,-1,0.652975,0.652975,2.802268,2.701562
96,4917,182.833351,117.164710,18.029070,8.575572,1,-1,-1,-1,0.652975,0.652975,2.802268,2.701562
96,4916,122.040088,131.070001,19.439946,8.139997,1,-1,-1,-1,0.652975,0.652975,2.802268,2.701562
96,4915,-22.639200,116.861092,18.855480,7.594058,1,-1,-1,-1,0.652975,0.652975,2.802268,2.701562
96,4914,78.780505,42.149273,8.110544,18.654057,1,-1,-1,-1,0.652975,0.652975,2.802268,2.701562
96,4913,78.435839,69.338236,7.630841,16.963961,1,-1,-1,-1,0.652975,0.652975,2.802268,2.701562
97,4922,151.531583,131.086290,16.238792,8.018775,1,-1,-1,-1,0.652975,0.652975,2.804080,2.701562
97,4919,18.054048,116.981171,19.049567,8.678440,1,-1,-1,-1,0.652975,0.652975,2.801577,2.701562
97,4918,154.211286,116.827769,17.343612,8.255432,1,-1,-1,-1,0.652975,0.652975,2.801577,2.701562
97,4917,182.600370,117.122765,18.202459,8.510373,1,-1,-1,-1,0.652975,0.652975,2.801577,2.701562
97,4916,122.040087,131.070001,19.439959,8.139997,1,-1,-1,-1,0.652975,0.652975,2.801577,2.701562
97,4915,-20.527515,116.865524,18.859195,7.592877,1,-1,-1,-1,0.652975,0.652975,2.801577,2.701562
97,4914,78.780102,42.148944,8.110389,18.652942,1,-1,-1,-1,0.652975,0.652975,2.801577,2.701562
97,4913,78.433689,69.348475,7.633348,16.968368,1,-1,-1,-1,0.652975,0.652975,2.801577,2.701562
98,4922,151.678939,131.159305,16.317661,8.027323,1,-1,-1,-1,0.652975,0.652975,2.803339,2.701562
98,4919,20.995652,116.371543,18.998494,8.519651,1,-1,-1,-1,0.652975,0.652975,2.800906,2.701562
98,4918,154.273314,116.865702,17.483722,8.275980,1,-1,-1,-1,0.652975,0.652975,2.800906,2.701562
98,4917,182.523234,117.128979,18.113813,8.469034,1,-1,-1,-1,0.652975,0.652975,2.800906,2.701562
98,4916,122.038249,131.068123,19.437102,8.137225,1,-1,-1,-1,0.652975,0.652975,2.800906,2.701562
98,4915,-18.275111,116.862805,18.867537,7.594810,1,-1,-1,-1,0.652975,0.652975,2.800906,2.701562
98,4914,78.779975,42.149019,8.110276,18.652128,1,-1,-1,-1,0.652975,0.652975,2.800906,2.701562
98,4913,78.438994,69.347841,7.635132,16.966077,1,-1,-1,-1,0.652975,0.652975,2.800906,2.701562
99,4922,151.459108,131.080075,16.297683,8.021775,1,-1,-1,-1,0.652975,0.652975,2.802619,2.701562
99,4919,24.008988,117.230580,19.327254,9.102227,1,-1,-1,-1,0.652975,0.652975,2.800252,2.701562
99,4918,154.296569,116.701846,17.609526,8.183166,1,-1,-1,-1,0.652975,0.652975,2.800252,2.701562
99,4917,182.469752,117.060040,18.095566,8.388692,1,-1,-1,-1,0.652975,0.652975,2.800252,2.701562
99,4916,122.039882,131.069777,19.437885,8.137975,1,-1,-1,-1,0.652975,0.652975,2.800252,2.701562
99,4915,-15.825021,116.861469,18.876375,7.596241,1,-1,-1,-1,0.652975,0.652975,2.800252,2.701562
99,4914,78.779935,42.151085,8.110214,18.654285,1,-1,-1,-1,0.652975,0.652975,2.800252,2.701562
99,4913,78.438796,69.349951,7.633706,16.967048,1,-1,-1,-1,0.652975,0.652975,2.800252,2.701562
100,4922,151.350952,131.027825,16.214760,8.030709,1,-1,-1,-1,0.652975,0.652975,2.801918,2.701562
100,4919,27.433867,117.512163,19.493183,9.662544,1,-1,-1,-1,0.652975,0.652975,2.799616,2.701562
100,4918,154.217113,116.587959,17.252233,8.088399,1,-1,-1,-1,0.652975,0.652975,2.799616,2.701562
100,4917,182.601697,117.512753,18.248005,8.505837,1,-1,-1,-1,0.652975,0.652975,2.799616,2.701562
100,4916,122.040368,131.070281,19.438456,8.138522,1,-1,-1,-1,0.652975,0.652975,2.799616,2.701562
100,4915,-13.150453,116.858878,18.879951,7.594511,1,-1,-1,-1,0.652975,0.652975,2.799616,2.701562
100,4914,78.779930,42.151494,8.110170,18.655859,1,-1,-1,-1,0.652975,0.652975,2.799616,2.701562
100,4913,78.434310,69.358951,7.635439,16.970619,1,-1,-1,-1,0.652975,0.652975,2.799616,2.701562
