1,4140,130.790000,105.560000,20.300000,8.000000,1,-1,-1,-1,10.000000,10.000000,10.000000,10.000000
1,4139,61.880000,245.900000,8.540000,19.050000,1,-1,-1,-1,10.000000,10.000000,10.000000,10.000000
1,4138,152.310000,131.440000,18.160000,8.460000,1,-1,-1,-1,10.000000,10.000000,10.000000,10.000000
1,4137,81.500000,-136.140000,8.170000,19.230000,1,-1,-1,-1,10.000000,10.000000,10.000000,10.000000
1,4136,-52.350000,131.200000,18.050000,8.260000,1,-1,-1,-1,10.000000,10.000000,10.000000,10.000000
1,4135,-19.790000,116.830000,16.110000,7.930000,1,-1,-1,-1,10.000000,10.000000,10.000000,10.000000
1,4134,-24.090000,131.400000,17.600000,8.150000,1,-1,-1,-1,10.000000,10.000000,10.000000,10.000000
1,4133,6.650000,117.390000,19.050000,8.630000,1,-1,-1,-1,10.000000,10.000000,10.000000,10.000000
1,4132,82.050000,-173.080000,8.050000,15.310000,1,-1,-1,-1,10.000000,10.000000,10.000000,10.000000
1,4131,122.350000,130.790000,18.830000,7.580000,1,-1,-1,-1,10.000000,10.000000,10.000000,10.000000
1,4130,61.160000,216.530000,8.120000,18.650000,1,-1,-1,-1,10.000000,10.000000,10.000000,10.000000
1,4129,61.990000,187.650000,7.640000,16.980000,1,-1,-1,-1,10.000000,10.000000,10.000000,10.000000
2,4141,11.280000,-280.530000,15.440000,21.100000,1,-1,-1,-1,10.000000,10.000000,10.000000,10.000000
2,4140,130.458769,105.567323,20.572500,8.005352,1,-1,-1,-1,0.999900,0.999900,9.990021,5.238095
2,4138,151.633905,131.672789,17.992342,8.394382,1,-1,-1,-1,0.999900,0.999900,9.990021,5.238095
2,4137,81.510278,-136.226862,8.269432,19.253739,1,-1,-1,-1,0.999900,0.999900,9.990021,5.238095
2,4136,-52.780971,131.025907,18.042029,8.238223,1,-1,-1,-1,0.999900,0.999900,9.990021,5.238095
2,4135,-19.798628,116.984320,16.257243,8.021320,1,-1,-1,-1,0.999900,0.999900,9.990021,5.238095
2,4134,-23.662712,131.420425,17.175382,7.999161,1,-1,-1,-1,0.999900,0.999900,9.990021,5.238095
2,4133,6.816881,117.391383,18.986211,8.607235,1,-1,-1,-1,0.999900,0.999900,9.990021,5.238095
2,4132,82.048751,-173.067614,8.052498,15.325224,1,-1,-1,-1,0.999900,0.999900,9.990021,5.238095
2,4131,122.352952,130.788809,18.824097,7.572384,1,-1,-1,-1,0.999900,0.999900,9.990021,5.238095
2,4130,61.159483,216.531193,8.121034,18.657613,1,-1,-1,-1,0.999900,0.999900,9.990021,5.238095
2,4129,61.990535,187.648808,7.638931,16.972385,1,-1,-1,-1,0.999900,0.999900,9.990021,5.238095
3,4138,151.721315,131.577516,18.462137,8.561419,1,-1,-1,-1,0.941153,0.941153,8.384601,3.841642
3,4137,81.593165,-135.926057,8.167191,19.170343,1,-1,-1,-1,0.941153,0.941153,8.384601,3.841642
3,4136,-53.075437,131.275410,18.692682,8.611530,1,-1,-1,-1,0.941153,0.941153,8.384601,3.841642
3,4135,-19.105666,117.101386,15.867183,7.961321,1,-1,-1,-1,0.941153,0.941153,8.384601,3.841642
3,4134,-23.535063,131.386496,17.077159,8.032309,1,-1,-1,-1,0.941153,0.941153,8.384601,3.841642
3,4133,7.091786,117.449813,18.744053,8.470376,1,-1,-1,-1,0.941153,0.941153,8.384601,3.841642
3,4132,82.049999,-173.090284,8.050001,15.316449,1,-1,-1,-1,0.941153,0.941153,8.384601,3.841642
3,4131,122.349524,130.780879,18.812128,7.568832,1,-1,-1,-1,0.941153,0.941153,8.384601,3.841642
3,4130,61.160000,216.528975,8.120000,18.653225,1,-1,-1,-1,0.941153,0.941153,8.384601,3.841642
3,4129,61.990511,187.649376,7.638978,16.970660,1,-1,-1,-1,0.941153,0.941153,8.384601,3.841642
4,4138,151.546639,131.622291,18.742363,8.779888,1,-1,-1,-1,0.847083,0.847083,7.132717,3.262201
4,4137,81.532469,-135.939519,8.212223,19.241916,1,-1,-1,-1,0.847083,0.847083,7.132717,3.262201
4,4136,-52.561143,131.235945,18.356867,8.472834,1,-1,-1,-1,0.847083,0.847083,7.132717,3.262201
4,4135,-19.749345,117.202557,16.302894,8.102022,1,-1,-1,-1,0.847083,0.847083,7.132717,3.262201
4,4134,-23.761289,131.431294,17.309829,8.117117,1,-1,-1,-1,0.847083,0.847083,7.132717,3.262201
4,4133,7.078515,117.379308,18.725384,8.447381,1,-1,-1,-1,0.847083,0.847083,7.132717,3.262201
4,4132,82.048183,-173.081937,8.045164,15.314608,1,-1,-1,-1,0.847083,0.847083,7.132717,3.262201
4,4131,122.351373,130.787788,18.813566,7.568758,1,-1,-1,-1,0.847083,0.847083,7.132717,3.262201
4,4130,61.159715,216.530547,8.120571,18.656746,1,-1,-1,-1,0.847083,0.847083,7.132717,3.262201
4,4129,61.991307,187.629542,7.637387,16.959641,1,-1,-1,-1,0.847083,0.847083,7.132717,3.262201
5,4138,151.333230,131.653183,18.456346,8.622343,1,-1,-1,-1,0.780933,0.780933,6.225018,2.988460
5,4137,81.500221,-135.863292,8.247070,19.337310,1,-1,-1,-1,0.780933,0.780933,6.225018,2.988460
5,4136,-52.413063,131.199773,18.278880,8.390296,1,-1,-1,-1,0.780933,0.780933,6.225018,2.988460
5,4135,-19.799541,117.112828,16.362519,8.095416,1,-1,-1,-1,0.780933,0.780933,6.225018,2.988460
5,4134,-23.826816,131.393558,17.276678,8.175905,1,-1,-1,-1,0.780933,0.780933,6.225018,2.988460
5,4133,6.902686,117.395869,18.797686,8.482769,1,-1,-1,-1,0.780933,0.780933,6.225018,2.988460
5,4132,82.049478,-173.071575,8.048239,15.322310,1,-1,-1,-1,0.780933,0.780933,6.225018,2.988460
5,4131,122.351312,130.791078,18.823317,7.574064,1,-1,-1,-1,0.780933,0.780933,6.225018,2.988460
5,4130,61.159648,216.530645,8.120705,18.658417,1,-1,-1,-1,0.780933,0.780933,6.225018,2.988460
5,4129,61.998012,187.625968,7.631786,16.946235,1,-1,-1,-1,0.780933,0.780933,6.225018,2.988460
6,4138,151.436242,131.679961,17.684502,8.303001,1,-1,-1,-1,0.739812,0.739812,5.560040,2.851250
6,4137,81.537594,-136.341457,8.163509,19.094405,1,-1,-1,-1,0.739812,0.739812,5.560040,2.851250
6,4136,-52.674437,131.265322,18.485154,8.470605,1,-1,-1,-1,0.739812,0.739812,5.560040,2.851250
6,4135,-19.495281,117.166558,16.134989,8.053510,1,-1,-1,-1,0.739812,0.739812,5.560040,2.851250
6,4134,-23.229728,131.209232,16.788082,7.967187,1,-1,-1,-1,0.739812,0.739812,5.560040,2.851250
6,4133,8.310884,117.444062,17.453048,8.159337,1,-1,-1,-1,0.739812,0.739812,5.560040,2.851250
6,4132,82.050060,-173.078060,8.048961,15.322069,1,-1,-1,-1,0.739812,0.739812,5.560040,2.851250
6,4131,122.350650,130.790190,18.820341,7.572088,1,-1,-1,-1,0.739812,0.739812,5.560040,2.851250
6,4130,61.159652,216.530462,8.120697,18.659312,1,-1,-1,-1,0.739812,0.739812,5.560040,2.851250
6,4129,62.001464,187.635701,7.634632,16.951281,1,-1,-1,-1,0.739812,0.739812,5.560040,2.851250
7,4138,151.427826,131.628204,17.402361,8.250962,1,-1,-1,-1,0.714060,0.714060,5.062690,2.780435
7,4137,81.523974,-136.366406,8.174109,19.053213,1,-1,-1,-1,0.714060,0.714060,5.062690,2.780435
7,4136,-52.930044,131.342583,18.594600,8.553971,1,-1,-1,-1,0.714060,0.714060,5.062690,2.780435
7,4135,-19.441966,117.124401,16.034013,8.040252,1,-1,-1,-1,0.714060,0.714060,5.062690,2.780435
7,4134,-23.363690,131.456681,16.963040,8.137249,1,-1,-1,-1,0.714060,0.714060,5.062690,2.780435
7,4133,7.564922,117.461423,18.038705,8.336928,1,-1,-1,-1,0.714060,0.714060,5.062690,2.780435
7,4132,82.048556,-173.079090,8.045481,15.319612,1,-1,-1,-1,0.714060,0.714060,5.062690,2.780435
7,4131,122.349220,130.791665,18.821768,7.574899,1,-1,-1,-1,0.714060,0.714060,5.062690,2.780435
7,4130,61.159679,216.530267,8.120642,18.659824,1,-1,-1,-1,0.714060,0.714060,5.062690,2.780435
7,4129,61.995021,187.638845,7.636328,16.954156,1,-1,-1,-1,0.714060,0.714060,5.062690,2.780435
8,4138,152.089204,131.430569,17.516533,8.258158,1,-1,-1,-1,0.697349,0.697349,4.683127,2.743335
8,4137,81.544694,-136.334621,8.127409,18.965309,1,-1,-1,-1,0.697349,0.697349,4.683127,2.743335
8,4136,-52.979227,131.270935,18.716383,8.600485,1,-1,-1,-1,0.697349,0.697349,4.683127,2.743335
8,4135,-19.402634,117.036974,15.988640,8.023519,1,-1,-1,-1,0.697349,0.697349,4.683127,2.743335
8,4134,-23.881307,131.458691,17.346017,8.334516,1,-1,-1,-1,0.697349,0.697349,4.683127,2.743335
8,4133,7.090814,117.397024,18.349133,8.410624,1,-1,-1,-1,0.697349,0.697349,4.683127,2.743335
8,4132,82.044289,-173.063923,8.051769,15.329595,1,-1,-1,-1,0.697349,0.697349,4.683127,2.743335
8,4131,122.350379,130.791544,18.825967,7.577079,1,-1,-1,-1,0.697349,0.697349,4.683127,2.743335
8,4130,61.159712,216.530115,8.120577,18.660126,1,-1,-1,-1,0.697349,0.697349,4.683127,2.743335
8,4129,61.992226,187.648409,7.637836,16.959613,1,-1,-1,-1,0.697349,0.697349,4.683127,2.743335
9,4138,152.571772,131.374696,17.735278,8.308877,1,-1,-1,-1,0.686065,0.686065,4.388218,2.723746
9,4137,81.555978,-136.130683,8.137807,19.062780,1,-1,-1,-1,0.686065,0.686065,4.388218,2.723746
9,4136,-53.143047,131.285031,18.812437,8.669070,1,-1,-1,-1,0.686065,0.686065,4.388218,2.723746
9,4135,-19.271618,116.852568,15.852378,7.930573,1,-1,-1,-1,0.686065,0.686065,4.388218,2.723746
9,4134,-23.974567,131.498205,17.494966,8.359672,1,-1,-1,-1,0.686065,0.686065,4.388218,2.723746
9,4133,6.961685,117.438185,18.622649,8.487941,1,-1,-1,-1,0.686065,0.686065,4.388218,2.723746
9,4132,82.047416,-173.067377,8.051636,15.330370,1,-1,-1,-1,0.686065,0.686065,4.388218,2.723746
9,4131,122.349712,130.789682,18.822809,7.574533,1,-1,-1,-1,0.686065,0.686065,4.388218,2.723746
9,4130,61.159744,216.530007,8.120512,18.660305,1,-1,-1,-1,0.686065,0.686065,4.388218,2.723746
9,4129,61.991025,187.644320,7.638731,16.963120,1,-1,-1,-1,0.686065,0.686065,4.388218,2.723746
10,4138,152.503664,131.331738,17.811962,8.316072,1,-1,-1,-1,0.678159,0.678159,4.155461,2.713360
10,4137,81.561874,-136.138836,8.124881,19.070987,1,-1,-1,-1,0.678159,0.678159,4.155461,2.713360
10,4136,-53.198864,131.430758,18.839984,8.795393,1,-1,-1,-1,0.678159,0.678159,4.155461,2.713360
10,4135,-19.317532,116.883691,15.777226,7.930909,1,-1,-1,-1,0.678159,0.678159,4.155461,2.713360
10,4134,-23.660560,131.291821,17.207878,8.224003,1,-1,-1,-1,0.678159,0.678159,4.155461,2.713360
10,4133,6.943016,117.365756,18.700959,8.481645,1,-1,-1,-1,0.678159,0.678159,4.155461,2.713360
10,4132,82.065912,-173.121535,8.023712,15.287013,1,-1,-1,-1,0.678159,0.678159,4.155461,2.713360
10,4131,122.350592,130.790861,18.826184,7.576589,1,-1,-1,-1,0.678159,0.678159,4.155461,2.713360
10,4130,61.159930,216.528262,8.120141,18.656974,1,-1,-1,-1,0.678159,0.678159,4.155461,2.713360
10,4129,61.991986,187.649985,7.643037,16.970474,1,-1,-1,-1,0.678159,0.678159,4.155461,2.713360
11,4138,152.026303,131.486223,17.801699,8.311685,1,-1,-1,-1,0.672446,0.672446,3.969193,2.707841
11,4137,81.585648,-135.879766,8.151043,19.149230,1,-1,-1,-1,0.672446,0.672446,3.969193,2.707841
11,4136,-53.020449,131.241915,18.931191,8.825082,1,-1,-1,-1,0.672446,0.672446,3.969193,2.707841
11,4135,-19.935771,117.043743,16.243584,8.060093,1,-1,-1,-1,0.672446,0.672446,3.969193,2.707841
11,4134,-23.933331,131.141213,17.328972,8.172809,1,-1,-1,-1,0.672446,0.672446,3.969193,2.707841
11,4133,6.980453,117.417431,18.736402,8.490794,1,-1,-1,-1,0.672446,0.672446,3.969193,2.707841
11,4132,82.061708,-173.089876,8.035464,15.302336,1,-1,-1,-1,0.672446,0.672446,3.969193,2.707841
11,4131,122.349580,130.789411,18.823386,7.574352,1,-1,-1,-1,0.672446,0.672446,3.969193,2.707841
11,4130,61.159894,216.536551,8.120212,18.658043,1,-1,-1,-1,0.672446,0.672446,3.969193,2.707841
11,4129,61.991291,187.662918,7.646715,16.985147,1,-1,-1,-1,0.672446,0.672446,3.969193,2.707841
12,4138,151.246476,131.481201,17.333858,8.210959,1,-1,-1,-1,0.668212,0.668212,3.818265,2.704905
12,4137,81.558314,-136.207403,8.146255,19.117162,1,-1,-1,-1,0.668212,0.668212,3.818265,2.704905
12,4136,-53.055517,131.214665,18.754491,8.752063,1,-1,-1,-1,0.668212,0.668212,3.818265,2.704905
12,4135,-19.590377,117.030029,16.121839,7.974955,1,-1,-1,-1,0.668212,0.668212,3.818265,2.704905
12,4134,-23.757058,131.546067,17.507204,8.302354,1,-1,-1,-1,0.668212,0.668212,3.818265,2.704905
12,4133,6.967099,117.419991,18.811312,8.487953,1,-1,-1,-1,0.668212,0.668212,3.818265,2.704905
12,4132,82.056751,-173.081175,8.039892,15.308061,1,-1,-1,-1,0.668212,0.668212,3.818265,2.704905
12,4131,122.349563,130.789194,18.821618,7.572832,1,-1,-1,-1,0.668212,0.668212,3.818265,2.704905
12,4130,61.159879,216.532778,8.120242,18.658774,1,-1,-1,-1,0.668212,0.668212,3.818265,2.704905
12,4129,61.995896,187.654265,7.645001,16.983984,1,-1,-1,-1,0.668212,0.668212,3.818265,2.704905
13,4138,151.603131,131.614597,17.501485,8.310227,1,-1,-1,-1,0.665009,0.665009,3.694582,2.703342
13,4137,81.580937,-136.295112,8.125191,19.054524,1,-1,-1,-1,0.665009,0.665009,3.694582,2.703342
13,4136,-52.877012,131.321345,18.896703,8.887435,1,-1,-1,-1,0.665009,0.665009,3.694582,2.703342
13,4135,-19.751085,116.913289,16.212095,7.979679,1,-1,-1,-1,0.665009,0.665009,3.694582,2.703342
13,4134,-24.187156,131.412163,17.888282,8.369781,1,-1,-1,-1,0.665009,0.665009,3.694582,2.703342
13,4133,6.862504,117.359530,18.885521,8.483441,1,-1,-1,-1,0.665009,0.665009,3.694582,2.703342
13,4132,82.054044,-173.070320,8.043215,15.315116,1,-1,-1,-1,0.665009,0.665009,3.694582,2.703342
13,4131,122.349178,130.791068,18.821730,7.574989,1,-1,-1,-1,0.665009,0.665009,3.694582,2.703342
13,4130,61.159875,216.531225,8.120251,18.659276,1,-1,-1,-1,0.665009,0.665009,3.694582,2.703342
13,4129,61.992846,187.658924,7.647201,16.987496,1,-1,-1,-1,0.665009,0.665009,3.694582,2.703342
14,4138,151.988269,131.753527,17.910101,8.488969,1,-1,-1,-1,0.662548,0.662548,3.592165,2.702510
14,4137,81.565904,-136.254994,8.137839,19.045512,1,-1,-1,-1,0.662548,0.662548,3.592165,2.702510
14,4136,-52.981276,131.200746,18.755421,8.793239,1,-1,-1,-1,0.662548,0.662548,3.592165,2.702510
14,4135,-19.464058,116.915493,16.041750,7.962648,1,-1,-1,-1,0.662548,0.662548,3.592165,2.702510
14,4134,-23.723164,131.610201,17.383388,8.426540,1,-1,-1,-1,0.662548,0.662548,3.592165,2.702510
14,4133,6.803062,117.392310,18.927313,8.503596,1,-1,-1,-1,0.662548,0.662548,3.592165,2.702510
14,4132,82.057393,-173.066919,8.042344,15.319130,1,-1,-1,-1,0.662548,0.662548,3.592165,2.702510
14,4131,122.349084,130.791404,18.821689,7.576514,1,-1,-1,-1,0.662548,0.662548,3.592165,2.702510
14,4130,61.159876,216.530551,8.120248,18.659620,1,-1,-1,-1,0.662548,0.662548,3.592165,2.702510
14,4129,61.991444,187.651748,7.648483,16.986635,1,-1,-1,-1,0.662548,0.662548,3.592165,2.702510
15,4138,151.689707,131.661350,17.961457,8.481082,1,-1,-1,-1,0.660633,0.660633,3.506534,2.702067
15,4137,81.543141,-136.031139,8.130544,19.121898,1,-1,-1,-1,0.660633,0.660633,3.506534,2.702067
15,4135,-19.447337,116.966069,15.981879,7.983171,1,-1,-1,-1,0.660633,0.660633,3.506534,2.702067
15,4134,-23.884160,132.314078,17.402600,8.772690,1,-1,-1,-1,0.660633,0.660633,3.506534,2.702067
15,4133,6.686740,117.390288,18.972936,8.533697,1,-1,-1,-1,0.660633,0.660633,3.506534,2.702067
15,4132,82.054057,-173.075114,8.044586,15.319696,1,-1,-1,-1,0.660633,0.660633,3.506534,2.702067
15,4131,122.349104,130.791260,18.821582,7.577596,1,-1,-1,-1,0.660633,0.660633,3.506534,2.702067
15,4130,61.159881,216.530238,8.120239,18.659856,1,-1,-1,-1,0.660633,0.660633,3.506534,2.702067
15,4129,61.989036,187.628063,7.646082,16.981899,1,-1,-1,-1,0.660633,0.660633,3.506534,2.702067
16,4138,151.569251,131.308459,18.075241,8.467085,1,-1,-1,-1,0.659128,0.659128,3.434287,2.701831
16,4137,81.546083,-135.949001,8.137813,19.135980,1,-1,-1,-1,0.659128,0.659128,3.434287,2.701831
16,4135,-19.454908,116.971481,16.032327,7.946330,1,-1,-1,-1,0.659128,0.659128,3.434287,2.701831
16,4134,-23.349022,133.095531,17.582488,8.979208,1,-1,-1,-1,0.659128,0.659128,3.434287,2.701831
16,4133,6.725473,117.258656,18.997294,8.530066,1,-1,-1,-1,0.659128,0.659128,3.434287,2.701831
16,4132,82.054174,-173.078647,8.049253,15.320733,1,-1,-1,-1,0.659128,0.659128,3.434287,2.701831
16,4131,122.350926,130.790932,18.824520,7.578513,1,-1,-1,-1,0.659128,0.659128,3.434287,2.701831
16,4130,61.159886,216.510307,8.120227,18.660016,1,-1,-1,-1,0.659128,0.659128,3.434287,2.701831
16,4129,61.993427,187.374676,7.641151,16.974685,1,-1,-1,-1,0.659128,0.659128,3.434287,2.701831
17,4138,151.343762,131.361740,18.235775,8.497066,1,-1,-1,-1,0.657936,0.657936,3.372813,2.701705
17,4137,81.558195,-135.509728,8.118744,19.139660,1,-1,-1,-1,0.657936,0.657936,3.372813,2.701705
17,4135,-19.421044,116.958309,15.931110,7.903951,1,-1,-1,-1,0.657936,0.657936,3.372813,2.701705
17,4134,-23.290096,132.328679,17.178608,8.715167,1,-1,-1,-1,0.657936,0.657936,3.372813,2.701705
17,4133,6.724821,117.337043,18.978918,8.516429,1,-1,-1,-1,0.657936,0.657936,3.372813,2.701705
17,4132,82.051656,-173.066616,8.049542,15.320701,1,-1,-1,-1,0.657936,0.657936,3.372813,2.701705
17,4131,122.351560,130.788878,18.825742,7.576107,1,-1,-1,-1,0.657936,0.657936,3.372813,2.701705
17,4130,61.161737,216.395362,8.123106,18.657854,1,-1,-1,-1,0.657936,0.657936,3.372813,2.701705
17,4129,62.005867,186.796552,7.644039,16.977225,1,-1,-1,-1,0.657936,0.657936,3.372813,2.701705
18,4138,151.109055,131.451910,18.150242,8.553913,1,-1,-1,-1,0.656986,0.656986,3.320085,2.701638
18,4137,81.507698,-134.731483,8.149551,19.136052,1,-1,-1,-1,0.656986,0.656986,3.320085,2.701638
18,4136,-52.993003,131.519689,18.591055,8.755799,1,-1,-1,-1,0.658927,0.658927,3.521602,2.835123
18,4135,-19.032659,116.720957,15.627157,7.807818,1,-1,-1,-1,0.656986,0.656986,3.320085,2.701638
18,4134,-22.567984,132.008689,16.522945,8.460738,1,-1,-1,-1,0.656986,0.656986,3.320085,2.701638
18,4133,6.612111,117.314658,19.085992,8.524072,1,-1,-1,-1,0.656986,0.656986,3.320085,2.701638
18,4132,82.050730,-173.037573,8.049583,15.317651,1,-1,-1,-1,0.656986,0.656986,3.320085,2.701638
18,4131,122.351552,130.788504,18.826685,7.574372,1,-1,-1,-1,0.656986,0.656986,3.320085,2.701638
18,4130,61.166730,216.122983,8.122166,18.655501,1,-1,-1,-1,0.656986,0.656986,3.320085,2.701638
18,4129,62.003325,185.709161,7.672700,16.906325,1,-1,-1,-1,0.656986,0.656986,3.320085,2.701638
19,4138,151.194032,131.018878,18.140650,8.572115,1,-1,-1,-1,0.656225,0.656225,3.274518,2.701603
19,4137,81.451182,-132.318050,8.255929,19.569177,1,-1,-1,-1,0.656225,0.656225,3.274518,2.701603
19,4136,-53.005806,131.682015,18.640798,8.805736,1,-1,-1,-1,0.656409,0.656409,3.376861,2.772019
19,4135,-19.207089,116.987122,15.694272,7.802450,1,-1,-1,-1,0.656225,0.656225,3.274518,2.701603
19,4134,-22.707146,131.289357,16.479107,8.309150,1,-1,-1,-1,0.656225,0.656225,3.274518,2.701603
19,4133,6.717026,117.368359,19.153851,8.501492,1,-1,-1,-1,0.656225,0.656225,3.274518,2.701603
19,4132,82.042014,-172.940563,8.046640,15.314911,1,-1,-1,-1,0.656225,0.656225,3.274518,2.701603
19,4131,122.349570,130.788717,18.824419,7.573006,1,-1,-1,-1,0.656225,0.656225,3.274518,2.701603
19,4130,61.175257,215.635805,8.121624,18.656814,1,-1,-1,-1,0.656225,0.656225,3.274518,2.701603
19,4129,62.041587,184.484750,7.664016,16.926437,1,-1,-1,-1,0.656225,0.656225,3.274518,2.701603
20,4138,151.180303,130.955174,18.101037,8.458729,1,-1,-1,-1,0.655613,0.655613,3.234861,2.701584
20,4137,81.419875,-130.218002,8.309802,19.920575,1,-1,-1,-1,0.655613,0.655613,3.234861,2.701584
20,4136,-53.297476,131.365620,18.676462,8.737632,1,-1,-1,-1,0.655618,0.655618,3.287338,2.738901
20,4135,-19.551058,117.125747,15.788778,7.752474,1,-1,-1,-1,0.655613,0.655613,3.234861,2.701584
20,4134,-23.256003,130.752921,16.755633,8.255036,1,-1,-1,-1,0.655613,0.655613,3.234861,2.701584
20,4133,6.671985,117.208634,19.218567,8.440354,1,-1,-1,-1,0.655613,0.655613,3.234861,2.701584
20,4132,82.056733,-172.839580,8.016074,15.270057,1,-1,-1,-1,0.655613,0.655613,3.234861,2.701584
20,4131,122.350978,130.788975,18.825791,7.572139,1,-1,-1,-1,0.655613,0.655613,3.234861,2.701584
20,4130,61.196535,214.879480,8.118025,18.651221,1,-1,-1,-1,0.655613,0.655613,3.234861,2.701584
20,4129,62.045272,182.825086,7.603386,16.909818,1,-1,-1,-1,0.655613,0.655613,3.234861,2.701584
21,4138,151.432507,131.387290,18.006393,8.443386,1,-1,-1,-1,0.655120,0.655120,3.200116,2.701574
21,4137,81.367238,-129.147659,8.281065,19.872556,1,-1,-1,-1,0.655120,0.655120,3.200116,2.701574
21,4136,-53.228523,131.058386,18.607435,8.592538,1,-1,-1,-1,0.655123,0.655123,3.227155,2.721397
21,4135,-20.211717,117.258230,16.164612,7.875035,1,-1,-1,-1,0.655120,0.655120,3.200116,2.701574
21,4134,-23.387954,129.952657,16.935724,8.122601,1,-1,-1,-1,0.655120,0.655120,3.200116,2.701574
21,4133,6.595785,117.168465,19.295932,8.436180,1,-1,-1,-1,0.655120,0.655120,3.200116,2.701574
21,4132,82.051878,-172.504747,8.025424,15.281212,1,-1,-1,-1,0.655120,0.655120,3.200116,2.701574
21,4131,122.344401,130.791026,18.827425,7.574461,1,-1,-1,-1,0.655120,0.655120,3.200116,2.701574
21,4130,61.222922,213.852958,8.112611,18.649640,1,-1,-1,-1,0.655120,0.655120,3.200116,2.701574
21,4129,62.001934,180.857596,7.545123,16.899038,1,-1,-1,-1,0.655120,0.655120,3.200116,2.701574
22,4138,151.635683,131.539104,18.143654,8.568375,1,-1,-1,-1,0.654721,0.654721,3.169484,2.701568
22,4137,81.361406,-126.565519,8.275178,20.019103,1,-1,-1,-1,0.654721,0.654721,3.169484,2.701568
22,4136,-53.169951,130.972341,18.577266,8.489767,1,-1,-1,-1,0.654730,0.654730,3.183444,2.712112
22,4135,-20.009353,117.210367,16.255085,8.025067,1,-1,-1,-1,0.654721,0.654721,3.169484,2.701568
22,4134,-23.228996,129.778865,16.801876,8.090153,1,-1,-1,-1,0.654721,0.654721,3.169484,2.701568
22,4133,6.778431,117.338353,19.328003,8.504471,1,-1,-1,-1,0.654721,0.654721,3.169484,2.701568
22,4132,82.040052,-172.090732,8.029360,15.291682,1,-1,-1,-1,0.654721,0.654721,3.169484,2.701568
22,4131,122.346687,130.789647,18.825042,7.573104,1,-1,-1,-1,0.654721,0.654721,3.169484,2.701568
22,4130,61.248607,212.540437,8.111650,18.649149,1,-1,-1,-1,0.654721,0.654721,3.169484,2.701568
22,4129,61.872363,178.605720,7.592248,16.935106,1,-1,-1,-1,0.654721,0.654721,3.169484,2.701568
23,4138,151.454048,131.358520,17.672859,8.529093,1,-1,-1,-1,0.654397,0.654397,3.142321,2.701565
23,4137,81.244440,-124.780542,8.267585,19.836144,1,-1,-1,-1,0.654397,0.654397,3.142321,2.701565
23,4136,-53.106429,131.226860,18.576318,8.604559,1,-1,-1,-1,0.654408,0.654408,3.149527,2.707178
23,4135,-19.777181,116.845407,16.308767,8.073805,1,-1,-1,-1,0.654397,0.654397,3.142321,2.701565
23,4134,-23.381103,129.648969,16.796002,8.046767,1,-1,-1,-1,0.654397,0.654397,3.142321,2.701565
23,4133,7.186576,117.215291,19.080944,8.395723,1,-1,-1,-1,0.654397,0.654397,3.142321,2.701565
23,4132,82.028455,-171.586204,8.032077,15.296331,1,-1,-1,-1,0.654397,0.654397,3.142321,2.701565
23,4131,122.350885,130.789438,18.817499,7.571953,1,-1,-1,-1,0.654397,0.654397,3.142321,2.701565
23,4130,61.284382,210.930285,8.111158,18.654671,1,-1,-1,-1,0.654397,0.654397,3.142321,2.701565
23,4129,61.686544,176.034676,7.727049,17.016883,1,-1,-1,-1,0.654397,0.654397,3.142321,2.701565
24,4138,151.438709,131.736888,17.904556,8.764913,1,-1,-1,-1,0.654134,0.654134,3.118101,2.701564
24,4137,81.120368,-123.063804,8.353194,19.390884,1,-1,-1,-1,0.654134,0.654134,3.118101,2.701564
24,4136,-51.981505,131.444729,17.866767,8.563452,1,-1,-1,-1,0.654145,0.654145,3.121813,2.704552
24,4135,-19.241720,117.280881,16.102714,8.167229,1,-1,-1,-1,0.654134,0.654134,3.118101,2.701564
24,4134,-22.544355,129.319301,16.417675,7.928408,1,-1,-1,-1,0.654134,0.654134,3.118101,2.701564
24,4133,7.503951,117.517186,19.000513,8.514843,1,-1,-1,-1,0.654134,0.654134,3.118101,2.701564
24,4132,82.018819,-170.944316,8.037181,15.305927,1,-1,-1,-1,0.654134,0.654134,3.118101,2.701564
24,4131,122.350602,130.791280,18.818405,7.574218,1,-1,-1,-1,0.654134,0.654134,3.118101,2.701564
24,4130,61.325789,208.988622,8.113613,18.656264,1,-1,-1,-1,0.654134,0.654134,3.118101,2.701564
24,4129,61.444811,173.162367,7.945325,17.141295,1,-1,-1,-1,0.654134,0.654134,3.118101,2.701564
25,4138,151.656534,131.707090,18.246477,8.899189,1,-1,-1,-1,0.653921,0.653921,3.096395,2.701563
25,4137,80.916702,-118.517682,8.491174,19.630745,1,-1,-1,-1,0.653921,0.653921,3.096395,2.701563
25,4136,-52.266556,131.132924,17.888364,8.485993,1,-1,-1,-1,0.653930,0.653930,3.098300,2.703154
25,4135,-19.460343,117.254454,16.232701,8.362860,1,-1,-1,-1,0.653921,0.653921,3.096395,2.701563
25,4134,-22.218174,129.679617,16.300913,7.990259,1,-1,-1,-1,0.653921,0.653921,3.096395,2.701563
25,4133,7.497673,117.546222,18.860394,8.541443,1,-1,-1,-1,0.653921,0.653921,3.096395,2.701563
25,4132,82.016451,-170.251834,8.010566,15.271555,1,-1,-1,-1,0.653921,0.653921,3.096395,2.701563
25,4131,122.357142,130.789765,18.818544,7.572961,1,-1,-1,-1,0.653921,0.653921,3.096395,2.701563
25,4130,61.366901,206.756630,8.115307,18.654497,1,-1,-1,-1,0.653921,0.653921,3.096395,2.701563
25,4129,61.152163,169.981591,8.229210,17.296545,1,-1,-1,-1,0.653921,0.653921,3.096395,2.701563
26,4138,152.101374,131.364754,18.155225,8.753109,1,-1,-1,-1,0.653747,0.653747,3.076849,2.701563
26,4137,80.191394,-114.071833,8.808736,19.972868,1,-1,-1,-1,0.653747,0.653747,3.076849,2.701563
26,4136,-52.960002,131.284504,18.083404,8.485360,1,-1,-1,-1,0.653755,0.653755,3.077820,2.702410
26,4135,-19.292247,117.253852,16.202942,8.415793,1,-1,-1,-1,0.653747,0.653747,3.076849,2.701563
26,4134,-21.885861,129.343706,16.018305,7.943237,1,-1,-1,-1,0.653747,0.653747,3.076849,2.701563
26,4133,7.205940,117.372693,18.950785,8.494448,1,-1,-1,-1,0.653747,0.653747,3.076849,2.701563
26,4132,82.001536,-169.295866,8.015660,15.284337,1,-1,-1,-1,0.653747,0.653747,3.076849,2.701563
26,4131,122.351223,130.782903,18.815777,7.571976,1,-1,-1,-1,0.653747,0.653747,3.076849,2.701563
26,4130,61.416250,204.245160,8.119431,18.653635,1,-1,-1,-1,0.653747,0.653747,3.076849,2.701563
26,4129,60.587831,166.597840,8.611968,17.478016,1,-1,-1,-1,0.653747,0.653747,3.076849,2.701563
27,4138,151.843551,130.923967,17.376675,8.507602,1,-1,-1,-1,0.653605,0.653605,3.059169,2.701562
27,4137,79.038009,-110.599011,9.382252,20.260375,1,-1,-1,-1,0.653605,0.653605,3.059169,2.701562
27,4136,-52.866843,131.870697,18.366182,8.676661,1,-1,-1,-1,0.653612,0.653612,3.059659,2.702014
27,4135,-19.649478,116.876750,16.077748,8.252453,1,-1,-1,-1,0.653605,0.653605,3.059169,2.701562
27,4134,-23.046882,129.432970,16.414661,8.076496,1,-1,-1,-1,0.653605,0.653605,3.059169,2.701562
27,4133,7.301122,117.390851,19.113429,8.556269,1,-1,-1,-1,0.653605,0.653605,3.059169,2.701562
27,4132,81.988657,-168.252629,8.019256,15.290740,1,-1,-1,-1,0.653605,0.653605,3.059169,2.701562
27,4131,122.351269,130.780440,18.816670,7.571342,1,-1,-1,-1,0.653605,0.653605,3.059169,2.701562
27,4130,61.472992,201.420278,8.122270,18.647202,1,-1,-1,-1,0.653605,0.653605,3.059169,2.701562
27,4129,59.387752,163.158496,9.275432,17.763549,1,-1,-1,-1,0.653605,0.653605,3.059169,2.701562
28,4138,151.542743,131.383792,17.635805,8.684538,1,-1,-1,-1,0.653490,0.653490,3.043111,2.701562
28,4137,77.267991,-106.002673,10.377208,20.844721,1,-1,-1,-1,0.653490,0.653490,3.043111,2.701562
28,4135,-19.303872,117.079645,15.805490,8.235818,1,-1,-1,-1,0.653490,0.653490,3.043111,2.701562
28,4134,-23.587578,130.553675,16.912867,8.687702,1,-1,-1,-1,0.653490,0.653490,3.043111,2.701562
28,4133,7.374246,117.493058,18.975133,8.558869,1,-1,-1,-1,0.653490,0.653490,3.043111,2.701562
28,4132,81.970196,-167.075828,8.021966,15.298276,1,-1,-1,-1,0.653490,0.653490,3.043111,2.701562
28,4131,122.349300,130.779674,18.814461,7.570816,1,-1,-1,-1,0.653490,0.653490,3.043111,2.701562
28,4130,61.535509,198.287483,8.118452,18.635992,1,-1,-1,-1,0.653490,0.653490,3.043111,2.701562
28,4129,57.843189,159.436419,10.150811,18.074979,1,-1,-1,-1,0.653490,0.653490,3.043111,2.701562
29,4138,151.783418,131.168622,17.757363,8.755361,1,-1,-1,-1,0.653396,0.653396,3.028469,2.701562
29,4137,75.085735,-101.766694,11.704875,21.315685,1,-1,-1,-1,0.653396,0.653396,3.028469,2.701562
29,4135,-19.232902,116.888459,15.874847,8.125527,1,-1,-1,-1,0.653396,0.653396,3.028469,2.701562
29,4134,-23.998762,130.085816,17.286704,8.873949,1,-1,-1,-1,0.653396,0.653396,3.028469,2.701562
29,4133,7.247529,117.868589,19.052906,8.741753,1,-1,-1,-1,0.653396,0.653396,3.028469,2.701562
29,4132,81.946893,-165.757974,8.029844,15.310135,1,-1,-1,-1,0.653396,0.653396,3.028469,2.701562
29,4131,122.352403,130.787802,18.819011,7.573438,1,-1,-1,-1,0.653396,0.653396,3.028469,2.701562
29,4130,61.606598,195.142979,8.118707,18.633998,1,-1,-1,-1,0.653396,0.653396,3.028469,2.701562
29,4129,56.058258,155.292392,11.167910,18.338089,1,-1,-1,-1,0.653396,0.653396,3.028469,2.701562
30,4138,151.076730,132.439119,18.126317,9.351420,1,-1,-1,-1,0.653319,0.653319,3.015070,2.701562
30,4137,72.431688,-97.422768,13.221798,21.668445,1,-1,-1,-1,0.653319,0.653319,3.015070,2.701562
30,4135,-19.349685,117.036717,15.972066,8.203892,1,-1,-1,-1,0.653319,0.653319,3.015070,2.701562
30,4134,-24.216503,130.104954,17.554861,8.845162,1,-1,-1,-1,0.653319,0.653319,3.015070,2.701562
30,4133,7.025518,117.804930,19.167105,8.914357,1,-1,-1,-1,0.653319,0.653319,3.015070,2.701562
30,4132,81.925733,-164.310329,8.038328,15.316153,1,-1,-1,-1,0.653319,0.653319,3.015070,2.701562
30,4131,122.353004,130.788613,18.821906,7.572479,1,-1,-1,-1,0.653319,0.653319,3.015070,2.701562
30,4130,61.665285,192.458836,8.118900,18.632559,1,-1,-1,-1,0.653319,0.653319,3.015070,2.701562
30,4129,53.308999,151.168134,12.527662,18.385989,1,-1,-1,-1,0.653319,0.653319,3.015070,2.701562
31,4135,-19.109511,116.569368,15.713311,7.994272,1,-1,-1,-1,0.653256,0.653256,3.002767,2.701562
31,4134,-23.839034,130.207368,17.347544,8.534050,1,-1,-1,-1,0.653256,0.653256,3.002767,2.701562
31,4133,7.226956,117.510358,18.997408,8.876984,1,-1,-1,-1,0.653256,0.653256,3.002767,2.701562
31,4132,81.908084,-162.706678,8.041715,15.323041,1,-1,-1,-1,0.653256,0.653256,3.002767,2.701562
31,4131,122.357411,130.789116,18.821168,7.571719,1,-1,-1,-1,0.653256,0.653256,3.002767,2.701562
31,4130,61.706162,190.414236,8.118917,18.625817,1,-1,-1,-1,0.653256,0.653256,3.002767,2.701562
31,4129,49.690328,146.901390,13.889396,18.142697,1,-1,-1,-1,0.653256,0.653256,3.002767,2.701562
32,4160,108.270134,179.121075,12.043083,25.561525,1,-1,-1,-1,0.847083,0.847083,7.132717,3.262201
32,4135,-19.167288,116.734774,15.604967,7.922710,1,-1,-1,-1,0.653205,0.653205,2.991436,2.701562
32,4134,-24.060220,130.791991,17.543344,8.534077,1,-1,-1,-1,0.653205,0.653205,2.991436,2.701562
32,4133,7.072617,117.223601,18.975929,8.753022,1,-1,-1,-1,0.653205,0.653205,2.991436,2.701562
32,4132,81.878649,-160.957724,8.049861,15.328590,1,-1,-1,-1,0.653205,0.653205,2.991436,2.701562
32,4131,122.354504,130.789406,18.823488,7.571228,1,-1,-1,-1,0.653205,0.653205,2.991436,2.701562
32,4130,61.733620,189.117950,8.119006,18.623778,1,-1,-1,-1,0.653205,0.653205,2.991436,2.701562
32,4129,45.644296,142.324993,15.158627,17.411556,1,-1,-1,-1,0.653205,0.653205,2.991436,2.701562
33,4161,-52.587696,129.739337,18.328798,8.396865,1,-1,-1,-1,0.847083,0.847083,7.132717,3.262201
33,4160,108.264869,178.869756,11.870155,25.421657,1,-1,-1,-1,0.780933,0.780933,6.225018,2.988460
33,4135,-19.929144,117.043152,16.076036,8.092801,1,-1,-1,-1,0.653163,0.653163,2.980969,2.701562
33,4134,-23.684461,130.829320,17.255406,8.347757,1,-1,-1,-1,0.653163,0.653163,2.980969,2.701562
33,4133,6.841257,117.376439,19.149537,8.802851,1,-1,-1,-1,0.653163,0.653163,2.980969,2.701562
33,4132,81.863945,-159.109660,8.041064,15.311371,1,-1,-1,-1,0.653163,0.653163,2.980969,2.701562
33,4131,122.350957,130.791473,18.822691,7.573654,1,-1,-1,-1,0.653163,0.653163,2.980969,2.701562
33,4130,61.742967,188.552261,8.119019,18.619467,1,-1,-1,-1,0.653163,0.653163,2.980969,2.701562
33,4129,41.235731,138.484990,16.214407,16.218933,1,-1,-1,-1,0.653163,0.653163,2.980969,2.701562
34,4161,-52.879813,129.537139,18.736589,8.618479,1,-1,-1,-1,0.780933,0.780933,6.225018,2.988460
34,4160,108.171610,179.601684,11.985372,25.678221,1,-1,-1,-1,0.739812,0.739812,5.560040,2.851250
34,4138,150.436290,131.060767,16.230468,8.219162,1,-1,-1,-1,0.655025,0.655025,3.133212,2.835011
34,4135,-20.977219,117.131065,16.878705,8.275347,1,-1,-1,-1,0.653129,0.653129,2.971273,2.701562
34,4134,-22.955513,130.846784,16.817608,8.216148,1,-1,-1,-1,0.653129,0.653129,2.971273,2.701562
34,4133,6.650833,117.145100,19.205579,8.721667,1,-1,-1,-1,0.653129,0.653129,2.971273,2.701562
34,4132,81.822378,-157.015358,8.058168,15.332198,1,-1,-1,-1,0.653129,0.653129,2.971273,2.701562
34,4131,122.351765,130.789954,18.824596,7.572638,1,-1,-1,-1,0.653129,0.653129,2.971273,2.701562
34,4130,61.745465,188.388362,8.119039,18.616346,1,-1,-1,-1,0.653129,0.653129,2.971273,2.701562
34,4129,36.817311,135.547546,16.983074,14.944170,1,-1,-1,-1,0.653129,0.653129,2.971273,2.701562
35,4161,-53.544174,130.116354,19.379437,9.205215,1,-1,-1,-1,0.739812,0.739812,5.560040,2.851250
35,4160,108.300852,179.073100,11.941070,25.604214,1,-1,-1,-1,0.714060,0.714060,5.062690,2.780435
35,4138,150.443318,131.084369,15.804424,8.015035,1,-1,-1,-1,0.653275,0.653275,3.046874,2.771961
35,4135,-19.885501,117.213791,16.481287,8.186217,1,-1,-1,-1,0.653101,0.653101,2.962268,2.701562
35,4134,-22.917272,130.940051,16.592152,8.193828,1,-1,-1,-1,0.653101,0.653101,2.962268,2.701562
35,4133,6.607870,117.299848,19.038919,8.754868,1,-1,-1,-1,0.653101,0.653101,2.962268,2.701562
35,4132,81.793957,-154.824702,8.064624,15.335370,1,-1,-1,-1,0.653101,0.653101,2.962268,2.701562
35,4131,122.351572,130.791395,18.826315,7.574730,1,-1,-1,-1,0.653101,0.653101,2.962268,2.701562
35,4130,61.745409,188.375206,8.119120,18.616923,1,-1,-1,-1,0.653101,0.653101,2.962268,2.701562
35,4129,32.644141,133.061010,17.494989,13.625588,1,-1,-1,-1,0.653101,0.653101,2.962268,2.701562
36,4161,-53.410648,130.044696,19.233364,9.179519,1,-1,-1,-1,0.714060,0.714060,5.062690,2.780435
36,4160,108.195903,179.620062,11.948570,25.684731,1,-1,-1,-1,0.697349,0.697349,4.683127,2.743335
36,4138,150.527934,131.008220,15.625843,7.850272,1,-1,-1,-1,0.653081,0.653081,2.998340,2.738870
36,4135,-20.587351,117.193621,16.933886,8.319301,1,-1,-1,-1,0.653078,0.653078,2.953887,2.701562
36,4134,-23.119234,130.886205,16.597847,8.035851,1,-1,-1,-1,0.653078,0.653078,2.953887,2.701562
36,4133,6.485375,117.272629,18.915809,8.698687,1,-1,-1,-1,0.653078,0.653078,2.953887,2.701562
36,4132,81.760994,-152.482593,8.066615,15.343045,1,-1,-1,-1,0.653078,0.653078,2.953887,2.701562
36,4131,122.351200,130.791570,18.827553,7.576251,1,-1,-1,-1,0.653078,0.653078,2.953887,2.701562
36,4130,61.746366,188.410829,8.121957,18.614816,1,-1,-1,-1,0.653078,0.653078,2.953887,2.701562
36,4129,28.784817,131.230279,17.790622,12.356307,1,-1,-1,-1,0.653078,0.653078,2.953887,2.701562
37,4161,-52.950804,130.049130,18.614640,8.812524,1,-1,-1,-1,0.697349,0.697349,4.683127,2.743335
37,4160,108.077690,179.799743,12.064556,25.831929,1,-1,-1,-1,0.686065,0.686065,4.388218,2.723746
37,4138,150.719624,131.055692,15.464068,7.743520,1,-1,-1,-1,0.653064,0.653064,2.969487,2.721381
37,4135,-21.769494,117.246198,17.756696,8.515462,1,-1,-1,-1,0.653059,0.653059,2.946067,2.701562
37,4134,-23.044308,130.898502,16.583051,7.954869,1,-1,-1,-1,0.653059,0.653059,2.946067,2.701562
37,4133,6.151881,116.971293,18.387893,8.554491,1,-1,-1,-1,0.653059,0.653059,2.946067,2.701562
37,4132,81.726256,-150.021481,8.073628,15.346248,1,-1,-1,-1,0.653059,0.653059,2.946067,2.701562
37,4131,122.350842,130.791361,18.828443,7.577356,1,-1,-1,-1,0.653059,0.653059,2.946067,2.701562
37,4130,61.745400,188.465386,8.124082,18.616107,1,-1,-1,-1,0.653059,0.653059,2.946067,2.701562
37,4129,25.281240,130.426448,17.903463,11.371695,1,-1,-1,-1,0.653059,0.653059,2.946067,2.701562
38,4161,-52.695456,130.784216,18.409856,8.720529,1,-1,-1,-1,0.686065,0.686065,4.388218,2.723746
38,4138,150.741139,131.202664,15.376527,7.723606,1,-1,-1,-1,0.653055,0.653055,2.951107,2.712104
38,4135,-20.288853,116.951417,17.062565,8.263920,1,-1,-1,-1,0.653044,0.653044,2.938756,2.701562
38,4134,-23.050675,130.849391,16.594269,7.893916,1,-1,-1,-1,0.653044,0.653044,2.938756,2.701562
38,4133,6.899856,117.164243,18.591559,8.493953,1,-1,-1,-1,0.653044,0.653044,2.938756,2.701562
38,4132,81.690922,-147.396493,8.075959,15.351122,1,-1,-1,-1,0.653044,0.653044,2.938756,2.701562
38,4131,122.346839,130.791124,18.823442,7.578062,1,-1,-1,-1,0.653044,0.653044,2.938756,2.701562
38,4130,61.743924,188.521038,8.125631,18.617047,1,-1,-1,-1,0.653044,0.653044,2.938756,2.701562
38,4129,22.146484,130.008897,17.888472,10.575109,1,-1,-1,-1,0.653044,0.653044,2.938756,2.701562
39,4161,-52.654234,131.075786,18.435844,8.624073,1,-1,-1,-1,0.678159,0.678159,4.155461,2.713360
39,4138,150.744076,131.216720,15.230574,7.646294,1,-1,-1,-1,0.653044,0.653044,2.938420,2.707173
39,4135,-19.550813,116.953293,16.588415,8.102877,1,-1,-1,-1,0.653031,0.653031,2.931907,2.701562
39,4134,-22.600841,130.900596,16.267979,7.796113,1,-1,-1,-1,0.653031,0.653031,2.931907,2.701562
39,4133,6.962900,117.126502,18.722866,8.453537,1,-1,-1,-1,0.653031,0.653031,2.931907,2.701562
39,4132,81.651641,-144.647208,8.077517,15.349001,1,-1,-1,-1,0.653031,0.653031,2.931907,2.701562
39,4131,122.348194,130.782487,18.822328,7.575808,1,-1,-1,-1,0.653031,0.653031,2.931907,2.701562
39,4130,61.742423,188.573815,8.126762,18.617731,1,-1,-1,-1,0.653031,0.653031,2.931907,2.701562
39,4129,19.385917,129.742380,17.808752,9.909402,1,-1,-1,-1,0.653031,0.653031,2.931907,2.701562
40,4161,-52.797108,131.160385,18.488352,8.591041,1,-1,-1,-1,0.672446,0.672446,3.969193,2.707841
40,4138,150.757852,131.233110,15.267868,7.649883,1,-1,-1,-1,0.653033,0.653033,2.928911,2.704550
40,4135,-18.990673,116.847463,16.121496,7.954885,1,-1,-1,-1,0.653021,0.653021,2.925479,2.701562
40,4134,-22.660043,131.136055,16.276143,7.888551,1,-1,-1,-1,0.653021,0.653021,2.925479,2.701562
40,4133,6.722740,116.853848,18.929198,8.440591,1,-1,-1,-1,0.653021,0.653021,2.925479,2.701562
40,4132,81.627815,-141.751177,8.064573,15.346375,1,-1,-1,-1,0.653021,0.653021,2.925479,2.701562
40,4131,122.348911,130.786131,18.821525,7.574168,1,-1,-1,-1,0.653021,0.653021,2.925479,2.701562
40,4130,61.741048,188.622504,8.127588,18.618231,1,-1,-1,-1,0.653021,0.653021,2.925479,2.701562
40,4129,16.953807,129.550367,17.696265,9.345703,1,-1,-1,-1,0.653021,0.653021,2.925479,2.701562
41,4160,108.362806,178.675965,11.904342,25.202385,1,-1,-1,-1,0.667041,0.667041,3.930852,2.837618
41,4138,150.873345,131.301046,15.374939,7.680593,1,-1,-1,-1,0.653023,0.653023,2.921241,2.703153
41,4135,-19.444179,117.003388,16.345616,8.101879,1,-1,-1,-1,0.653013,0.653013,2.919436,2.701562
41,4134,-22.162058,130.996269,15.823969,7.760888,1,-1,-1,-1,0.653013,0.653013,2.919436,2.701562
41,4133,6.984972,116.929476,18.934556,8.406315,1,-1,-1,-1,0.653013,0.653013,2.919436,2.701562
41,4132,81.583446,-138.712780,8.066382,15.345303,1,-1,-1,-1,0.653013,0.653013,2.919436,2.701562
41,4131,122.349328,130.787813,18.820947,7.572975,1,-1,-1,-1,0.653013,0.653013,2.919436,2.701562
41,4130,61.739809,188.675307,8.128238,18.621408,1,-1,-1,-1,0.653013,0.653013,2.919436,2.701562
41,4129,14.834126,129.411710,17.564565,8.863768,1,-1,-1,-1,0.653013,0.653013,2.919436,2.701562
42,4138,150.919160,131.366282,15.299481,7.674201,1,-1,-1,-1,0.653015,0.653015,2.914692,2.702410
42,4135,-21.034924,117.357565,17.311883,8.391526,1,-1,-1,-1,0.653006,0.653006,2.913746,2.701562
42,4134,-22.295714,130.955882,15.642306,7.738243,1,-1,-1,-1,0.653006,0.653006,2.913746,2.701562
42,4133,6.885864,116.904339,19.033655,8.379872,1,-1,-1,-1,0.653006,0.653006,2.913746,2.701562
42,4132,81.543738,-135.527851,8.062022,15.341297,1,-1,-1,-1,0.653006,0.653006,2.913746,2.701562
42,4131,122.344923,130.788644,18.823339,7.572149,1,-1,-1,-1,0.653006,0.653006,2.913746,2.701562
42,4130,61.738752,188.709921,8.128665,18.620915,1,-1,-1,-1,0.653006,0.653006,2.913746,2.701562
42,4129,12.987294,129.283386,17.418397,8.441376,1,-1,-1,-1,0.653006,0.653006,2.913746,2.701562
43,4138,152.358783,131.478074,16.100596,7.890974,1,-1,-1,-1,0.653008,0.653008,2.908873,2.702013
43,4135,-20.008511,116.701441,16.704436,8.148635,1,-1,-1,-1,0.653000,0.653000,2.908379,2.701562
43,4134,-23.307737,131.342884,16.500852,8.061037,1,-1,-1,-1,0.653000,0.653000,2.908379,2.701562
43,4133,6.858229,116.748521,19.044146,8.305823,1,-1,-1,-1,0.653000,0.653000,2.908379,2.701562
43,4132,81.491820,-132.188825,8.070338,15.353202,1,-1,-1,-1,0.653000,0.653000,2.908379,2.701562
43,4131,122.347510,130.782597,18.822282,7.571506,1,-1,-1,-1,0.653000,0.653000,2.908379,2.701562
43,4130,61.737826,188.744401,8.128978,18.620558,1,-1,-1,-1,0.653000,0.653000,2.908379,2.701562
43,4129,11.400836,129.339569,17.265749,8.127172,1,-1,-1,-1,0.653000,0.653000,2.908379,2.701562
44,4176,-47.491819,117.120466,19.118239,8.118318,1,-1,-1,-1,0.847083,0.847083,7.132717,3.262201
44,4175,-8.102746,-84.435363,19.999273,8.728685,1,-1,-1,-1,0.847083,0.847083,7.132717,3.262201
44,4138,151.199273,131.383675,15.910921,7.842619,1,-1,-1,-1,0.653002,0.653002,2.903566,2.701803
44,4135,-21.157997,117.109174,17.458505,8.413834,1,-1,-1,-1,0.652996,0.652996,2.903309,2.701562
44,4134,-22.809572,131.003868,16.243973,7.959051,1,-1,-1,-1,0.652996,0.652996,2.903309,2.701562
44,4133,7.093990,116.775579,18.986259,8.291112,1,-1,-1,-1,0.652996,0.652996,2.903309,2.701562
44,4132,81.450149,-128.695027,8.073412,15.353217,1,-1,-1,-1,0.652996,0.652996,2.903309,2.701562
44,4131,122.355216,130.786953,18.821515,7.571039,1,-1,-1,-1,0.652996,0.652996,2.903309,2.701562
44,4130,61.737014,188.776785,8.129207,18.620300,1,-1,-1,-1,0.652996,0.652996,2.903309,2.701562
44,4129,10.039132,129.460695,17.137301,7.893250,1,-1,-1,-1,0.652996,0.652996,2.903309,2.701562
45,4176,-47.673153,117.121379,19.450269,8.177840,1,-1,-1,-1,0.780933,0.780933,6.225018,2.988460
45,4175,-13.701017,-84.826651,20.114795,8.656020,1,-1,-1,-1,0.780933,0.780933,6.225018,2.988460
45,4160,108.276427,179.314447,11.918144,25.481167,1,-1,-1,-1,0.659891,0.659891,3.600380,2.850791
45,4138,150.829130,131.380009,15.734432,7.812239,1,-1,-1,-1,0.652997,0.652997,2.898647,2.701690
45,4135,-21.178566,117.006157,18.096990,8.495235,1,-1,-1,-1,0.652992,0.652992,2.898514,2.701562
45,4134,-23.687392,131.371766,16.779383,8.159230,1,-1,-1,-1,0.652992,0.652992,2.898514,2.701562
45,4133,7.225632,116.902021,18.918405,8.356861,1,-1,-1,-1,0.652992,0.652992,2.898514,2.701562
45,4132,81.402053,-125.021582,8.075642,15.353203,1,-1,-1,-1,0.652992,0.652992,2.898514,2.701562
45,4131,122.346954,130.790547,18.824009,7.573539,1,-1,-1,-1,0.652992,0.652992,2.898514,2.701562
45,4130,61.736297,188.813050,8.129376,18.620115,1,-1,-1,-1,0.652992,0.652992,2.898514,2.701562
45,4129,8.877977,129.593568,17.032161,7.724905,1,-1,-1,-1,0.652992,0.652992,2.898514,2.701562
46,4176,-47.349643,117.037322,19.504842,8.114688,1,-1,-1,-1,0.739812,0.739812,5.560040,2.851250
46,4175,-18.705854,-84.665543,19.832323,8.567881,1,-1,-1,-1,0.739812,0.739812,5.560040,2.851250
46,4160,108.136110,179.754151,12.026657,25.636600,1,-1,-1,-1,0.657179,0.657179,3.434277,2.780196
46,4138,150.924724,131.459043,15.771895,7.829728,1,-1,-1,-1,0.652993,0.652993,2.894041,2.701630
46,4135,-20.661949,117.279882,18.508592,8.669902,1,-1,-1,-1,0.652989,0.652989,2.893973,2.701562
46,4134,-22.731744,130.955966,16.358518,8.005708,1,-1,-1,-1,0.652989,0.652989,2.893973,2.701562
46,4133,7.334340,116.956966,18.812719,8.409628,1,-1,-1,-1,0.652989,0.652989,2.893973,2.701562
46,4132,81.347023,-121.184508,8.080105,15.356152,1,-1,-1,-1,0.652989,0.652989,2.893973,2.701562
46,4131,122.352829,130.789648,18.819981,7.572486,1,-1,-1,-1,0.652989,0.652989,2.893973,2.701562
46,4130,61.735663,188.836044,8.129500,18.619982,1,-1,-1,-1,0.652989,0.652989,2.893973,2.701562
46,4129,7.890799,129.711397,16.931513,7.597573,1,-1,-1,-1,0.652989,0.652989,2.893973,2.701562
47,4176,-47.452711,117.072675,19.605463,8.110799,1,-1,-1,-1,0.714060,0.714060,5.062690,2.780435
47,4175,-24.025289,-84.597777,20.337033,8.603459,1,-1,-1,-1,0.714060,0.714060,5.062690,2.780435
47,4160,108.114893,179.894746,12.069973,25.721588,1,-1,-1,-1,0.656238,0.656238,3.332376,2.743209
47,4138,150.630655,131.309608,15.509598,7.758037,1,-1,-1,-1,0.652990,0.652990,2.889701,2.701598
47,4135,-19.941881,116.836310,17.388742,8.373294,1,-1,-1,-1,0.652986,0.652986,2.889667,2.701562
47,4134,-22.876093,130.975529,16.365322,8.002076,1,-1,-1,-1,0.652986,0.652986,2.889667,2.701562
47,4133,7.637988,116.948052,18.467895,8.392815,1,-1,-1,-1,0.652986,0.652986,2.889667,2.701562
47,4132,81.312295,-117.240338,8.072314,15.365908,1,-1,-1,-1,0.652986,0.652986,2.889667,2.701562
47,4131,122.352849,130.791313,18.822878,7.574592,1,-1,-1,-1,0.652986,0.652986,2.889667,2.701562
47,4130,61.735100,188.865543,8.129592,18.619887,1,-1,-1,-1,0.652986,0.652986,2.889667,2.701562
47,4129,7.062271,129.832501,16.864065,7.510975,1,-1,-1,-1,0.652986,0.652986,2.889667,2.701562
48,4179,-77.155373,117.269956,18.261233,8.002581,1,-1,-1,-1,0.847083,0.847083,7.132717,3.262201
48,4176,-47.950404,117.090715,19.751241,8.142667,1,-1,-1,-1,0.697349,0.697349,4.683127,2.743335
48,4175,-28.348730,-84.822918,20.047803,8.422045,1,-1,-1,-1,0.697349,0.697349,4.683127,2.743335
48,4160,108.126726,179.399624,12.106257,25.721436,1,-1,-1,-1,0.655624,0.655624,3.264286,2.723679
48,4138,150.735890,131.342121,15.378127,7.722575,1,-1,-1,-1,0.652987,0.652987,2.885596,2.701581
48,4135,-19.498365,116.663313,16.633868,8.164203,1,-1,-1,-1,0.652984,0.652984,2.885579,2.701562
48,4134,-23.317887,131.145679,16.762156,8.073406,1,-1,-1,-1,0.652984,0.652984,2.885579,2.701562
48,4133,7.393931,117.047332,18.648494,8.463080,1,-1,-1,-1,0.652984,0.652984,2.885579,2.701562
48,4132,81.259684,-113.283184,8.071965,15.359428,1,-1,-1,-1,0.652984,0.652984,2.885579,2.701562
48,4131,122.352349,130.791572,18.824983,7.576125,1,-1,-1,-1,0.652984,0.652984,2.885579,2.701562
48,4130,61.734578,188.891482,8.129700,18.622613,1,-1,-1,-1,0.652984,0.652984,2.885579,2.701562
48,4129,6.361892,129.935310,16.811171,7.450970,1,-1,-1,-1,0.652984,0.652984,2.885579,2.701562
49,4179,-76.909362,117.306295,17.866708,7.981958,1,-1,-1,-1,0.780933,0.780933,6.225018,2.988460
49,4176,-48.405486,117.106175,20.033887,8.192473,1,-1,-1,-1,0.686065,0.686065,4.388218,2.723746
49,4175,-31.958744,-85.134155,19.664068,8.246756,1,-1,-1,-1,0.686065,0.686065,4.388218,2.723746
49,4160,108.196209,179.286133,11.977356,25.684182,1,-1,-1,-1,0.655135,0.655135,3.215080,2.713324
49,4138,151.022041,131.219885,15.336583,7.652770,1,-1,-1,-1,0.652985,0.652985,2.881702,2.701572
49,4135,-20.283665,116.917438,17.468097,8.367489,1,-1,-1,-1,0.652983,0.652983,2.881694,2.701562
49,4134,-23.748788,131.342618,17.099801,8.207254,1,-1,-1,-1,0.652983,0.652983,2.881694,2.701562
49,4133,7.585418,117.020902,18.453550,8.455541,1,-1,-1,-1,0.652983,0.652983,2.881694,2.701562
49,4132,81.205404,-109.259012,8.077335,15.357821,1,-1,-1,-1,0.652983,0.652983,2.881694,2.701562
49,4131,122.351785,130.791391,18.826511,7.577241,1,-1,-1,-1,0.652983,0.652983,2.881694,2.701562
49,4130,61.734115,188.912466,8.129778,18.624602,1,-1,-1,-1,0.652983,0.652983,2.881694,2.701562
49,4129,5.780740,130.019067,16.766566,7.404547,1,-1,-1,-1,0.652983,0.652983,2.881694,2.701562
50,4179,-77.052747,117.126597,18.451111,8.093833,1,-1,-1,-1,0.739812,0.739812,5.560040,2.851250
50,4176,-48.243805,117.115052,19.779248,8.136942,1,-1,-1,-1,0.678159,0.678159,4.155461,2.713360
50,4175,-35.043182,-84.961149,19.033776,8.177674,1,-1,-1,-1,0.678159,0.678159,4.155461,2.713360
50,4160,108.254162,179.665382,11.944118,25.691568,1,-1,-1,-1,0.654737,0.654737,3.177073,2.707822
50,4138,151.071941,131.101750,15.461137,7.627336,1,-1,-1,-1,0.652983,0.652983,2.878000,2.701568
50,4134,-23.537480,131.203439,17.008758,8.220296,1,-1,-1,-1,0.652981,0.652981,2.877997,2.701562
50,4133,7.522250,117.051405,18.460228,8.463383,1,-1,-1,-1,0.652981,0.652981,2.877997,2.701562
50,4132,81.155176,-105.178407,8.075616,15.353504,1,-1,-1,-1,0.652981,0.652981,2.877997,2.701562
50,4131,122.352326,130.789297,18.819033,7.575159,1,-1,-1,-1,0.652981,0.652981,2.877997,2.701562
50,4130,61.733723,188.922175,8.129796,18.623263,1,-1,-1,-1,0.652981,0.652981,2.877997,2.701562
50,4129,5.294973,130.086896,16.742465,7.373743,1,-1,-1,-1,0.652981,0.652981,2.877997,2.701562
51,4176,-47.961336,117.052371,19.765312,8.114019,1,-1,-1,-1,0.672446,0.672446,3.969193,2.707841
51,4160,108.332992,179.779134,11.883364,25.650673,1,-1,-1,-1,0.654411,0.654411,3.146149,2.704895
51,4138,150.982013,131.221391,15.466786,7.649848,1,-1,-1,-1,0.652982,0.652982,2.874477,2.701565
51,4134,-23.775333,131.358942,17.089879,8.315518,1,-1,-1,-1,0.652980,0.652980,2.874476,2.701562
51,4133,7.722720,117.033656,18.312552,8.433936,1,-1,-1,-1,0.652980,0.652980,2.874476,2.701562
51,4132,81.100231,-101.059383,8.077281,15.358873,1,-1,-1,-1,0.652980,0.652980,2.874476,2.701562
51,4131,122.355702,130.788840,18.816376,7.573677,1,-1,-1,-1,0.652980,0.652980,2.874476,2.701562
51,4130,61.733351,188.943992,8.129849,18.625076,1,-1,-1,-1,0.652980,0.652980,2.874476,2.701562
51,4129,4.907613,130.145716,16.719265,7.348556,1,-1,-1,-1,0.652980,0.652980,2.874476,2.701562
52,4176,-47.809928,117.077734,19.632463,8.102250,1,-1,-1,-1,0.668212,0.668212,3.818265,2.704905
52,4160,108.295621,179.315043,11.903104,25.621893,1,-1,-1,-1,0.654147,0.654147,3.120018,2.703337
52,4138,151.076840,131.299058,15.565117,7.654579,1,-1,-1,-1,0.652980,0.652980,2.871120,2.701564
52,4134,-23.624544,131.203058,17.051602,8.341753,1,-1,-1,-1,0.652979,0.652979,2.871119,2.701562
52,4133,7.397368,117.055152,18.502711,8.484101,1,-1,-1,-1,0.652979,0.652979,2.871119,2.701562
52,4132,81.054187,-96.895517,8.078528,15.365552,1,-1,-1,-1,0.652979,0.652979,2.871119,2.701562
52,4131,122.354552,130.790760,18.820227,7.575454,1,-1,-1,-1,0.652979,0.652979,2.871119,2.701562
52,4130,61.733037,188.952150,8.129849,18.623613,1,-1,-1,-1,0.652979,0.652979,2.871119,2.701562
52,4129,4.579136,130.202755,16.725142,7.336180,1,-1,-1,-1,0.652979,0.652979,2.871119,2.701562
53,4176,-48.245435,117.045324,19.638154,8.089425,1,-1,-1,-1,0.665009,0.665009,3.694582,2.703342
53,4160,108.357938,178.991236,11.855459,25.560325,1,-1,-1,-1,0.653931,0.653931,3.097347,2.702507
53,4138,150.902990,131.125858,15.514105,7.644941,1,-1,-1,-1,0.652979,0.652979,2.867916,2.701563
53,4134,-23.503889,131.288042,16.983946,8.387530,1,-1,-1,-1,0.652978,0.652978,2.867916,2.701562
53,4133,7.311869,117.061608,18.628141,8.500263,1,-1,-1,-1,0.652978,0.652978,2.867916,2.701562
53,4132,80.996766,-92.717248,8.076552,15.364677,1,-1,-1,-1,0.652978,0.652978,2.867916,2.701562
53,4131,122.356224,130.791211,18.817461,7.576680,1,-1,-1,-1,0.652978,0.652978,2.867916,2.701562
53,4130,61.732735,188.971677,8.129888,18.625332,1,-1,-1,-1,0.652978,0.652978,2.867916,2.701562
53,4129,4.321774,130.255392,16.729458,7.324473,1,-1,-1,-1,0.652978,0.652978,2.867916,2.701562
54,4179,-76.730745,116.929414,18.765822,8.073631,1,-1,-1,-1,0.680305,0.680305,4.407867,2.852345
54,4178,-52.152500,131.640510,17.568475,8.814618,1,-1,-1,-1,0.670587,0.670587,4.099583,2.881010
54,4176,-47.840109,117.111611,19.645257,8.120638,1,-1,-1,-1,0.662548,0.662548,3.592165,2.702510
54,4160,108.495367,178.347592,11.779553,25.189005,1,-1,-1,-1,0.653755,0.653755,3.077318,2.702066
54,4138,150.927210,131.146335,15.439583,7.607151,1,-1,-1,-1,0.652979,0.652979,2.864857,2.701563
54,4134,-23.419271,131.321302,16.901268,8.387908,1,-1,-1,-1,0.652978,0.652978,2.864857,2.701562
54,4133,7.459622,116.980202,18.550016,8.465185,1,-1,-1,-1,0.652978,0.652978,2.864857,2.701562
54,4132,80.948658,-88.520431,8.072279,15.361092,1,-1,-1,-1,0.652978,0.652978,2.864857,2.701562
54,4131,122.352680,130.791143,18.818225,7.577608,1,-1,-1,-1,0.652978,0.652978,2.864857,2.701562
54,4130,61.732483,188.977419,8.129879,18.623803,1,-1,-1,-1,0.652978,0.652978,2.864857,2.701562
54,4129,4.109797,130.301101,16.735783,7.318874,1,-1,-1,-1,0.652978,0.652978,2.864857,2.701562
55,4185,-18.617729,116.559882,14.918389,7.301084,1,-1,-1,-1,0.847083,0.847083,7.132717,3.262201
55,4179,-76.659639,116.991763,18.231786,7.942119,1,-1,-1,-1,0.672667,0.672667,4.079049,2.781005
55,4176,-47.808425,117.104435,19.549357,8.098118,1,-1,-1,-1,0.660633,0.660633,3.506534,2.702067
55,4160,108.221485,179.561107,11.911982,25.400311,1,-1,-1,-1,0.653612,0.653612,3.059400,2.701830
55,4138,150.883735,131.429642,15.381297,7.683333,1,-1,-1,-1,0.652978,0.652978,2.861934,2.701562
55,4134,-23.938998,131.456617,17.170971,8.545309,1,-1,-1,-1,0.652977,0.652977,2.861934,2.701562
55,4133,7.215855,117.064101,18.714663,8.509804,1,-1,-1,-1,0.652977,0.652977,2.861934,2.701562
55,4132,80.897956,-84.295681,8.066417,15.361097,1,-1,-1,-1,0.652977,0.652977,2.861934,2.701562
55,4131,122.357828,130.789072,18.818582,7.575502,1,-1,-1,-1,0.652977,0.652977,2.861934,2.701562
55,4130,61.732254,188.986224,8.129874,18.622690,1,-1,-1,-1,0.652977,0.652977,2.861934,2.701562
55,4129,3.947071,130.341052,16.738016,7.317636,1,-1,-1,-1,0.652977,0.652977,2.861934,2.701562
56,4185,-18.625136,116.509852,14.996662,7.326681,1,-1,-1,-1,0.780933,0.780933,6.225018,2.988460
56,4179,-76.611440,116.857362,17.587151,7.736119,1,-1,-1,-1,0.668222,0.668222,3.866204,2.743635
56,4160,108.225918,179.390340,11.902033,25.486451,1,-1,-1,-1,0.653495,0.653495,3.043227,2.701705
56,4138,150.785735,131.402874,15.308541,7.687736,1,-1,-1,-1,0.652978,0.652978,2.859137,2.701562
56,4134,-23.975859,131.237021,17.293381,8.556639,1,-1,-1,-1,0.652977,0.652977,2.859137,2.701562
56,4133,7.332070,117.042907,18.679163,8.509027,1,-1,-1,-1,0.652977,0.652977,2.859137,2.701562
56,4132,80.845712,-80.048065,8.067658,15.358616,1,-1,-1,-1,0.652977,0.652977,2.859137,2.701562
56,4131,122.357840,130.788663,18.816066,7.573936,1,-1,-1,-1,0.652977,0.652977,2.859137,2.701562
56,4130,61.730171,188.995615,8.127091,18.621699,1,-1,-1,-1,0.652977,0.652977,2.859137,2.701562
56,4129,3.813092,130.374226,16.745408,7.316894,1,-1,-1,-1,0.652977,0.652977,2.859137,2.701562
57,4185,-20.181458,116.844974,17.284426,8.268257,1,-1,-1,-1,0.739812,0.739812,5.560040,2.851250
57,4179,-76.707874,116.854733,17.655736,7.726217,1,-1,-1,-1,0.665010,0.665010,3.715104,2.723905
57,4160,108.161337,179.873717,12.005047,25.618744,1,-1,-1,-1,0.653400,0.653400,3.028532,2.701638
57,4138,150.452293,131.379596,15.176995,7.708739,1,-1,-1,-1,0.652977,0.652977,2.856459,2.701562
57,4134,-23.329646,131.022540,17.099287,8.448390,1,-1,-1,-1,0.652977,0.652977,2.856459,2.701562
57,4133,7.274475,117.029455,18.784092,8.512958,1,-1,-1,-1,0.652977,0.652977,2.856459,2.701562
57,4132,80.794431,-75.798390,8.068558,15.356795,1,-1,-1,-1,0.652977,0.652977,2.856459,2.701562
57,4131,122.351741,130.788783,18.814235,7.572795,1,-1,-1,-1,0.652977,0.652977,2.856459,2.701562
57,4130,61.731619,189.012887,8.127877,18.623940,1,-1,-1,-1,0.652977,0.652977,2.856459,2.701562
57,4129,3.705948,130.403024,16.756549,7.316508,1,-1,-1,-1,0.652977,0.652977,2.856459,2.701562
58,4185,-21.153240,116.917593,18.354817,8.735726,1,-1,-1,-1,0.714060,0.714060,5.062690,2.780435
58,4179,-76.291289,116.920386,17.229018,7.771852,1,-1,-1,-1,0.662553,0.662553,3.600571,2.713444
58,4178,-50.994735,133.093697,15.871953,9.342263,1,-1,-1,-1,0.661221,0.661221,3.680206,2.855720
58,4160,108.343300,179.332582,11.912528,25.542783,1,-1,-1,-1,0.653322,0.653322,3.015109,2.701603
58,4138,150.714538,131.219770,15.227940,7.665861,1,-1,-1,-1,0.652977,0.652977,2.853894,2.701562
58,4134,-22.563571,131.109555,16.631257,8.376366,1,-1,-1,-1,0.652976,0.652976,2.853893,2.701562
58,4133,7.731836,116.946800,18.413540,8.408406,1,-1,-1,-1,0.652976,0.652976,2.853893,2.701562
58,4132,80.737127,-71.536444,8.069093,15.347114,1,-1,-1,-1,0.652976,0.652976,2.853893,2.701562
58,4131,122.353402,130.790876,18.818650,7.574804,1,-1,-1,-1,0.652976,0.652976,2.853893,2.701562
58,4130,61.731938,189.023763,8.128449,18.625575,1,-1,-1,-1,0.652976,0.652976,2.853893,2.701562
58,4129,3.626126,130.430482,16.762270,7.319047,1,-1,-1,-1,0.652976,0.652976,2.853893,2.701562
59,4185,-20.005406,116.621313,16.999864,8.346449,1,-1,-1,-1,0.697349,0.697349,4.683127,2.743335
59,4176,-47.972111,117.189851,19.518840,8.156816,1,-1,-1,-1,0.658157,0.658157,3.471004,2.835070
59,4160,108.263101,179.745364,11.908142,25.615780,1,-1,-1,-1,0.653259,0.653259,3.002797,2.701584
59,4138,150.658353,131.156297,15.125067,7.655488,1,-1,-1,-1,0.652976,0.652976,2.851434,2.701562
59,4134,-23.286654,131.143804,16.879064,8.411778,1,-1,-1,-1,0.652976,0.652976,2.851434,2.701562
59,4133,7.852581,117.050833,18.240425,8.385635,1,-1,-1,-1,0.652976,0.652976,2.851434,2.701562
59,4132,80.688653,-67.229434,8.066900,15.353787,1,-1,-1,-1,0.652976,0.652976,2.851434,2.701562
59,4131,122.353364,130.789445,18.821679,7.573490,1,-1,-1,-1,0.652976,0.652976,2.851434,2.701562
59,4130,61.731888,189.023440,8.128834,18.623990,1,-1,-1,-1,0.652976,0.652976,2.851434,2.701562
59,4129,3.565647,130.445203,16.769205,7.318230,1,-1,-1,-1,0.652976,0.652976,2.851434,2.701562
60,4185,-21.386794,116.964589,18.116608,8.789414,1,-1,-1,-1,0.686065,0.686065,4.388218,2.723746
60,4176,-48.225908,117.188794,19.567041,8.173050,1,-1,-1,-1,0.655795,0.655795,3.335131,2.771992
60,4160,108.150988,180.086894,11.938995,25.678550,1,-1,-1,-1,0.653207,0.653207,2.991462,2.701574
60,4138,150.795464,131.279654,15.104941,7.671128,1,-1,-1,-1,0.652976,0.652976,2.849075,2.701562
60,4134,-23.378918,131.121814,16.952233,8.449089,1,-1,-1,-1,0.652976,0.652976,2.849075,2.701562
60,4133,7.313295,117.130863,18.513705,8.472820,1,-1,-1,-1,0.652976,0.652976,2.849075,2.701562
60,4132,80.632891,-62.900983,8.065416,15.366959,1,-1,-1,-1,0.652976,0.652976,2.849075,2.701562
60,4131,122.350848,130.791021,18.821299,7.575277,1,-1,-1,-1,0.652976,0.652976,2.849075,2.701562
60,4130,61.729842,189.034047,8.126340,18.622667,1,-1,-1,-1,0.652976,0.652976,2.849075,2.701562
60,4129,3.525742,130.469389,16.771658,7.317674,1,-1,-1,-1,0.652976,0.652976,2.849075,2.701562
61,4185,-19.742578,116.665912,16.208699,8.416476,1,-1,-1,-1,0.678159,0.678159,4.155461,2.713360
61,4176,-48.195900,117.177450,19.590914,8.180917,1,-1,-1,-1,0.655124,0.655124,3.251754,2.738886
61,4160,108.210940,179.960632,11.935465,25.715102,1,-1,-1,-1,0.653165,0.653165,2.980994,2.701568
61,4138,150.834869,131.313784,15.040269,7.618424,1,-1,-1,-1,0.652976,0.652976,2.846810,2.701562
61,4134,-23.235072,131.135061,16.915943,8.399944,1,-1,-1,-1,0.652976,0.652976,2.846809,2.701562
61,4133,7.732040,117.011165,18.185864,8.394622,1,-1,-1,-1,0.652976,0.652976,2.846809,2.701562
61,4132,80.588356,-58.613118,8.055842,15.365072,1,-1,-1,-1,0.652976,0.652976,2.846809,2.701562
61,4131,122.351839,130.791290,18.823793,7.576611,1,-1,-1,-1,0.652976,0.652976,2.846809,2.701562
61,4130,61.731293,189.043580,8.127329,18.624648,1,-1,-1,-1,0.652976,0.652976,2.846809,2.701562
61,4129,3.530750,130.517115,16.693906,7.327296,1,-1,-1,-1,0.652976,0.652976,2.846809,2.701562
62,4185,-20.472547,116.737295,17.436633,8.648221,1,-1,-1,-1,0.672446,0.672446,3.969193,2.707841
62,4179,-77.110911,116.631427,17.072568,7.594012,1,-1,-1,-1,0.658931,0.658931,3.521703,2.836409
62,4176,-48.305295,117.171928,19.621628,8.166231,1,-1,-1,-1,0.654724,0.654724,3.196203,2.721390
62,4160,108.094061,180.069092,11.998353,25.765531,1,-1,-1,-1,0.653130,0.653130,2.971297,2.701565
62,4138,150.785300,131.397002,15.087901,7.634516,1,-1,-1,-1,0.652976,0.652976,2.844634,2.701562
62,4134,-23.458796,131.218678,17.014515,8.432618,1,-1,-1,-1,0.652976,0.652976,2.844634,2.701562
62,4133,7.720799,116.985002,18.179691,8.365488,1,-1,-1,-1,0.652976,0.652976,2.844634,2.701562
62,4132,80.525281,-54.306719,8.062722,15.364373,1,-1,-1,-1,0.652976,0.652976,2.844634,2.701562
62,4131,122.351782,130.791153,18.825609,7.577582,1,-1,-1,-1,0.652976,0.652976,2.844634,2.701562
62,4130,61.731625,189.041583,8.128019,18.623319,1,-1,-1,-1,0.652976,0.652976,2.844634,2.701562
62,4129,3.504820,130.513704,16.716882,7.321640,1,-1,-1,-1,0.652976,0.652976,2.844634,2.701562
63,4185,-20.776903,116.979353,18.250875,8.923321,1,-1,-1,-1,0.668212,0.668212,3.818265,2.704905
63,4179,-77.176278,116.675132,17.106914,7.578211,1,-1,-1,-1,0.656412,0.656412,3.376861,2.772691
63,4176,-48.383171,117.190199,19.715211,8.178472,1,-1,-1,-1,0.654407,0.654407,3.156175,2.712108
63,4160,108.193843,179.420332,11.956460,25.665880,1,-1,-1,-1,0.653102,0.653102,2.962293,2.701564
63,4138,150.914368,131.256415,15.171115,7.658521,1,-1,-1,-1,0.652976,0.652976,2.842542,2.701562
63,4134,-23.690231,131.280560,17.142294,8.501656,1,-1,-1,-1,0.652976,0.652976,2.842542,2.701562
63,4133,7.385927,117.120676,18.471983,8.455566,1,-1,-1,-1,0.652976,0.652976,2.842542,2.701562
63,4132,80.462491,-49.979778,8.067773,15.366624,1,-1,-1,-1,0.652976,0.652976,2.842542,2.701562
63,4131,122.356179,130.789059,18.823985,7.575489,1,-1,-1,-1,0.652976,0.652976,2.842542,2.701562
63,4130,61.731555,189.052306,8.128554,18.625123,1,-1,-1,-1,0.652976,0.652976,2.842542,2.701562
63,4129,3.490714,130.522132,16.733799,7.317592,1,-1,-1,-1,0.652976,0.652976,2.842542,2.701562
64,4185,-21.174263,116.819634,18.454930,8.958457,1,-1,-1,-1,0.665009,0.665009,3.694582,2.703342
64,4179,-76.734367,116.374239,16.906730,7.580926,1,-1,-1,-1,0.655621,0.655621,3.287372,2.739255
64,4176,-48.244844,117.180807,19.784051,8.195781,1,-1,-1,-1,0.654146,0.654146,3.125286,2.707176
64,4160,108.179617,179.956317,12.019147,25.740578,1,-1,-1,-1,0.653079,0.653079,2.953911,2.701563
64,4138,150.709472,131.263103,15.026121,7.593283,1,-1,-1,-1,0.652976,0.652976,2.840531,2.701562
64,4134,-23.974519,131.248195,17.284095,8.547014,1,-1,-1,-1,0.652975,0.652975,2.840531,2.701562
64,4133,7.424699,117.097765,18.525106,8.475533,1,-1,-1,-1,0.652975,0.652975,2.840531,2.701562
64,4132,80.414136,-45.629129,8.063137,15.367851,1,-1,-1,-1,0.652975,0.652975,2.840531,2.701562
64,4131,122.354363,130.788654,18.817260,7.573908,1,-1,-1,-1,0.652975,0.652975,2.840531,2.701562
64,4130,61.731395,189.050227,8.128913,18.623667,1,-1,-1,-1,0.652975,0.652975,2.840531,2.701562
64,4129,3.475786,130.533973,16.749064,7.314741,1,-1,-1,-1,0.652975,0.652975,2.840531,2.701562
65,4179,-76.504375,116.351018,16.952222,7.554798,1,-1,-1,-1,0.655125,0.655125,3.227257,2.721585
65,4176,-48.081815,117.229104,19.833098,8.222480,1,-1,-1,-1,0.653932,0.653932,3.100116,2.704551
65,4160,108.224393,179.467364,11.936219,25.723104,1,-1,-1,-1,0.653060,0.653060,2.946091,2.701563
65,4138,151.084629,131.256488,15.222255,7.639606,1,-1,-1,-1,0.652976,0.652976,2.838596,2.701562
65,4134,-23.835106,131.246111,17.276050,8.575141,1,-1,-1,-1,0.652975,0.652975,2.838596,2.701562
65,4133,7.162930,117.122698,18.700120,8.500338,1,-1,-1,-1,0.652975,0.652975,2.838596,2.701562
65,4132,80.367416,-41.282172,8.062558,15.371642,1,-1,-1,-1,0.652975,0.652975,2.838596,2.701562
65,4131,122.350191,130.788765,18.815129,7.572784,1,-1,-1,-1,0.652975,0.652975,2.838596,2.701562
65,4130,61.731220,189.052018,8.129176,18.622606,1,-1,-1,-1,0.652975,0.652975,2.838596,2.701562
65,4129,3.461861,130.549945,16.757917,7.318243,1,-1,-1,-1,0.652975,0.652975,2.838596,2.701562
66,4191,-50.117780,133.413081,15.273262,8.669158,1,-1,-1,-1,0.847083,0.847083,7.132717,3.262201
66,4179,-76.595689,116.367660,16.974610,7.557416,1,-1,-1,-1,0.654732,0.654732,3.183609,2.712212
66,4176,-48.293484,117.151041,20.190337,8.202575,1,-1,-1,-1,0.653756,0.653756,3.078770,2.703154
66,4160,108.261097,179.199676,11.891526,25.644527,1,-1,-1,-1,0.653044,0.653044,2.938779,2.701562
66,4138,151.247793,131.296367,15.314858,7.618655,1,-1,-1,-1,0.652975,0.652975,2.836733,2.701562
66,4134,-23.550437,131.048485,17.131487,8.514661,1,-1,-1,-1,0.652975,0.652975,2.836732,2.701562
66,4133,7.287321,117.142712,18.672044,8.507831,1,-1,-1,-1,0.652975,0.652975,2.836732,2.701562
66,4132,80.305685,-36.920615,8.062130,15.374400,1,-1,-1,-1,0.652975,0.652975,2.836732,2.701562
66,4131,122.355516,130.789009,18.813577,7.571965,1,-1,-1,-1,0.652975,0.652975,2.836732,2.701562
66,4130,61.731061,189.055003,8.129369,18.621834,1,-1,-1,-1,0.652975,0.652975,2.836732,2.701562
66,4129,3.467938,130.558171,16.761410,7.315281,1,-1,-1,-1,0.652975,0.652975,2.836732,2.701562
67,4179,-76.466288,116.389308,16.891560,7.544927,1,-1,-1,-1,0.654410,0.654410,3.149740,2.707231
67,4176,-48.415359,117.108636,20.474558,8.161329,1,-1,-1,-1,0.653613,0.653613,3.060156,2.702410
67,4160,108.325830,178.930516,11.864407,25.579083,1,-1,-1,-1,0.653032,0.653032,2.931929,2.701562
67,4138,151.226417,131.258182,15.391268,7.606700,1,-1,-1,-1,0.652975,0.652975,2.834938,2.701562
67,4134,-23.393884,131.033241,17.019658,8.436884,1,-1,-1,-1,0.652975,0.652975,2.834938,2.701562
67,4133,7.160410,117.124404,18.814417,8.548866,1,-1,-1,-1,0.652975,0.652975,2.834938,2.701562
67,4132,80.263497,-32.595489,8.050479,15.353793,1,-1,-1,-1,0.652975,0.652975,2.834938,2.701562
67,4131,122.353086,130.791118,18.815383,7.574163,1,-1,-1,-1,0.652975,0.652975,2.834938,2.701562
67,4130,61.730925,189.058194,8.129510,18.621271,1,-1,-1,-1,0.652975,0.652975,2.834938,2.701562
67,4129,3.467998,130.567714,16.761329,7.313152,1,-1,-1,-1,0.652975,0.652975,2.834938,2.701562
68,4185,-22.040613,116.947694,19.218148,9.072674,1,-1,-1,-1,0.659888,0.659888,3.580002,2.835221
68,4179,-77.007496,116.644943,17.341541,7.598420,1,-1,-1,-1,0.654146,0.654146,3.122057,2.704580
68,4176,-48.541346,117.158458,20.565671,8.190359,1,-1,-1,-1,0.653496,0.653496,3.043614,2.702014
68,4160,108.332926,179.174487,11.843197,25.609573,1,-1,-1,-1,0.653022,0.653022,2.925501,2.701562
68,4138,150.814258,131.180391,15.305741,7.585441,1,-1,-1,-1,0.652975,0.652975,2.833208,2.701562
68,4134,-23.718374,131.129035,17.170237,8.504950,1,-1,-1,-1,0.652975,0.652975,2.833208,2.701562
68,4133,7.118339,117.121613,18.876219,8.575118,1,-1,-1,-1,0.652975,0.652975,2.833208,2.701562
68,4132,80.199784,-28.205845,8.053314,15.361372,1,-1,-1,-1,0.652975,0.652975,2.833208,2.701562
68,4131,122.353734,130.791521,18.819466,7.575794,1,-1,-1,-1,0.652975,0.652975,2.833208,2.701562
68,4130,61.730810,189.061244,8.129614,18.620862,1,-1,-1,-1,0.652975,0.652975,2.833208,2.701562
68,4129,3.467975,130.578859,16.772639,7.314551,1,-1,-1,-1,0.652975,0.652975,2.833208,2.701562
69,4185,-20.600749,116.437417,17.847213,8.615548,1,-1,-1,-1,0.657172,0.657172,3.424675,2.772070
69,4179,-76.944620,116.447365,17.304229,7.602040,1,-1,-1,-1,0.653931,0.653931,3.098559,2.703169
69,4176,-48.477907,117.281230,20.521850,8.242034,1,-1,-1,-1,0.653401,0.653401,3.028723,2.701803
69,4160,108.340115,178.895100,11.825851,25.519451,1,-1,-1,-1,0.653013,0.653013,2.919457,2.701562
69,4138,150.933224,131.345166,15.329044,7.639997,1,-1,-1,-1,0.652975,0.652975,2.831541,2.701562
69,4134,-23.864592,131.320956,17.299724,8.598599,1,-1,-1,-1,0.652975,0.652975,2.831540,2.701562
69,4133,7.026945,117.106159,18.972727,8.619827,1,-1,-1,-1,0.652975,0.652975,2.831540,2.701562
69,4132,80.137594,-23.820858,8.055341,15.364124,1,-1,-1,-1,0.652975,0.652975,2.831540,2.701562
69,4131,122.353270,130.791385,18.822441,7.576982,1,-1,-1,-1,0.652975,0.652975,2.831540,2.701562
69,4130,61.730714,189.064049,8.129690,18.620564,1,-1,-1,-1,0.652975,0.652975,2.831540,2.701562
69,4129,3.475094,130.587683,16.778249,7.315594,1,-1,-1,-1,0.652975,0.652975,2.831540,2.701562
70,4185,-19.478015,116.461040,16.412099,8.373873,1,-1,-1,-1,0.656230,0.656230,3.327854,2.738928
70,4179,-76.894232,116.468466,17.428761,7.622273,1,-1,-1,-1,0.653755,0.653755,3.078085,2.702418
70,4176,-48.374367,117.173472,20.581965,8.210494,1,-1,-1,-1,0.653323,0.653323,3.015196,2.701690
70,4160,108.193202,179.623798,11.902796,25.607875,1,-1,-1,-1,0.653006,0.653006,2.913765,2.701562
70,4138,150.991330,131.230033,15.325648,7.624712,1,-1,-1,-1,0.652975,0.652975,2.829932,2.701562
70,4134,-24.185852,131.432260,17.528933,8.752282,1,-1,-1,-1,0.652975,0.652975,2.829932,2.701562
70,4133,7.093764,117.075818,18.963703,8.626404,1,-1,-1,-1,0.652975,0.652975,2.829932,2.701562
70,4132,80.082634,-19.432176,8.056885,15.371654,1,-1,-1,-1,0.652975,0.652975,2.829932,2.701562
70,4131,122.355416,130.789261,18.818920,7.575031,1,-1,-1,-1,0.652975,0.652975,2.829932,2.701562
70,4130,61.730619,189.075003,8.129774,18.623113,1,-1,-1,-1,0.652975,0.652975,2.829932,2.701562
70,4129,3.473725,130.595204,16.782465,7.316408,1,-1,-1,-1,0.652975,0.652975,2.829932,2.701562
71,4185,-20.226685,116.784297,17.232181,8.512643,1,-1,-1,-1,0.655617,0.655617,3.262194,2.721412
71,4179,-77.030123,116.572571,17.499946,7.616396,1,-1,-1,-1,0.653612,0.653612,3.059922,2.702018
71,4176,-48.438032,117.184266,20.745320,8.192489,1,-1,-1,-1,0.653259,0.653259,3.002829,2.701630
71,4160,108.174083,179.328042,11.904459,25.619053,1,-1,-1,-1,0.653001,0.653001,2.908397,2.701562
71,4138,150.657316,131.243621,15.259419,7.680687,1,-1,-1,-1,0.652975,0.652975,2.828380,2.701562
71,4134,-23.903715,131.200624,17.462588,8.736013,1,-1,-1,-1,0.652975,0.652975,2.828379,2.701562
71,4133,7.178162,117.089034,18.836264,8.572425,1,-1,-1,-1,0.652975,0.652975,2.828379,2.701562
71,4132,80.024093,-15.061682,8.057873,15.366075,1,-1,-1,-1,0.652975,0.652975,2.828379,2.701562
71,4131,122.353996,130.790650,18.822040,7.576424,1,-1,-1,-1,0.652975,0.652975,2.828379,2.701562
71,4130,61.730540,189.079992,8.129835,18.624974,1,-1,-1,-1,0.652975,0.652975,2.828379,2.701562
71,4129,3.478752,130.601820,16.791191,7.317113,1,-1,-1,-1,0.652975,0.652975,2.828379,2.701562
72,4185,-20.202596,116.916689,17.555321,8.616638,1,-1,-1,-1,0.655129,0.655129,3.214147,2.712120
72,4176,-48.529449,117.070889,20.784513,8.119949,1,-1,-1,-1,0.653208,0.653208,2.991465,2.701598
72,4160,108.362693,179.015473,11.794594,25.494722,1,-1,-1,-1,0.652996,0.652996,2.903327,2.701562
72,4138,150.697651,131.170220,15.318635,7.683109,1,-1,-1,-1,0.652975,0.652975,2.826881,2.701562
72,4134,-23.888002,131.230966,17.471728,8.713416,1,-1,-1,-1,0.652975,0.652975,2.826881,2.701562
72,4133,6.952294,117.032734,18.984006,8.556724,1,-1,-1,-1,0.652975,0.652975,2.826881,2.701562
72,4132,79.973574,-10.681573,8.052971,15.353480,1,-1,-1,-1,0.652975,0.652975,2.826881,2.701562
72,4131,122.352907,130.790932,18.824314,7.577440,1,-1,-1,-1,0.652975,0.652975,2.826881,2.701562
72,4130,61.730474,189.082694,8.129880,18.626331,1,-1,-1,-1,0.652975,0.652975,2.826881,2.701562
72,4129,3.480821,130.607763,16.797672,7.317677,1,-1,-1,-1,0.652975,0.652975,2.826881,2.701562
73,4193,-53.153463,131.640385,18.784539,8.914590,1,-1,-1,-1,0.739820,0.739820,5.643614,3.065463
73,4185,-20.564857,116.983983,18.125668,8.737036,1,-1,-1,-1,0.654732,0.654732,3.176681,2.707182
73,4176,-48.647074,117.007829,20.795054,8.067379,1,-1,-1,-1,0.653165,0.653165,2.980982,2.701581
73,4160,108.292033,179.133294,11.828571,25.550914,1,-1,-1,-1,0.652992,0.652992,2.898531,2.701562
73,4138,150.798629,131.147978,15.210649,7.594799,1,-1,-1,-1,0.652975,0.652975,2.825433,2.701562
73,4134,-23.875103,131.271512,17.527326,8.782939,1,-1,-1,-1,0.652975,0.652975,2.825433,2.701562
73,4133,7.024504,117.035247,18.940233,8.555159,1,-1,-1,-1,0.652975,0.652975,2.825433,2.701562
73,4132,79.916821,-6.261062,8.057876,15.361228,1,-1,-1,-1,0.652975,0.652975,2.825433,2.701562
73,4131,122.352092,130.790857,18.825971,7.578180,1,-1,-1,-1,0.652975,0.652975,2.825433,2.701562
73,4130,61.730418,189.084499,8.129912,18.627322,1,-1,-1,-1,0.652975,0.652975,2.825433,2.701562
73,4129,3.481314,130.615017,16.802668,7.320900,1,-1,-1,-1,0.652975,0.652975,2.825433,2.701562
74,4193,-52.617635,132.085622,18.485680,9.143231,1,-1,-1,-1,0.714526,0.714526,5.071875,2.890387
74,4185,-20.925941,116.942530,18.441879,8.795442,1,-1,-1,-1,0.654407,0.654407,3.146001,2.704554
74,4176,-48.273237,117.210272,20.608888,8.131167,1,-1,-1,-1,0.653130,0.653130,2.971278,2.701572
74,4160,108.266415,179.536545,11.845396,25.621610,1,-1,-1,-1,0.652989,0.652989,2.893990,2.701562
74,4138,151.235611,131.211571,15.398714,7.639964,1,-1,-1,-1,0.652975,0.652975,2.824035,2.701562
74,4134,-24.011174,131.268822,17.628405,8.798651,1,-1,-1,-1,0.652975,0.652975,2.824034,2.701562
74,4133,7.278516,117.066934,18.817381,8.558539,1,-1,-1,-1,0.652975,0.652975,2.824034,2.701562
74,4132,79.857033,-1.874263,8.061321,15.355803,1,-1,-1,-1,0.652975,0.652975,2.824034,2.701562
74,4131,122.347797,130.782304,18.821502,7.575908,1,-1,-1,-1,0.652975,0.652975,2.824034,2.701562
74,4130,61.730371,189.085928,8.129936,18.628045,1,-1,-1,-1,0.652975,0.652975,2.824034,2.701562
74,4129,3.489274,130.620093,16.809179,7.323326,1,-1,-1,-1,0.652975,0.652975,2.824034,2.701562
75,4193,-52.652412,131.577804,18.495511,9.012698,1,-1,-1,-1,0.698056,0.698056,4.683243,2.800777
75,4185,-20.956998,116.950262,18.853971,8.878444,1,-1,-1,-1,0.654143,0.654143,3.119972,2.703156
75,4176,-48.299841,117.160857,20.659529,8.121065,1,-1,-1,-1,0.653102,0.653102,2.962270,2.701568
75,4160,108.287548,179.668313,11.809704,25.652482,1,-1,-1,-1,0.652986,0.652986,2.889683,2.701562
75,4138,152.460472,131.414711,16.133386,7.861349,1,-1,-1,-1,0.652975,0.652975,2.822683,2.701562
75,4134,-23.899976,131.196199,17.563589,8.802868,1,-1,-1,-1,0.652975,0.652975,2.822682,2.701562
75,4133,7.501153,117.001702,18.649066,8.525022,1,-1,-1,-1,0.652975,0.652975,2.822682,2.701562
75,4132,79.799959,2.578815,8.069552,15.368670,1,-1,-1,-1,0.652975,0.652975,2.822682,2.701562
75,4131,122.346951,130.785990,18.818243,7.574250,1,-1,-1,-1,0.652975,0.652975,2.822682,2.701562
75,4130,61.730343,189.078759,8.129926,18.625810,1,-1,-1,-1,0.652975,0.652975,2.822682,2.701562
75,4129,3.497362,130.622327,16.813882,7.322377,1,-1,-1,-1,0.652975,0.652975,2.822682,2.701562
76,4193,-52.424681,131.308790,18.255748,8.801313,1,-1,-1,-1,0.686716,0.686716,4.393150,2.754031
76,4185,-21.406899,116.856142,19.076062,8.878487,1,-1,-1,-1,0.653928,0.653928,3.097338,2.702411
76,4176,-48.446603,117.123524,20.715883,8.082395,1,-1,-1,-1,0.653079,0.653079,2.953887,2.701565
76,4160,108.382077,179.257446,11.832189,25.546436,1,-1,-1,-1,0.652984,0.652984,2.885594,2.701562
76,4138,151.316004,131.389996,15.831135,7.802501,1,-1,-1,-1,0.652975,0.652975,2.821375,2.701562
76,4134,-24.080263,131.429393,17.684156,8.915313,1,-1,-1,-1,0.652975,0.652975,2.821375,2.701562
76,4133,7.418057,117.050864,18.651818,8.534354,1,-1,-1,-1,0.652975,0.652975,2.821375,2.701562
76,4132,79.764517,6.991920,8.064534,15.380298,1,-1,-1,-1,0.652975,0.652975,2.821375,2.701562
76,4131,122.349026,130.789569,18.818778,7.575827,1,-1,-1,-1,0.652975,0.652975,2.821375,2.701562
76,4130,61.730317,189.077189,8.129920,18.624180,1,-1,-1,-1,0.652975,0.652975,2.821375,2.701562
76,4129,3.501381,130.625733,16.811892,7.321673,1,-1,-1,-1,0.652975,0.652975,2.821375,2.701562
77,4193,-52.840807,131.348306,18.572176,8.840315,1,-1,-1,-1,0.678683,0.678683,4.165985,2.729404
77,4185,-21.938672,116.802576,18.778389,8.852577,1,-1,-1,-1,0.653753,0.653753,3.077318,2.702014
77,4176,-48.503599,117.175739,20.837130,8.098402,1,-1,-1,-1,0.653060,0.653060,2.946067,2.701564
77,4160,108.358674,178.719017,11.841564,25.232379,1,-1,-1,-1,0.652983,0.652983,2.881708,2.701562
77,4138,151.113704,131.211527,15.936598,7.777458,1,-1,-1,-1,0.652975,0.652975,2.820111,2.701562
77,4134,-23.926788,131.184818,17.606591,8.832665,1,-1,-1,-1,0.652975,0.652975,2.820111,2.701562
77,4133,7.213035,117.086090,18.763713,8.531148,1,-1,-1,-1,0.652975,0.652975,2.820111,2.701562
77,4132,79.704427,11.373785,8.074454,15.369999,1,-1,-1,-1,0.652975,0.652975,2.820111,2.701562
77,4131,122.349738,130.790658,18.819166,7.576978,1,-1,-1,-1,0.652975,0.652975,2.820111,2.701562
77,4130,61.730292,189.084117,8.129916,18.622992,1,-1,-1,-1,0.652975,0.652975,2.820111,2.701562
77,4129,3.503552,130.631163,16.813449,7.323992,1,-1,-1,-1,0.652975,0.652975,2.820111,2.701562
78,4193,-52.957156,130.998015,18.408182,8.578064,1,-1,-1,-1,0.672850,0.672850,3.983356,2.716363
78,4185,-21.913084,116.861232,18.868005,8.878825,1,-1,-1,-1,0.653610,0.653610,3.059398,2.701803
78,4179,-76.838262,116.912876,17.248610,7.762118,1,-1,-1,-1,0.655027,0.655027,3.168909,2.864219
78,4176,-48.629007,117.176273,20.809656,8.110604,1,-1,-1,-1,0.653045,0.653045,2.938756,2.701563
78,4160,108.395524,178.647813,11.851119,25.136980,1,-1,-1,-1,0.652981,0.652981,2.878010,2.701562
78,4138,150.958852,131.373346,15.738692,7.778414,1,-1,-1,-1,0.652975,0.652975,2.818887,2.701562
78,4134,-23.774297,131.149527,17.493758,8.769541,1,-1,-1,-1,0.652975,0.652975,2.818887,2.701562
78,4133,7.079615,117.086600,18.923617,8.588271,1,-1,-1,-1,0.652975,0.652975,2.818887,2.701562
78,4132,79.645980,15.794521,8.068005,15.372994,1,-1,-1,-1,0.652975,0.652975,2.818887,2.701562
78,4131,122.345307,130.790854,18.822209,7.577841,1,-1,-1,-1,0.652975,0.652975,2.818887,2.701562
78,4130,61.730270,189.081066,8.129914,18.622126,1,-1,-1,-1,0.652975,0.652975,2.818887,2.701562
78,4129,3.510614,130.632855,16.817295,7.322991,1,-1,-1,-1,0.652975,0.652975,2.818887,2.701562
79,4185,-22.410067,116.930174,18.979750,8.937359,1,-1,-1,-1,0.653494,0.653494,3.043219,2.701690
79,4179,-77.010650,116.740835,17.556607,7.751642,1,-1,-1,-1,0.653284,0.653284,3.065297,2.787189
79,4176,-48.528062,117.271131,20.737356,8.154458,1,-1,-1,-1,0.653032,0.653032,2.931907,2.701563
79,4138,150.574485,131.123359,15.582481,7.754888,1,-1,-1,-1,0.652975,0.652975,2.817703,2.701562
79,4134,-23.890719,131.092906,17.518679,8.740336,1,-1,-1,-1,0.652975,0.652975,2.817702,2.701562
79,4133,6.904692,117.097437,19.030817,8.621105,1,-1,-1,-1,0.652975,0.652975,2.817702,2.701562
79,4132,79.577312,20.191165,8.077064,15.372973,1,-1,-1,-1,0.652975,0.652975,2.817702,2.701562
79,4131,122.345936,130.788909,18.818765,7.575663,1,-1,-1,-1,0.652975,0.652975,2.817702,2.701562
79,4130,61.730236,189.089051,8.129938,18.624254,1,-1,-1,-1,0.652975,0.652975,2.817702,2.701562
79,4129,3.517547,130.643874,16.812060,7.324980,1,-1,-1,-1,0.652975,0.652975,2.817702,2.701562
80,4185,-21.961302,116.772700,18.948985,8.886908,1,-1,-1,-1,0.653399,0.653399,3.028518,2.701630
80,4179,-77.209577,116.733962,17.672453,7.727287,1,-1,-1,-1,0.653095,0.653095,3.007995,2.746890
80,4176,-48.587745,117.193334,20.854091,8.150217,1,-1,-1,-1,0.653022,0.653022,2.925479,2.701562
80,4138,150.518787,131.274956,15.396184,7.709932,1,-1,-1,-1,0.652975,0.652975,2.816556,2.701562
80,4134,-23.992623,131.237171,17.578127,8.783143,1,-1,-1,-1,0.652975,0.652975,2.816556,2.701562
80,4133,7.168895,117.040041,18.926978,8.579923,1,-1,-1,-1,0.652975,0.652975,2.816556,2.701562
80,4132,79.523388,24.465321,8.080939,15.375597,1,-1,-1,-1,0.652975,0.652975,2.816556,2.701562
80,4131,122.350493,130.790410,18.821914,7.576881,1,-1,-1,-1,0.652975,0.652975,2.816556,2.701562
80,4130,61.730208,189.092229,8.129955,18.625807,1,-1,-1,-1,0.652975,0.652975,2.816556,2.701562
80,4129,3.526707,130.642735,16.811090,7.326500,1,-1,-1,-1,0.652975,0.652975,2.816556,2.701562
81,4199,20.411546,-97.515593,16.991296,8.291939,1,-1,-1,-1,0.847083,0.847083,7.132717,3.262201
81,4185,-20.006419,116.542314,16.863343,8.664952,1,-1,-1,-1,0.653321,0.653321,3.015091,2.701599
81,4179,-77.301078,116.626444,17.722448,7.763757,1,-1,-1,-1,0.653077,0.653077,2.974604,2.725627
81,4176,-48.457265,117.229218,20.866565,8.154409,1,-1,-1,-1,0.653013,0.653013,2.919437,2.701562
81,4138,150.928306,131.211966,15.498840,7.712360,1,-1,-1,-1,0.652975,0.652975,2.815445,2.701562
81,4134,-23.891067,131.161297,17.496929,8.812495,1,-1,-1,-1,0.652975,0.652975,2.815445,2.701562
81,4133,7.376368,117.045078,18.693402,8.530011,1,-1,-1,-1,0.652975,0.652975,2.815445,2.701562
81,4132,79.474143,28.510409,8.078185,15.371768,1,-1,-1,-1,0.652975,0.652975,2.815445,2.701562
81,4131,122.351682,130.790766,18.824210,7.577768,1,-1,-1,-1,0.652975,0.652975,2.815445,2.701562
81,4130,61.730184,189.093616,8.129968,18.626941,1,-1,-1,-1,0.652975,0.652975,2.815445,2.701562
81,4129,3.531838,130.643457,16.807712,7.327621,1,-1,-1,-1,0.652975,0.652975,2.815445,2.701562
82,4193,-52.687431,131.411190,18.041649,8.816838,1,-1,-1,-1,0.662762,0.662762,3.742148,2.836752
82,4185,-20.622049,116.854018,17.350977,8.742598,1,-1,-1,-1,0.653258,0.653258,3.002775,2.701582
82,4179,-77.422724,116.700517,17.916034,7.782465,1,-1,-1,-1,0.653068,0.653068,2.953851,2.714358
82,4176,-48.386989,117.270387,20.738195,8.185510,1,-1,-1,-1,0.653006,0.653006,2.913746,2.701562
82,4160,108.198844,179.698578,11.931785,25.415161,1,-1,-1,-1,0.654873,0.654873,3.015098,2.835011
82,4138,150.993013,131.297897,15.564641,7.741848,1,-1,-1,-1,0.652975,0.652975,2.814369,2.701562
82,4134,-23.757082,131.177945,17.438942,8.804128,1,-1,-1,-1,0.652975,0.652975,2.814369,2.701562
82,4133,7.090150,117.042976,18.851106,8.564910,1,-1,-1,-1,0.652975,0.652975,2.814369,2.701562
82,4132,79.423152,32.323511,8.073415,15.368863,1,-1,-1,-1,0.652975,0.652975,2.814369,2.701562
82,4131,122.349842,130.790752,18.823126,7.578392,1,-1,-1,-1,0.652975,0.652975,2.814369,2.701562
82,4130,61.730175,189.092460,8.129952,18.625010,1,-1,-1,-1,0.652975,0.652975,2.814369,2.701562
82,4129,3.534730,130.642902,16.810714,7.325772,1,-1,-1,-1,0.652975,0.652975,2.814369,2.701562
83,4193,-52.794561,131.141077,18.290638,8.739152,1,-1,-1,-1,0.659435,0.659435,3.556962,2.772870
83,4185,-20.814593,117.057849,18.001593,8.875462,1,-1,-1,-1,0.653206,0.653206,2.991438,2.701572
83,4179,-77.877955,116.966160,18.553934,7.934577,1,-1,-1,-1,0.653055,0.653055,2.939917,2.708372
83,4176,-48.576948,117.159325,20.847831,8.169373,1,-1,-1,-1,0.653001,0.653001,2.908379,2.701562
83,4138,150.996272,131.365650,15.514771,7.780780,1,-1,-1,-1,0.652975,0.652975,2.813326,2.701562
83,4134,-23.669763,131.103315,17.357019,8.753675,1,-1,-1,-1,0.652975,0.652975,2.813325,2.701562
83,4133,6.856548,117.079511,19.154226,8.549328,1,-1,-1,-1,0.652975,0.652975,2.813325,2.701562
83,4132,79.380260,35.866469,8.069931,15.366737,1,-1,-1,-1,0.652975,0.652975,2.813325,2.701562
83,4131,122.355926,130.788745,18.822196,7.576089,1,-1,-1,-1,0.652975,0.652975,2.813325,2.701562
83,4130,61.730166,189.086195,8.129941,18.623602,1,-1,-1,-1,0.652975,0.652975,2.813325,2.701562
83,4129,3.528701,130.646035,16.818643,7.327272,1,-1,-1,-1,0.652975,0.652975,2.813325,2.701562
84,4193,-52.501602,131.511259,18.286310,8.857615,1,-1,-1,-1,0.658033,0.658033,3.439565,2.739349
84,4185,-21.093370,116.909848,18.346454,8.858845,1,-1,-1,-1,0.653164,0.653164,2.980969,2.701568
84,4179,-77.763567,116.533456,18.320994,7.836742,1,-1,-1,-1,0.653042,0.653042,2.929749,2.705188
84,4176,-48.616555,117.087798,20.863364,8.117135,1,-1,-1,-1,0.652996,0.652996,2.903310,2.701562
84,4138,151.156441,131.305966,15.510798,7.704672,1,-1,-1,-1,0.652975,0.652975,2.812314,2.701562
84,4134,-23.656708,131.165978,17.352529,8.741908,1,-1,-1,-1,0.652975,0.652975,2.812314,2.701562
84,4133,6.880968,117.084123,19.174485,8.594565,1,-1,-1,-1,0.652975,0.652975,2.812314,2.701562
84,4132,79.340176,39.142352,8.067445,15.370690,1,-1,-1,-1,0.652975,0.652975,2.812314,2.701562
84,4131,122.351793,130.790270,18.821656,7.577167,1,-1,-1,-1,0.652975,0.652975,2.812314,2.701562
84,4130,61.730145,189.092825,8.129958,18.625332,1,-1,-1,-1,0.652975,0.652975,2.812314,2.701562
84,4129,3.537749,130.646192,16.810589,7.325516,1,-1,-1,-1,0.652975,0.652975,2.812314,2.701562
85,4193,-52.490983,132.429050,17.921130,9.337047,1,-1,-1,-1,0.657061,0.657061,3.358415,2.721635
85,4185,-21.201210,116.929744,18.736002,8.874631,1,-1,-1,-1,0.653130,0.653130,2.971273,2.701565
85,4179,-77.621211,116.523537,18.349832,7.809692,1,-1,-1,-1,0.653030,0.653030,2.921731,2.703493
85,4176,-48.378523,117.209850,20.683385,8.164886,1,-1,-1,-1,0.652992,0.652992,2.898515,2.701562
85,4138,150.962326,131.324192,15.346047,7.697992,1,-1,-1,-1,0.652975,0.652975,2.811334,2.701562
85,4134,-23.688644,131.153301,17.326008,8.771389,1,-1,-1,-1,0.652975,0.652975,2.811334,2.701562
85,4133,6.583602,117.114601,19.273971,8.547581,1,-1,-1,-1,0.652975,0.652975,2.811334,2.701562
85,4132,79.296341,42.131373,8.068384,15.373679,1,-1,-1,-1,0.652975,0.652975,2.811334,2.701562
85,4131,122.350308,130.790661,18.821260,7.577953,1,-1,-1,-1,0.652975,0.652975,2.811334,2.701562
85,4130,61.730139,189.093468,8.129946,18.623838,1,-1,-1,-1,0.652975,0.652975,2.811334,2.701562
85,4129,3.542036,130.655902,16.810443,7.327078,1,-1,-1,-1,0.652975,0.652975,2.811334,2.701562
86,4193,-52.691794,131.413311,18.088174,8.957220,1,-1,-1,-1,0.656292,0.656292,3.298063,2.712239
86,4185,-22.072893,116.889858,18.788534,8.889127,1,-1,-1,-1,0.653102,0.653102,2.962269,2.701564
86,4179,-77.070919,116.516093,17.898348,7.702837,1,-1,-1,-1,0.653021,0.653021,2.914997,2.702590
86,4176,-48.592716,117.174502,20.832366,8.157239,1,-1,-1,-1,0.652989,0.652989,2.893974,2.701562
86,4160,108.252374,179.448898,11.889738,25.573142,1,-1,-1,-1,0.654879,0.654879,3.020157,2.850493
86,4138,150.914450,131.350994,15.355665,7.694701,1,-1,-1,-1,0.652975,0.652975,2.810383,2.701562
86,4134,-23.592086,131.052263,17.254779,8.707294,1,-1,-1,-1,0.652975,0.652975,2.810383,2.701562
86,4133,6.719182,117.071157,19.279765,8.574211,1,-1,-1,-1,0.652975,0.652975,2.810383,2.701562
86,4132,79.282953,44.858178,8.052529,15.375220,1,-1,-1,-1,0.652975,0.652975,2.810383,2.701562
86,4131,122.351700,130.790656,18.823726,7.578548,1,-1,-1,-1,0.652975,0.652975,2.810383,2.701562
86,4130,61.730121,189.096135,8.129962,18.625504,1,-1,-1,-1,0.652975,0.652975,2.810383,2.701562
86,4129,3.547623,130.660154,16.813172,7.328278,1,-1,-1,-1,0.652975,0.652975,2.810383,2.701562
87,4185,-21.943046,117.029512,18.933873,8.923299,1,-1,-1,-1,0.653079,0.653079,2.953887,2.701563
87,4179,-76.770872,116.319936,17.609627,7.664388,1,-1,-1,-1,0.653012,0.653012,2.909078,2.702110
87,4176,-48.455065,117.125696,20.836123,8.133521,1,-1,-1,-1,0.652987,0.652987,2.889668,2.701562
87,4160,108.297869,179.417548,11.834439,25.600162,1,-1,-1,-1,0.653162,0.653162,2.938625,2.780040
87,4138,150.789785,131.367056,15.187811,7.622642,1,-1,-1,-1,0.652975,0.652975,2.809460,2.701562
87,4134,-23.489247,131.061542,17.147137,8.627193,1,-1,-1,-1,0.652975,0.652975,2.809460,2.701562
87,4133,7.025120,117.071159,19.120790,8.583792,1,-1,-1,-1,0.652975,0.652975,2.809460,2.701562
87,4132,79.249646,47.359855,8.060499,15.399136,1,-1,-1,-1,0.652975,0.652975,2.809460,2.701562
87,4131,122.354618,130.788680,18.819882,7.576183,1,-1,-1,-1,0.652975,0.652975,2.809460,2.701562
87,4130,61.728230,189.088746,8.127194,18.623843,1,-1,-1,-1,0.652975,0.652975,2.809460,2.701562
87,4129,3.553930,130.653916,16.809598,7.326381,1,-1,-1,-1,0.652975,0.652975,2.809460,2.701562
88,4185,-21.231381,117.091892,18.197292,8.726628,1,-1,-1,-1,0.653060,0.653060,2.946068,2.701563
88,4179,-76.884470,116.304325,17.652863,7.651047,1,-1,-1,-1,0.653006,0.653006,2.903717,2.701854
88,4176,-48.267271,117.239045,20.670924,8.174329,1,-1,-1,-1,0.652984,0.652984,2.885580,2.701562
88,4138,150.987527,131.353735,15.379730,7.692617,1,-1,-1,-1,0.652975,0.652975,2.808564,2.701562
88,4134,-23.801870,131.219944,17.319107,8.712270,1,-1,-1,-1,0.652975,0.652975,2.808564,2.701562
88,4133,7.080761,117.078142,19.064395,8.566851,1,-1,-1,-1,0.652975,0.652975,2.808564,2.701562
88,4132,79.219498,49.541938,8.068986,15.411173,1,-1,-1,-1,0.652975,0.652975,2.808564,2.701562
88,4131,122.351684,130.790218,18.819965,7.577234,1,-1,-1,-1,0.652975,0.652975,2.808564,2.701562
88,4130,61.729871,189.094815,8.127953,18.625510,1,-1,-1,-1,0.652975,0.652975,2.808564,2.701562
88,4129,3.553963,130.652550,16.809823,7.325056,1,-1,-1,-1,0.652975,0.652975,2.808564,2.701562
89,4185,-20.678058,116.784700,17.679952,8.515193,1,-1,-1,-1,0.653044,0.653044,2.938757,2.701562
89,4179,-76.862029,116.436943,17.451363,7.723576,1,-1,-1,-1,0.653000,0.653000,2.898767,2.701718
89,4176,-48.260905,117.222053,20.698126,8.179239,1,-1,-1,-1,0.652983,0.652983,2.881694,2.701562
89,4138,150.834240,131.319601,15.237918,7.692209,1,-1,-1,-1,0.652975,0.652975,2.807695,2.701562
89,4134,-24.152475,131.290742,17.560668,8.795388,1,-1,-1,-1,0.652975,0.652975,2.807695,2.701562
89,4133,7.374685,117.010388,18.758203,8.531370,1,-1,-1,-1,0.652975,0.652975,2.807695,2.701562
89,4132,79.193188,51.427173,8.072275,15.406039,1,-1,-1,-1,0.652975,0.652975,2.807695,2.701562
89,4131,122.355194,130.790631,18.817269,7.577980,1,-1,-1,-1,0.652975,0.652975,2.807695,2.701562
89,4130,61.730363,189.097040,8.128508,18.626726,1,-1,-1,-1,0.652975,0.652975,2.807695,2.701562
89,4129,3.548838,130.654785,16.810193,7.326876,1,-1,-1,-1,0.652975,0.652975,2.807695,2.701562
90,4207,60.262208,251.602139,8.327353,16.324273,1,-1,-1,-1,0.847083,0.847083,7.132717,3.262201
90,4185,-20.260312,116.903583,17.237958,8.290005,1,-1,-1,-1,0.653032,0.653032,2.931908,2.701562
90,4179,-77.026679,116.567114,17.478383,7.710505,1,-1,-1,-1,0.652996,0.652996,2.894144,2.701645
90,4176,-48.351033,117.263129,20.716152,8.196631,1,-1,-1,-1,0.652981,0.652981,2.877997,2.701562
90,4138,150.768153,131.427305,15.141799,7.659481,1,-1,-1,-1,0.652975,0.652975,2.806851,2.701562
90,4134,-23.981722,131.265565,17.522437,8.832440,1,-1,-1,-1,0.652975,0.652975,2.806851,2.701562
90,4133,7.496013,117.086100,18.556382,8.491482,1,-1,-1,-1,0.652975,0.652975,2.806851,2.701562
90,4132,79.168219,53.070370,8.080233,15.408003,1,-1,-1,-1,0.652975,0.652975,2.806851,2.701562
90,4131,122.352355,130.790643,18.818056,7.578545,1,-1,-1,-1,0.652975,0.652975,2.806851,2.701562
90,4130,61.730462,189.095963,8.128889,18.624859,1,-1,-1,-1,0.652975,0.652975,2.806851,2.701562
90,4129,3.555590,130.662458,16.802272,7.328161,1,-1,-1,-1,0.652975,0.652975,2.806851,2.701562
91,4207,60.593608,250.305352,8.012774,15.851006,1,-1,-1,-1,0.780933,0.780933,6.225018,2.988460
91,4185,-19.607056,116.805963,16.686654,8.105673,1,-1,-1,-1,0.653021,0.653021,2.925481,2.701562
91,4176,-48.568829,117.171648,20.815063,8.162249,1,-1,-1,-1,0.652980,0.652980,2.874476,2.701562
91,4160,108.492022,179.006612,11.688682,25.464617,1,-1,-1,-1,0.654890,0.654890,3.000397,2.844174
91,4138,150.953015,131.347096,15.248630,7.653872,1,-1,-1,-1,0.652975,0.652975,2.806031,2.701562
91,4134,-22.860696,130.915204,16.918313,8.580344,1,-1,-1,-1,0.652975,0.652975,2.806031,2.701562
91,4133,7.571699,116.830852,18.667405,8.417734,1,-1,-1,-1,0.652975,0.652975,2.806031,2.701562
91,4132,79.145663,54.491353,8.086033,15.409421,1,-1,-1,-1,0.652975,0.652975,2.806031,2.701562
91,4131,122.351138,130.790544,18.818630,7.578958,1,-1,-1,-1,0.652975,0.652975,2.806031,2.701562
91,4130,61.730428,189.089511,8.129168,18.623497,1,-1,-1,-1,0.652975,0.652975,2.806031,2.701562
91,4129,3.554344,130.660921,16.815973,7.332062,1,-1,-1,-1,0.652975,0.652975,2.806031,2.701562
92,4207,60.690655,249.666349,7.935650,15.818723,1,-1,-1,-1,0.739812,0.739812,5.560040,2.851250
92,4185,-19.660631,116.879381,16.417974,7.940142,1,-1,-1,-1,0.653013,0.653013,2.919438,2.701562
92,4176,-48.640154,117.080429,20.869017,8.111684,1,-1,-1,-1,0.652979,0.652979,2.871120,2.701562
92,4160,108.369207,179.503487,11.737048,25.453805,1,-1,-1,-1,0.653168,0.653168,2.923384,2.776745
92,4138,150.928854,131.219196,15.368132,7.650388,1,-1,-1,-1,0.652975,0.652975,2.805235,2.701562
92,4134,-23.451929,131.103984,17.108353,8.644614,1,-1,-1,-1,0.652975,0.652975,2.805235,2.701562
92,4133,7.718711,117.071594,18.745709,8.459667,1,-1,-1,-1,0.652975,0.652975,2.805235,2.701562
92,4132,79.130904,55.697206,8.090182,15.402166,1,-1,-1,-1,0.652975,0.652975,2.805235,2.701562
92,4131,122.352468,130.790419,18.821801,7.579279,1,-1,-1,-1,0.652975,0.652975,2.805235,2.701562
92,4130,61.730363,189.087458,8.129372,18.622504,1,-1,-1,-1,0.652975,0.652975,2.805235,2.701562
92,4129,3.555413,130.658240,16.820397,7.332129,1,-1,-1,-1,0.652975,0.652975,2.805235,2.701562
93,4207,60.564413,249.278731,7.858110,16.012163,1,-1,-1,-1,0.714060,0.714060,5.062690,2.780435
93,4185,-19.478053,116.989842,16.461739,7.838048,1,-1,-1,-1,0.653006,0.653006,2.913747,2.701562
93,4176,-48.355950,117.162531,20.691985,8.133653,1,-1,-1,-1,0.652979,0.652979,2.867917,2.701562
93,4160,108.332847,179.296412,11.780288,25.477678,1,-1,-1,-1,0.652995,0.652995,2.882296,2.741391
93,4138,150.774153,131.383036,15.234695,7.629399,1,-1,-1,-1,0.652975,0.652975,2.804461,2.701562
93,4134,-23.619360,131.247911,17.220513,8.715203,1,-1,-1,-1,0.652975,0.652975,2.804461,2.701562
93,4133,8.174579,117.113390,18.939415,8.477861,1,-1,-1,-1,0.652975,0.652975,2.804461,2.701562
93,4132,79.110882,56.721265,8.090425,15.394018,1,-1,-1,-1,0.652975,0.652975,2.804461,2.701562
93,4131,122.350531,130.790321,18.821361,7.579493,1,-1,-1,-1,0.652975,0.652975,2.804461,2.701562
93,4130,61.730286,189.095430,8.129543,18.624533,1,-1,-1,-1,0.652975,0.652975,2.804461,2.701562
93,4129,3.558917,130.653867,16.817950,7.326651,1,-1,-1,-1,0.652975,0.652975,2.804461,2.701562
94,4207,60.752274,247.168456,8.010195,15.931698,1,-1,-1,-1,0.697349,0.697349,4.683127,2.743335
94,4185,-18.826412,116.858013,16.348900,7.769637,1,-1,-1,-1,0.653000,0.653000,2.908380,2.701562
94,4179,-77.362193,116.658958,17.658414,7.741851,1,-1,-1,-1,0.654879,0.654879,3.029735,2.835021
94,4176,-48.205901,117.232833,20.579836,8.155628,1,-1,-1,-1,0.652978,0.652978,2.864858,2.701562
94,4160,108.364742,179.220464,11.803275,25.513804,1,-1,-1,-1,0.652993,0.652993,2.859829,2.722716
94,4138,150.807739,131.384903,15.182953,7.644429,1,-1,-1,-1,0.652975,0.652975,2.803709,2.701562
94,4134,-22.746701,131.375750,16.728747,8.693581,1,-1,-1,-1,0.652975,0.652975,2.803709,2.701562
94,4133,9.055154,117.182643,18.984611,8.495474,1,-1,-1,-1,0.652975,0.652975,2.803709,2.701562
94,4132,79.102513,57.587944,8.087870,15.390730,1,-1,-1,-1,0.652975,0.652975,2.803709,2.701562
94,4131,122.349934,130.781825,18.820915,7.576894,1,-1,-1,-1,0.652975,0.652975,2.803709,2.701562
94,4130,61.730235,189.089819,8.129646,18.623261,1,-1,-1,-1,0.652975,0.652975,2.803709,2.701562
94,4129,3.564330,130.647039,16.810723,7.322641,1,-1,-1,-1,0.652975,0.652975,2.803709,2.701562
95,4207,60.376139,245.644084,8.144658,15.862071,1,-1,-1,-1,0.686065,0.686065,4.388218,2.723746
95,4193,-52.445868,130.946971,18.328330,8.336410,1,-1,-1,-1,0.655463,0.655463,3.304033,2.902464
95,4185,-17.948074,116.733457,16.194942,7.685387,1,-1,-1,-1,0.652996,0.652996,2.903311,2.701562
95,4179,-77.488599,116.575521,17.288916,7.679057,1,-1,-1,-1,0.653157,0.653157,2.954130,2.771966
95,4176,-48.084866,117.030478,20.382288,8.080012,1,-1,-1,-1,0.652977,0.652977,2.861934,2.701562
95,4160,108.223507,179.657823,11.850912,25.575182,1,-1,-1,-1,0.652998,0.652998,2.847150,2.712813
95,4138,151.047338,131.321496,15.233349,7.654029,1,-1,-1,-1,0.652975,0.652975,2.802979,2.701562
95,4134,-22.512511,130.893031,16.355808,8.388823,1,-1,-1,-1,0.652975,0.652975,2.802979,2.701562
95,4133,10.594491,117.262705,19.176057,8.537849,1,-1,-1,-1,0.652975,0.652975,2.802979,2.701562
95,4132,79.097133,58.311047,8.080471,15.385387,1,-1,-1,-1,0.652975,0.652975,2.802979,2.701562
95,4131,122.349789,130.785592,18.820589,7.574999,1,-1,-1,-1,0.652975,0.652975,2.802979,2.701562
95,4130,61.728347,189.074004,8.126885,18.611208,1,-1,-1,-1,0.652975,0.652975,2.802979,2.701562
95,4129,3.570348,130.652037,16.808268,7.319767,1,-1,-1,-1,0.652975,0.652975,2.802979,2.701562
96,4207,59.010929,247.286330,8.404857,16.647151,1,-1,-1,-1,0.678159,0.678159,4.155461,2.713360
96,4193,-51.722597,132.350308,17.017170,8.763755,1,-1,-1,-1,0.653592,0.653592,3.164783,2.807031
96,4185,-16.793758,117.037690,16.027207,7.664618,1,-1,-1,-1,0.652992,0.652992,2.898516,2.701562
96,4176,-48.181816,117.079737,20.559427,8.080215,1,-1,-1,-1,0.652977,0.652977,2.859137,2.701562
96,4160,108.108680,179.998059,11.991538,25.674003,1,-1,-1,-1,0.652998,0.652998,2.839660,2.707550
96,4138,150.922579,131.240244,15.207768,7.673964,1,-1,-1,-1,0.652975,0.652975,2.802268,2.701562
96,4134,-23.409263,131.305634,16.817079,8.603327,1,-1,-1,-1,0.652975,0.652975,2.802268,2.701562
96,4133,12.077538,117.139798,19.291416,8.435202,1,-1,-1,-1,0.652975,0.652975,2.802268,2.701562
96,4132,79.090022,58.904238,8.083351,15.384512,1,-1,-1,-1,0.652975,0.652975,2.802268,2.701562
96,4131,122.352548,130.787394,18.814849,7.573577,1,-1,-1,-1,0.652975,0.652975,2.802268,2.701562
96,4130,61.729950,189.092700,8.127730,18.616292,1,-1,-1,-1,0.652975,0.652975,2.802268,2.701562
96,4129,3.571035,130.648231,16.812047,7.317743,1,-1,-1,-1,0.652975,0.652975,2.802268,2.701562
97,4207,60.081525,243.978967,8.210884,15.866172,1,-1,-1,-1,0.672446,0.672446,3.969193,2.707841
97,4185,-15.903723,116.812970,16.019595,7.653571,1,-1,-1,-1,0.652989,0.652989,2.893975,2.701562
97,4176,-47.344882,117.029265,20.432308,8.069375,1,-1,-1,-1,0.652977,0.652977,2.856459,2.701562
97,4160,108.272385,179.165199,11.911729,25.444998,1,-1,-1,-1,0.652995,0.652995,2.834944,2.704750
97,4138,150.841900,131.251380,15.199353,7.669656,1,-1,-1,-1,0.652975,0.652975,2.801577,2.701562
97,4134,-22.896929,130.890891,16.440584,8.346437,1,-1,-1,-1,0.652975,0.652975,2.801577,2.701562
97,4133,14.141673,117.186277,19.392494,8.457384,1,-1,-1,-1,0.652975,0.652975,2.801577,2.701562
97,4132,79.090513,59.415749,8.079999,15.389172,1,-1,-1,-1,0.652975,0.652975,2.801577,2.701562
97,4131,122.351853,130.788320,18.816164,7.572580,1,-1,-1,-1,0.652975,0.652975,2.801577,2.701562
97,4130,61.730414,189.099049,8.128347,18.620002,1,-1,-1,-1,0.652975,0.652975,2.801577,2.701562
97,4129,3.572201,130.639068,16.806500,7.313477,1,-1,-1,-1,0.652975,0.652975,2.801577,2.701562
98,4207,60.393901,243.754518,8.195914,15.662455,1,-1,-1,-1,0.668212,0.668212,3.818265,2.704905
98,4185,-14.665508,117.077969,16.085304,7.727307,1,-1,-1,-1,0.652986,0.652986,2.889669,2.701562
98,4176,-46.132821,116.945366,20.198834,8.019256,1,-1,-1,-1,0.652976,0.652976,2.853894,2.701562
98,4160,108.329319,179.076607,11.911829,25.404125,1,-1,-1,-1,0.652992,0.652992,2.831724,2.703260
98,4138,150.928018,131.381892,15.152666,7.677094,1,-1,-1,-1,0.652975,0.652975,2.800906,2.701562
98,4134,-23.291821,131.234664,16.718661,8.494423,1,-1,-1,-1,0.652975,0.652975,2.800906,2.701562
98,4133,16.593942,117.199047,19.431867,8.442691,1,-1,-1,-1,0.652975,0.652975,2.800906,2.701562
98,4132,79.082873,59.815492,8.083105,15.398267,1,-1,-1,-1,0.652975,0.652975,2.800906,2.701562
98,4131,122.346723,130.788845,18.819877,7.571872,1,-1,-1,-1,0.652975,0.652975,2.800906,2.701562
98,4130,61.730482,189.100893,8.128797,18.622709,1,-1,-1,-1,0.652975,0.652975,2.800906,2.701562
98,4129,3.565024,130.626320,16.807802,7.304920,1,-1,-1,-1,0.652975,0.652975,2.800906,2.701562
99,4207,60.543718,244.303274,8.186959,15.930261,1,-1,-1,-1,0.665009,0.665009,3.694582,2.703342
99,4185,-13.326178,116.968625,16.014353,7.745551,1,-1,-1,-1,0.652984,0.652984,2.885580,2.701562
99,4160,108.187018,179.763305,12.010939,25.549737,1,-1,-1,-1,0.652989,0.652989,2.829320,2.702466
99,4138,150.811235,131.341073,15.114633,7.638666,1,-1,-1,-1,0.652975,0.652975,2.800252,2.701562
99,4134,-23.550348,131.462622,16.968933,8.637882,1,-1,-1,-1,0.652975,0.652975,2.800252,2.701562
99,4133,19.749311,117.167037,19.448859,8.373303,1,-1,-1,-1,0.652975,0.652975,2.800252,2.701562
99,4132,79.083018,60.132466,8.079837,15.401949,1,-1,-1,-1,0.652975,0.652975,2.800252,2.701562
99,4131,122.350664,130.789175,18.822586,7.571356,1,-1,-1,-1,0.652975,0.652975,2.800252,2.701562
99,4130,61.730437,189.092757,8.129103,18.621934,1,-1,-1,-1,0.652975,0.652975,2.800252,2.701562
99,4129,3.561807,130.640015,16.836541,7.304445,1,-1,-1,-1,0.652975,0.652975,2.800252,2.701562
100,4207,60.720786,243.401177,8.087793,15.768048,1,-1,-1,-1,0.662548,0.662548,3.592165,2.702510
100,4193,-52.477245,131.192208,18.111292,8.669247,1,-1,-1,-1,0.655095,0.655095,3.161724,2.847287
100,4185,-10.737111,116.847642,15.964202,7.663770,1,-1,-1,-1,0.652983,0.652983,2.881695,2.701562
100,4160,108.205058,179.419886,11.982665,25.598848,1,-1,-1,-1,0.652987,0.652987,2.827373,2.702044
100,4138,150.794579,131.082946,15.078264,7.560585,1,-1,-1,-1,0.652975,0.652975,2.799616,2.701562
100,4134,-23.772334,131.538567,17.194648,8.810601,1,-1,-1,-1,0.652975,0.652975,2.799616,2.701562
100,4133,23.128381,117.276180,19.439782,8.378413,1,-1,-1,-1,0.652975,0.652975,2.799616,2.701562
100,4132,79.082503,60.394965,8.074723,15.407281,1,-1,-1,-1,0.652975,0.652975,2.799616,2.701562
100,4131,122.351630,130.791287,18.824688,7.573730,1,-1,-1,-1,0.652975,0.652975,2.799616,2.701562
100,4130,61.730353,189.098282,8.129348,18.624120,1,-1,-1,-1,0.652975,0.652975,2.799616,2.701562
100,4129,3.557931,130.645587,16.860323,7.304146,1,-1,-1,-1,0.652975,0.652975,2.799616,2.701562
