1,4231,-44.730000,130.970000,17.800000,8.780000,1,-1,-1,-1,10.000000,10.000000,10.000000,10.000000
1,4230,104.540000,84.370000,25.000000,11.140000,1,-1,-1,-1,10.000000,10.000000,10.000000,10.000000
1,4229,11.210000,116.390000,18.420000,8.600000,1,-1,-1,-1,10.000000,10.000000,10.000000,10.000000
1,4228,62.090000,184.710000,7.710000,17.060000,1,-1,-1,-1,10.000000,10.000000,10.000000,10.000000
1,4227,177.080000,131.640000,18.330000,8.510000,1,-1,-1,-1,10.000000,10.000000,10.000000,10.000000
1,4226,179.050000,394.390000,20.350000,13.840000,1,-1,-1,-1,10.000000,10.000000,10.000000,10.000000
1,4225,8.440000,131.640000,20.660000,9.670000,1,-1,-1,-1,10.000000,10.000000,10.000000,10.000000
1,4224,62.330000,214.990000,8.900000,20.110000,1,-1,-1,-1,10.000000,10.000000,10.000000,10.000000
1,4223,209.840000,406.020000,21.000000,13.620000,1,-1,-1,-1,10.000000,10.000000,10.000000,10.000000
1,4222,236.730000,420.400000,16.650000,14.210000,1,-1,-1,-1,10.000000,10.000000,10.000000,10.000000
1,4221,151.470000,130.300000,15.000000,7.510000,1,-1,-1,-1,10.000000,10.000000,10.000000,10.000000
1,4220,83.190000,113.990000,19.530000,18.150000,1,-1,-1,-1,10.000000,10.000000,10.000000,10.000000
1,4219,122.530000,130.870000,18.460000,7.750000,1,-1,-1,-1,10.000000,10.000000,10.000000,10.000000
1,4218,273.820000,449.240000,17.420000,16.800000,1,-1,-1,-1,10.000000,10.000000,10.000000,10.000000
1,4217,75.740000,173.370000,8.050000,15.160000,1,-1,-1,-1,10.000000,10.000000,10.000000,10.000000
1,4216,293.890000,467.940000,15.120000,15.810000,1,-1,-1,-1,10.000000,10.000000,10.000000,10.000000
2,4233,92.750000,262.870000,7.860000,15.860000,1,-1,-1,-1,10.000000,10.000000,10.000000,10.000000
2,4232,75.860000,182.040000,8.170000,15.380000,1,-1,-1,-1,10.000000,10.000000,10.000000,10.000000
2,4229,10.605474,116.710909,18.539161,8.788099,1,-1,-1,-1,0.999900,0.999900,9.990021,5.238095
2,4228,61.632225,186.892961,8.535558,18.673480,1,-1,-1,-1,0.999900,0.999900,9.990021,5.238095
2,4227,177.087104,131.170952,18.925730,8.608179,1,-1,-1,-1,0.999900,0.999900,9.990021,5.238095
2,4225,6.853191,131.372752,20.593942,9.694547,1,-1,-1,-1,0.999900,0.999900,9.990021,5.238095
2,4224,62.153255,214.635565,9.143501,20.228928,1,-1,-1,-1,0.999900,0.999900,9.990021,5.238095
2,4223,209.140210,407.227810,22.759544,15.663934,1,-1,-1,-1,0.999900,0.999900,9.990021,5.238095
2,4222,236.419641,420.248837,17.280718,14.562321,1,-1,-1,-1,0.999900,0.999900,9.990021,5.238095
2,4221,151.160448,130.600068,15.699096,7.859769,1,-1,-1,-1,0.999900,0.999900,9.990021,5.238095
2,4220,88.853040,115.612470,20.092732,16.344917,1,-1,-1,-1,0.999900,0.999900,9.990021,5.238095
2,4219,122.521194,130.869501,18.467614,7.750997,1,-1,-1,-1,0.999900,0.999900,9.990021,5.238095
2,4218,273.818808,449.231147,17.412386,16.797708,1,-1,-1,-1,0.999900,0.999900,9.990021,5.238095
2,4216,293.890000,467.940000,15.120000,15.810000,1,-1,-1,-1,0.999900,0.999900,9.990021,5.238095
3,4234,76.030000,190.850000,8.160000,15.360000,1,-1,-1,-1,10.000000,10.000000,10.000000,10.000000
3,4229,10.671615,116.556100,18.380357,8.581888,1,-1,-1,-1,0.941153,0.941153,8.384601,3.841642
3,4228,61.563300,187.723397,8.517526,18.983440,1,-1,-1,-1,0.941153,0.941153,8.384601,3.841642
3,4227,177.088531,131.561704,17.801170,8.501912,1,-1,-1,-1,0.941153,0.941153,8.384601,3.841642
3,4226,179.692250,394.161895,19.105498,12.756248,1,-1,-1,-1,0.999975,0.999975,9.997501,5.454545
3,4225,6.885779,133.306298,18.728653,10.032618,1,-1,-1,-1,0.941153,0.941153,8.384601,3.841642
3,4224,62.016707,214.413490,9.184244,19.979539,1,-1,-1,-1,0.941153,0.941153,8.384601,3.841642
3,4223,209.179904,406.321246,21.506085,14.690292,1,-1,-1,-1,0.941153,0.941153,8.384601,3.841642
3,4222,236.518962,420.543090,17.148544,14.682623,1,-1,-1,-1,0.941153,0.941153,8.384601,3.841642
3,4221,150.820729,130.711521,15.470325,7.862198,1,-1,-1,-1,0.941153,0.941153,8.384601,3.841642
3,4220,95.071924,115.523461,19.272310,13.746605,1,-1,-1,-1,0.941153,0.941153,8.384601,3.841642
3,4219,122.526742,130.880585,18.474751,7.757065,1,-1,-1,-1,0.941153,0.941153,8.384601,3.841642
3,4218,273.829020,449.218340,17.391373,16.775088,1,-1,-1,-1,0.941153,0.941153,8.384601,3.841642
3,4216,293.889476,467.951522,15.130459,15.824601,1,-1,-1,-1,0.941153,0.941153,8.384601,3.841642
4,4229,10.514642,116.314332,18.106150,8.276207,1,-1,-1,-1,0.847083,0.847083,7.132717,3.262201
4,4228,61.816950,184.762737,8.179614,17.366575,1,-1,-1,-1,0.847083,0.847083,7.132717,3.262201
4,4227,177.052447,131.411949,16.677144,8.001201,1,-1,-1,-1,0.847083,0.847083,7.132717,3.262201
4,4224,62.073175,214.556899,9.185278,19.982261,1,-1,-1,-1,0.847083,0.847083,7.132717,3.262201
4,4223,209.950283,406.871650,21.476583,14.749351,1,-1,-1,-1,0.847083,0.847083,7.132717,3.262201
4,4222,237.009531,420.015554,16.822726,14.134042,1,-1,-1,-1,0.847083,0.847083,7.132717,3.262201
4,4221,150.913989,130.563037,15.502106,7.921921,1,-1,-1,-1,0.847083,0.847083,7.132717,3.262201
4,4220,101.808453,116.893744,18.801784,12.342682,1,-1,-1,-1,0.847083,0.847083,7.132717,3.262201
4,4219,122.527827,130.882009,18.476055,7.759221,1,-1,-1,-1,0.847083,0.847083,7.132717,3.262201
4,4218,273.826203,449.237619,17.414087,16.796233,1,-1,-1,-1,0.847083,0.847083,7.132717,3.262201
4,4216,293.889812,467.942303,15.131455,15.824298,1,-1,-1,-1,0.847083,0.847083,7.132717,3.262201
5,4228,61.905881,184.397354,8.229104,17.011160,1,-1,-1,-1,0.780933,0.780933,6.225018,2.988460
5,4227,177.014362,131.780452,18.406614,8.766471,1,-1,-1,-1,0.780933,0.780933,6.225018,2.988460
5,4226,181.444727,394.274865,18.505713,12.141510,1,-1,-1,-1,0.808479,0.808479,6.225062,3.298778
5,4224,62.105662,214.609143,9.000067,19.583468,1,-1,-1,-1,0.780933,0.780933,6.225018,2.988460
5,4223,209.838087,406.582495,21.348178,14.662289,1,-1,-1,-1,0.780933,0.780933,6.225018,2.988460
5,4222,236.526080,420.117617,17.609940,14.730316,1,-1,-1,-1,0.780933,0.780933,6.225018,2.988460
5,4221,151.079761,130.946240,15.640826,7.989104,1,-1,-1,-1,0.780933,0.780933,6.225018,2.988460
5,4220,108.924541,116.723935,17.514049,10.362532,1,-1,-1,-1,0.780933,0.780933,6.225018,2.988460
5,4219,122.531963,130.870773,18.468223,7.750941,1,-1,-1,-1,0.780933,0.780933,6.225018,2.988460
5,4218,273.822710,449.240561,17.417665,16.799105,1,-1,-1,-1,0.780933,0.780933,6.225018,2.988460
5,4216,293.895891,467.930344,15.119461,15.811198,1,-1,-1,-1,0.780933,0.780933,6.225018,2.988460
6,4228,61.982170,184.301222,8.188731,16.647095,1,-1,-1,-1,0.739812,0.739812,5.560040,2.851250
6,4227,177.147635,131.563315,19.027028,8.996481,1,-1,-1,-1,0.739812,0.739812,5.560040,2.851250
6,4226,179.444489,394.036996,18.773732,12.299218,1,-1,-1,-1,0.761768,0.761768,5.587838,3.006395
6,4224,62.197680,214.748625,8.936974,19.652368,1,-1,-1,-1,0.739812,0.739812,5.560040,2.851250
6,4222,236.645527,420.303436,17.309410,14.555199,1,-1,-1,-1,0.739812,0.739812,5.560040,2.851250
6,4221,150.580158,131.152754,15.977840,8.246652,1,-1,-1,-1,0.739812,0.739812,5.560040,2.851250
6,4220,116.560972,116.644451,16.538448,8.761644,1,-1,-1,-1,0.739812,0.739812,5.560040,2.851250
6,4219,122.532345,130.854368,18.452462,7.729532,1,-1,-1,-1,0.739812,0.739812,5.560040,2.851250
6,4218,273.814658,449.241973,17.425032,16.805925,1,-1,-1,-1,0.739812,0.739812,5.560040,2.851250
6,4216,293.892315,467.936209,15.119073,15.810291,1,-1,-1,-1,0.739812,0.739812,5.560040,2.851250
7,4228,62.164790,184.219223,8.149201,16.408453,1,-1,-1,-1,0.714060,0.714060,5.062690,2.780435
7,4227,176.995043,131.196064,18.298434,8.603547,1,-1,-1,-1,0.714060,0.714060,5.062690,2.780435
7,4226,179.444389,394.020541,19.356687,12.468833,1,-1,-1,-1,0.729260,0.729260,5.118443,2.860404
7,4224,62.309265,214.865188,8.713958,19.572193,1,-1,-1,-1,0.714060,0.714060,5.062690,2.780435
7,4222,236.808755,420.308658,17.140980,14.440510,1,-1,-1,-1,0.714060,0.714060,5.062690,2.780435
7,4221,150.910273,130.735641,15.834126,8.080517,1,-1,-1,-1,0.714060,0.714060,5.062690,2.780435
7,4220,124.307171,116.755761,15.756687,7.789190,1,-1,-1,-1,0.714060,0.714060,5.062690,2.780435
7,4219,122.524783,130.864636,18.469549,7.734065,1,-1,-1,-1,0.714060,0.714060,5.062690,2.780435
7,4218,273.818332,449.241581,17.428927,16.809482,1,-1,-1,-1,0.714060,0.714060,5.062690,2.780435
7,4216,293.892134,467.946603,15.123961,15.814924,1,-1,-1,-1,0.714060,0.714060,5.062690,2.780435
8,4229,9.410513,116.360253,19.067020,8.437907,1,-1,-1,-1,0.699331,0.699331,4.906799,2.897002
8,4228,62.084706,184.374076,8.173842,16.336517,1,-1,-1,-1,0.697349,0.697349,4.683127,2.743335
8,4227,177.050713,131.582624,18.712343,8.831244,1,-1,-1,-1,0.697349,0.697349,4.683127,2.743335
8,4226,179.376236,393.579739,19.511689,12.228893,1,-1,-1,-1,0.707694,0.707694,4.751699,2.785203
8,4224,62.383995,214.792539,8.551419,19.536239,1,-1,-1,-1,0.697349,0.697349,4.683127,2.743335
8,4222,236.725284,420.776362,17.546382,14.883943,1,-1,-1,-1,0.697349,0.697349,4.683127,2.743335
8,4221,150.985727,130.629200,15.820817,8.053671,1,-1,-1,-1,0.697349,0.697349,4.683127,2.743335
8,4220,132.129773,116.915149,14.413616,7.089824,1,-1,-1,-1,0.697349,0.697349,4.683127,2.743335
8,4219,122.518891,130.858233,18.468077,7.728384,1,-1,-1,-1,0.697349,0.697349,4.683127,2.743335
8,4218,273.818084,449.239740,17.426333,16.806741,1,-1,-1,-1,0.697349,0.697349,4.683127,2.743335
8,4216,293.891481,467.949769,15.126830,15.817584,1,-1,-1,-1,0.697349,0.697349,4.683127,2.743335
9,4229,9.290796,116.338822,19.292479,8.461183,1,-1,-1,-1,0.686227,0.686227,4.468642,2.804203
9,4228,62.107488,184.550399,8.162814,16.276760,1,-1,-1,-1,0.686065,0.686065,4.388218,2.723746
9,4227,176.599046,131.164150,17.356487,8.312744,1,-1,-1,-1,0.686065,0.686065,4.388218,2.723746
9,4226,179.555238,394.356920,19.548143,12.531185,1,-1,-1,-1,0.693227,0.693227,4.458919,2.745845
9,4224,62.314212,214.777675,8.652634,19.673577,1,-1,-1,-1,0.686065,0.686065,4.388218,2.723746
9,4222,236.815878,419.954836,17.095373,14.343465,1,-1,-1,-1,0.686065,0.686065,4.388218,2.723746
9,4221,151.660446,130.761690,15.721841,7.993506,1,-1,-1,-1,0.686065,0.686065,4.388218,2.723746
9,4220,140.481215,117.041848,14.498644,6.885575,1,-1,-1,-1,0.686065,0.686065,4.388218,2.723746
9,4219,122.518096,130.867433,18.464930,7.731147,1,-1,-1,-1,0.686065,0.686065,4.388218,2.723746
9,4218,273.822733,449.229958,17.415821,16.796236,1,-1,-1,-1,0.686065,0.686065,4.388218,2.723746
9,4216,293.890869,467.950537,15.128565,15.819154,1,-1,-1,-1,0.686065,0.686065,4.388218,2.723746
10,4242,71.976067,70.598772,10.571027,14.700296,1,-1,-1,-1,0.847083,0.847083,7.132717,3.262201
10,4229,8.757296,116.469195,19.371111,8.625049,1,-1,-1,-1,0.678161,0.678161,4.182796,2.755830
10,4228,62.086380,184.534932,8.152616,16.212842,1,-1,-1,-1,0.678159,0.678159,4.155461,2.713360
10,4227,178.064722,131.306513,16.607537,8.168064,1,-1,-1,-1,0.678159,0.678159,4.155461,2.713360
10,4226,179.553806,394.535223,19.989773,12.846995,1,-1,-1,-1,0.683248,0.683248,4.222594,2.725074
10,4224,62.353050,214.917313,8.649783,19.740492,1,-1,-1,-1,0.678159,0.678159,4.155461,2.713360
10,4222,236.815972,420.268006,17.093257,14.419885,1,-1,-1,-1,0.678159,0.678159,4.155461,2.713360
10,4220,147.950137,117.047211,14.637507,6.776983,1,-1,-1,-1,0.678159,0.678159,4.155461,2.713360
10,4219,122.519223,130.871984,18.467832,7.736894,1,-1,-1,-1,0.678159,0.678159,4.155461,2.713360
10,4218,273.820323,449.229059,17.413351,16.793685,1,-1,-1,-1,0.678159,0.678159,4.155461,2.713360
10,4216,293.890404,467.943775,15.129633,15.820093,1,-1,-1,-1,0.678159,0.678159,4.155461,2.713360
11,4246,104.824502,84.310788,24.954144,11.150277,1,-1,-1,-1,0.847083,0.847083,7.132717,3.262201
11,4245,14.168295,364.661606,16.761828,8.733141,1,-1,-1,-1,0.847083,0.847083,7.132717,3.262201
11,4242,72.127405,69.277476,10.289110,13.567651,1,-1,-1,-1,0.780933,0.780933,6.225018,2.988460
11,4229,9.275392,116.599533,19.482745,8.671963,1,-1,-1,-1,0.672452,0.672452,3.977209,2.730355
11,4228,62.092396,184.569198,8.077613,16.101864,1,-1,-1,-1,0.672446,0.672446,3.969193,2.707841
11,4226,181.173899,394.422790,18.949931,12.515650,1,-1,-1,-1,0.676155,0.676155,4.030254,2.714065
11,4224,62.333424,214.782015,8.555836,19.688533,1,-1,-1,-1,0.672446,0.672446,3.969193,2.707841
11,4223,209.001439,406.638944,21.037028,14.263407,1,-1,-1,-1,0.674627,0.674627,4.286753,2.903801
11,4222,236.841855,420.166387,16.957229,14.288546,1,-1,-1,-1,0.672446,0.672446,3.969193,2.707841
11,4219,122.525228,130.871259,18.464545,7.737246,1,-1,-1,-1,0.672446,0.672446,3.969193,2.707841
11,4218,273.825112,449.227707,17.407777,16.788090,1,-1,-1,-1,0.672446,0.672446,3.969193,2.707841
11,4216,293.890079,467.947840,15.130291,15.820652,1,-1,-1,-1,0.672446,0.672446,3.969193,2.707841
12,4246,104.792593,84.400283,25.110483,11.168200,1,-1,-1,-1,0.780933,0.780933,6.225018,2.988460
12,4245,14.720177,363.869470,15.802567,8.132902,1,-1,-1,-1,0.780933,0.780933,6.225018,2.988460
12,4228,62.094531,184.475268,8.134423,16.114406,1,-1,-1,-1,0.668212,0.668212,3.818265,2.704905
12,4226,180.032664,393.919971,18.964219,12.464150,1,-1,-1,-1,0.670976,0.670976,3.872512,2.708216
12,4224,62.443129,214.880095,8.574647,19.699241,1,-1,-1,-1,0.668212,0.668212,3.818265,2.704905
12,4223,209.924090,407.040073,21.299438,14.728353,1,-1,-1,-1,0.668427,0.668427,3.958145,2.807722
12,4222,236.907597,420.109001,16.932550,14.193573,1,-1,-1,-1,0.668212,0.668212,3.818265,2.704905
12,4219,122.522350,130.872518,18.466907,7.741064,1,-1,-1,-1,0.668212,0.668212,3.818265,2.704905
12,4218,273.822419,449.229475,17.407966,16.788210,1,-1,-1,-1,0.668212,0.668212,3.818265,2.704905
12,4216,293.888417,467.941161,15.126899,15.817135,1,-1,-1,-1,0.668212,0.668212,3.818265,2.704905
13,4250,120.293138,381.733730,16.974876,8.936257,1,-1,-1,-1,0.847083,0.847083,7.132717,3.262201
13,4247,-13.087772,364.537387,18.724652,8.683753,1,-1,-1,-1,0.739820,0.739820,5.643614,3.065463
13,4246,104.766360,84.283555,25.094337,11.128870,1,-1,-1,-1,0.739812,0.739812,5.560040,2.851250
13,4245,15.122441,364.073051,15.655039,7.881897,1,-1,-1,-1,0.739812,0.739812,5.560040,2.851250
13,4228,62.208751,184.371922,8.059932,15.999839,1,-1,-1,-1,0.665009,0.665009,3.694582,2.703342
13,4226,180.004658,394.163692,19.242861,12.516018,1,-1,-1,-1,0.667107,0.667107,3.742165,2.705105
13,4224,62.518484,214.803145,8.500061,19.684628,1,-1,-1,-1,0.665009,0.665009,3.694582,2.703342
13,4223,209.621983,405.878078,21.132035,14.281875,1,-1,-1,-1,0.665023,0.665023,3.756375,2.757676
13,4222,236.897286,420.053420,16.884952,14.149336,1,-1,-1,-1,0.665009,0.665009,3.694582,2.703342
13,4219,122.520995,130.879039,18.468360,7.743736,1,-1,-1,-1,0.665009,0.665009,3.694582,2.703342
13,4218,273.822827,449.238270,17.411850,16.792005,1,-1,-1,-1,0.665009,0.665009,3.694582,2.703342
13,4216,293.886818,467.937710,15.120921,15.811028,1,-1,-1,-1,0.665009,0.665009,3.694582,2.703342
14,4250,120.575960,381.245589,16.420791,8.356361,1,-1,-1,-1,0.780933,0.780933,6.225018,2.988460
14,4247,-13.116924,364.270638,18.651150,8.498819,1,-1,-1,-1,0.714526,0.714526,5.071875,2.890387
14,4246,104.914585,84.314670,24.700087,11.100580,1,-1,-1,-1,0.714060,0.714060,5.062690,2.780435
14,4245,15.404225,364.061383,15.324716,7.716380,1,-1,-1,-1,0.714060,0.714060,5.062690,2.780435
14,4228,62.153285,184.428591,8.074186,15.999135,1,-1,-1,-1,0.662548,0.662548,3.592165,2.702510
14,4226,180.054348,394.536096,19.480759,12.778502,1,-1,-1,-1,0.664165,0.664165,3.633636,2.703449
14,4224,62.509770,214.666281,8.512406,19.663103,1,-1,-1,-1,0.662548,0.662548,3.592165,2.702510
14,4223,209.799831,406.911651,21.273968,14.583364,1,-1,-1,-1,0.662557,0.662557,3.619051,2.731330
14,4222,237.050287,420.105453,16.843198,14.056499,1,-1,-1,-1,0.662548,0.662548,3.592165,2.702510
14,4219,122.520852,130.872677,18.468196,7.742472,1,-1,-1,-1,0.662548,0.662548,3.592165,2.702510
14,4218,273.818762,449.250653,17.421744,16.801776,1,-1,-1,-1,0.662548,0.662548,3.592165,2.702510
14,4216,293.891725,467.948510,15.127560,15.817706,1,-1,-1,-1,0.662548,0.662548,3.592165,2.702510
15,4254,78.208464,297.292612,8.210988,15.438835,1,-1,-1,-1,0.847083,0.847083,7.132717,3.262201
15,4250,120.694091,381.240977,15.888287,8.083886,1,-1,-1,-1,0.739812,0.739812,5.560040,2.851250
15,4247,-12.797204,364.200889,18.556877,8.521171,1,-1,-1,-1,0.698056,0.698056,4.683243,2.800777
15,4246,104.944225,84.349992,24.854268,11.088615,1,-1,-1,-1,0.697349,0.697349,4.683127,2.743335
15,4245,15.137872,364.044459,15.130086,7.634099,1,-1,-1,-1,0.697349,0.697349,4.683127,2.743335
15,4242,72.395839,69.221216,10.097573,12.560342,1,-1,-1,-1,0.688211,0.688211,4.634376,2.867717
15,4229,9.239013,116.722797,19.943435,9.006023,1,-1,-1,-1,0.662625,0.662625,3.727460,2.838392
15,4228,62.148735,184.521511,8.091145,16.033107,1,-1,-1,-1,0.660633,0.660633,3.506534,2.702067
15,4226,179.880940,394.470435,19.451325,12.875999,1,-1,-1,-1,0.661894,0.661894,3.542591,2.702567
15,4224,62.422398,214.740671,8.559081,19.701352,1,-1,-1,-1,0.660633,0.660633,3.506534,2.702067
15,4223,209.506276,407.056207,21.440553,14.688747,1,-1,-1,-1,0.660646,0.660646,3.517900,2.717384
15,4222,236.727302,420.027088,16.827139,14.002663,1,-1,-1,-1,0.660633,0.660633,3.506534,2.702067
15,4219,122.518565,130.872312,18.466018,7.744519,1,-1,-1,-1,0.660633,0.660633,3.506534,2.702067
15,4218,273.819208,449.237408,17.421502,16.801517,1,-1,-1,-1,0.660633,0.660633,3.506534,2.702067
15,4216,293.890982,467.950000,15.128644,15.818770,1,-1,-1,-1,0.660633,0.660633,3.506534,2.702067
16,4254,78.325618,302.794306,8.205177,15.428454,1,-1,-1,-1,0.780933,0.780933,6.225018,2.988460
16,4250,120.883467,381.653888,15.609034,7.924145,1,-1,-1,-1,0.714060,0.714060,5.062690,2.780435
16,4247,-12.532888,363.772778,18.086513,8.328839,1,-1,-1,-1,0.686716,0.686716,4.393150,2.754031
16,4246,104.589997,84.181192,24.668026,10.991004,1,-1,-1,-1,0.686065,0.686065,4.388218,2.723746
16,4245,15.105465,364.076708,15.319729,7.698484,1,-1,-1,-1,0.686065,0.686065,4.388218,2.723746
16,4242,72.203563,69.691210,10.261507,12.922319,1,-1,-1,-1,0.678372,0.678372,4.255267,2.789008
16,4228,62.119463,184.646625,8.111572,16.079286,1,-1,-1,-1,0.659128,0.659128,3.434287,2.701831
16,4226,180.277720,394.313966,19.103499,12.756309,1,-1,-1,-1,0.660120,0.660120,3.465641,2.702097
16,4224,62.437903,214.792479,8.545372,19.741864,1,-1,-1,-1,0.659128,0.659128,3.434287,2.701831
16,4223,209.394585,407.102185,21.485176,14.882350,1,-1,-1,-1,0.659142,0.659142,3.438933,2.709981
16,4222,236.612419,420.466357,17.294052,14.550675,1,-1,-1,-1,0.659128,0.659128,3.434287,2.701831
16,4219,122.519881,130.878339,18.467466,7.746155,1,-1,-1,-1,0.659128,0.659128,3.434287,2.701831
16,4218,273.819416,449.238993,17.421313,16.801316,1,-1,-1,-1,0.659128,0.659128,3.434287,2.701831
16,4216,293.895528,467.942208,15.125966,15.816042,1,-1,-1,-1,0.659128,0.659128,3.434287,2.701831
17,4254,78.415142,307.606988,8.201547,15.419141,1,-1,-1,-1,0.739812,0.739812,5.560040,2.851250
17,4250,121.090575,381.250391,15.502803,7.716323,1,-1,-1,-1,0.697349,0.697349,4.683127,2.743335
17,4247,-12.179907,363.638627,17.755304,8.112709,1,-1,-1,-1,0.678683,0.678683,4.165985,2.729404
17,4246,104.769067,84.461525,24.813531,11.108828,1,-1,-1,-1,0.678159,0.678159,4.155461,2.713360
17,4245,15.339375,364.017330,15.107644,7.598067,1,-1,-1,-1,0.678159,0.678159,4.155461,2.713360
17,4242,72.340967,71.444588,10.103873,13.693645,1,-1,-1,-1,0.672455,0.672455,4.009160,2.747847
17,4228,62.075031,184.974114,8.112370,16.213639,1,-1,-1,-1,0.657936,0.657936,3.372813,2.701705
17,4226,180.221854,394.289777,19.014512,12.711247,1,-1,-1,-1,0.658723,0.658723,3.400126,2.701847
17,4224,62.468803,214.700946,8.529544,19.762563,1,-1,-1,-1,0.657936,0.657936,3.372813,2.701705
17,4223,209.294733,406.348482,21.387924,14.599967,1,-1,-1,-1,0.657949,0.657949,3.374706,2.706044
17,4222,236.514278,420.341701,17.297134,14.523668,1,-1,-1,-1,0.657936,0.657936,3.372813,2.701705
17,4219,122.520177,130.880333,18.468450,7.747320,1,-1,-1,-1,0.657936,0.657936,3.372813,2.701705
17,4218,273.819524,449.239602,17.421164,16.801159,1,-1,-1,-1,0.657936,0.657936,3.372813,2.701705
17,4216,293.887727,467.949462,15.130797,15.820900,1,-1,-1,-1,0.657936,0.657936,3.372813,2.701705
18,4256,66.855756,432.083984,8.321598,17.986116,1,-1,-1,-1,0.847083,0.847083,7.132717,3.262201
18,4254,78.517699,311.723598,8.199728,15.413988,1,-1,-1,-1,0.714060,0.714060,5.062690,2.780435
18,4250,120.908034,381.711109,15.456525,7.810468,1,-1,-1,-1,0.686065,0.686065,4.388218,2.723746
18,4247,-12.188807,363.459751,17.505794,7.934371,1,-1,-1,-1,0.672850,0.672850,3.983356,2.716363
18,4246,104.766890,84.490020,25.022860,11.150958,1,-1,-1,-1,0.672446,0.672446,3.969193,2.707841
18,4245,15.489542,363.764955,14.981247,7.541632,1,-1,-1,-1,0.672446,0.672446,3.969193,2.707841
18,4242,72.333954,71.917228,10.019132,14.361642,1,-1,-1,-1,0.668213,0.668213,3.833491,2.726134
18,4228,62.077251,184.572406,8.152547,16.175248,1,-1,-1,-1,0.656986,0.656986,3.320085,2.701638
18,4224,62.381815,214.702088,8.582791,19.810842,1,-1,-1,-1,0.656986,0.656986,3.320085,2.701638
18,4223,209.549648,407.762711,21.766037,15.463814,1,-1,-1,-1,0.656997,0.656997,3.320969,2.703949
18,4222,236.576102,420.100552,17.152980,14.361075,1,-1,-1,-1,0.656986,0.656986,3.320085,2.701638
18,4219,122.518370,130.874362,18.466111,7.748020,1,-1,-1,-1,0.656986,0.656986,3.320085,2.701638
18,4218,273.824539,449.231634,17.417714,16.797726,1,-1,-1,-1,0.656986,0.656986,3.320085,2.701638
18,4216,293.887292,467.941605,15.127572,15.817633,1,-1,-1,-1,0.656986,0.656986,3.320085,2.701638
19,4256,66.909101,432.007685,8.544454,18.176012,1,-1,-1,-1,0.780933,0.780933,6.225018,2.988460
19,4254,78.589938,315.127883,8.198805,15.411018,1,-1,-1,-1,0.697349,0.697349,4.683127,2.743335
19,4250,120.972350,381.512733,15.393411,7.720913,1,-1,-1,-1,0.678159,0.678159,4.155461,2.713360
19,4247,-11.974204,363.666608,17.555168,7.937602,1,-1,-1,-1,0.668521,0.668521,3.834119,2.709437
19,4246,104.725863,84.430607,25.143290,11.166192,1,-1,-1,-1,0.668212,0.668212,3.818265,2.704905
19,4245,15.237039,363.791150,15.087578,7.506180,1,-1,-1,-1,0.668212,0.668212,3.818265,2.704905
19,4242,72.238045,68.714627,10.158821,12.928796,1,-1,-1,-1,0.665015,0.665015,3.699803,2.714627
19,4228,62.082033,184.611108,8.211639,16.141926,1,-1,-1,-1,0.656225,0.656225,3.274518,2.701603
19,4224,62.496326,214.647678,8.583676,19.794890,1,-1,-1,-1,0.656225,0.656225,3.274518,2.701603
19,4222,236.631154,420.175742,17.087997,14.327635,1,-1,-1,-1,0.656225,0.656225,3.274518,2.701603
19,4219,122.518107,130.871959,18.464411,7.748534,1,-1,-1,-1,0.656225,0.656225,3.274518,2.701603
19,4218,273.822072,449.237387,17.418552,16.798552,1,-1,-1,-1,0.656225,0.656225,3.274518,2.701603
19,4216,293.889317,467.947360,15.128539,15.818598,1,-1,-1,-1,0.656225,0.656225,3.274518,2.701603
20,4256,66.877801,431.934009,8.445121,18.138531,1,-1,-1,-1,0.739812,0.739812,5.560040,2.851250
20,4254,78.645102,317.812184,8.198351,15.409276,1,-1,-1,-1,0.686065,0.686065,4.388218,2.723746
20,4250,120.921559,382.023202,15.567021,7.886712,1,-1,-1,-1,0.672446,0.672446,3.969193,2.707841
20,4247,-12.371615,363.979751,17.945978,8.159982,1,-1,-1,-1,0.665247,0.665247,3.710743,2.705755
20,4246,104.816922,84.388659,25.009885,11.151254,1,-1,-1,-1,0.665009,0.665009,3.694582,2.703342
20,4245,15.510921,363.780620,14.960901,7.459936,1,-1,-1,-1,0.665009,0.665009,3.694582,2.703342
20,4242,72.159548,70.711637,10.228757,13.668782,1,-1,-1,-1,0.662555,0.662555,3.593600,2.708515
20,4228,62.122860,184.701718,8.174816,16.104259,1,-1,-1,-1,0.655613,0.655613,3.234861,2.701584
20,4224,62.505030,214.125321,8.482711,19.291515,1,-1,-1,-1,0.655613,0.655613,3.234861,2.701584
20,4222,236.615456,420.073521,17.379363,14.452837,1,-1,-1,-1,0.655613,0.655613,3.234861,2.701584
20,4219,122.520432,130.869105,18.465511,7.746054,1,-1,-1,-1,0.655613,0.655613,3.234861,2.701584
20,4218,273.822643,449.241093,17.422386,16.802361,1,-1,-1,-1,0.655613,0.655613,3.234861,2.701584
20,4216,293.888264,467.941169,15.125994,15.816026,1,-1,-1,-1,0.655613,0.655613,3.234861,2.701584
21,4256,67.076712,432.126577,8.470619,18.110194,1,-1,-1,-1,0.714060,0.714060,5.062690,2.780435
21,4254,78.850394,319.774371,8.198536,15.411692,1,-1,-1,-1,0.678159,0.678159,4.155461,2.713360
21,4250,120.963421,381.999476,15.891201,7.998523,1,-1,-1,-1,0.668212,0.668212,3.818265,2.704905
21,4247,-11.858985,363.637065,17.658699,8.087216,1,-1,-1,-1,0.662733,0.662733,3.607786,2.703795
21,4245,15.668363,363.694143,14.935436,7.440689,1,-1,-1,-1,0.662548,0.662548,3.592165,2.702510
21,4242,72.907578,71.474367,9.425862,13.979615,1,-1,-1,-1,0.660639,0.660639,3.506752,2.705264
21,4228,62.173444,184.386436,8.312434,16.063100,1,-1,-1,-1,0.655120,0.655120,3.200116,2.701574
21,4226,178.332537,393.000716,19.625531,12.021768,1,-1,-1,-1,0.657370,0.657370,3.406270,2.835044
21,4224,62.465804,214.862116,8.627353,19.540465,1,-1,-1,-1,0.655120,0.655120,3.200116,2.701574
21,4222,236.994634,419.858682,17.171334,14.244077,1,-1,-1,-1,0.655120,0.655120,3.200116,2.701574
21,4219,122.520815,130.870256,18.466952,7.747216,1,-1,-1,-1,0.655120,0.655120,3.200116,2.701574
21,4218,274.022292,449.133009,17.345958,16.734483,1,-1,-1,-1,0.655120,0.655120,3.200116,2.701574
21,4216,294.058625,467.939251,15.124174,15.814188,1,-1,-1,-1,0.655120,0.655120,3.200116,2.701574
22,4261,10.427399,116.952790,19.564859,8.746101,1,-1,-1,-1,0.847083,0.847083,7.132717,3.262201
22,4256,67.504325,433.546489,8.620482,18.766796,1,-1,-1,-1,0.697349,0.697349,4.683127,2.743335
22,4254,79.387484,321.008572,8.202004,15.414626,1,-1,-1,-1,0.672446,0.672446,3.969193,2.707841
22,4250,120.946801,381.923315,16.255692,8.118762,1,-1,-1,-1,0.665009,0.665009,3.694582,2.703342
22,4247,-11.359552,363.453562,17.572848,7.979715,1,-1,-1,-1,0.660778,0.660778,3.521159,2.702751
22,4245,15.910837,363.999402,15.078742,7.555705,1,-1,-1,-1,0.660633,0.660633,3.506534,2.702067
22,4242,73.324191,71.146092,9.491690,14.030023,1,-1,-1,-1,0.659133,0.659133,3.434287,2.703533
22,4228,62.658571,184.253898,8.269452,15.956778,1,-1,-1,-1,0.654721,0.654721,3.169484,2.701568
22,4226,179.999444,393.373639,19.284622,11.869066,1,-1,-1,-1,0.655165,0.655165,3.281383,2.771978
22,4224,63.148594,214.665839,8.523951,19.416809,1,-1,-1,-1,0.654721,0.654721,3.169484,2.701568
22,4222,237.511146,419.918674,17.045996,14.158942,1,-1,-1,-1,0.654721,0.654721,3.169484,2.701568
22,4219,122.525470,130.870555,18.465038,7.747952,1,-1,-1,-1,0.654721,0.654721,3.169484,2.701568
22,4218,274.516399,449.202698,17.363477,16.749696,1,-1,-1,-1,0.654721,0.654721,3.169484,2.701568
22,4216,294.557065,467.940529,15.126030,15.816054,1,-1,-1,-1,0.654721,0.654721,3.169484,2.701568
23,4261,11.432038,116.939481,19.705555,8.889434,1,-1,-1,-1,0.780933,0.780933,6.225018,2.988460
23,4256,68.293100,433.354778,8.708217,18.972153,1,-1,-1,-1,0.686065,0.686065,4.388218,2.723746
23,4254,80.267809,321.522880,8.201135,15.415465,1,-1,-1,-1,0.668212,0.668212,3.818265,2.704905
23,4250,120.707389,381.480715,16.226931,7.973663,1,-1,-1,-1,0.662548,0.662548,3.592165,2.702510
23,4247,-10.299169,363.629961,17.237617,7.894354,1,-1,-1,-1,0.659243,0.659243,3.447713,2.702195
23,4245,16.682642,363.878795,15.079707,7.579775,1,-1,-1,-1,0.659128,0.659128,3.434287,2.701831
23,4228,63.464227,184.775765,8.269784,16.115727,1,-1,-1,-1,0.654397,0.654397,3.142321,2.701565
23,4226,180.102465,393.963159,19.850225,12.120301,1,-1,-1,-1,0.654616,0.654616,3.205646,2.738879
23,4224,63.949585,215.073749,8.654703,19.668629,1,-1,-1,-1,0.654397,0.654397,3.142321,2.701565
23,4222,238.095798,420.274390,17.185769,14.255251,1,-1,-1,-1,0.654397,0.654397,3.142321,2.701565
23,4219,122.524908,130.868643,18.468963,7.745752,1,-1,-1,-1,0.654397,0.654397,3.142321,2.701565
23,4218,275.368558,449.236875,17.379510,16.766720,1,-1,-1,-1,0.654397,0.654397,3.142321,2.701565
23,4216,295.416815,467.939020,15.124225,15.814234,1,-1,-1,-1,0.654397,0.654397,3.142321,2.701565
24,4256,69.653279,433.548027,8.636640,19.076285,1,-1,-1,-1,0.678159,0.678159,4.155461,2.713360
24,4254,81.526735,321.571189,8.200538,15.416145,1,-1,-1,-1,0.665009,0.665009,3.694582,2.703342
24,4250,120.703180,381.314637,16.134754,7.901090,1,-1,-1,-1,0.660633,0.660633,3.506534,2.702067
24,4247,-8.722620,363.743575,16.962607,7.818808,1,-1,-1,-1,0.658027,0.658027,3.384991,2.701899
24,4245,17.869575,363.942229,15.097603,7.590023,1,-1,-1,-1,0.657936,0.657936,3.372813,2.701705
24,4228,64.927073,184.577825,8.100886,15.993109,1,-1,-1,-1,0.654134,0.654134,3.118101,2.701564
24,4226,180.583583,393.281991,20.147085,11.830374,1,-1,-1,-1,0.654312,0.654312,3.155869,2.721386
24,4224,65.206345,214.457572,8.525105,19.487062,1,-1,-1,-1,0.654134,0.654134,3.118101,2.701564
24,4222,239.236125,420.521018,17.193801,14.357364,1,-1,-1,-1,0.654134,0.654134,3.118101,2.701564
24,4219,122.519018,130.876622,18.475244,7.747151,1,-1,-1,-1,0.654134,0.654134,3.118101,2.701564
24,4218,276.613071,449.236932,17.387700,16.772965,1,-1,-1,-1,0.654134,0.654134,3.118101,2.701564
24,4216,296.664021,467.947016,15.126036,15.816054,1,-1,-1,-1,0.654134,0.654134,3.118101,2.701564
25,4254,82.253964,321.176140,8.164340,15.391847,1,-1,-1,-1,0.662548,0.662548,3.592165,2.702510
25,4250,119.620679,381.131303,16.073060,7.842993,1,-1,-1,-1,0.659128,0.659128,3.434287,2.701831
25,4247,-8.349699,362.892291,16.948550,7.735688,1,-1,-1,-1,0.657059,0.657059,3.331056,2.701742
25,4245,18.347605,363.261566,15.065080,7.559796,1,-1,-1,-1,0.656986,0.656986,3.320085,2.701638
25,4228,66.271784,184.675150,8.118720,16.208059,1,-1,-1,-1,0.653921,0.653921,3.096395,2.701563
25,4226,180.662369,394.041425,19.795114,12.147641,1,-1,-1,-1,0.654073,0.654073,3.120445,2.712106
25,4224,66.502894,214.037773,8.386849,19.293271,1,-1,-1,-1,0.653921,0.653921,3.096395,2.701563
25,4222,239.424338,420.787814,17.216340,14.375473,1,-1,-1,-1,0.653921,0.653921,3.096395,2.701563
25,4219,122.520890,130.869280,18.475938,7.742262,1,-1,-1,-1,0.653921,0.653921,3.096395,2.701563
25,4218,276.690327,449.981416,17.383512,16.796945,1,-1,-1,-1,0.653921,0.653921,3.096395,2.701563
25,4216,296.652317,468.766491,15.116312,15.825206,1,-1,-1,-1,0.653921,0.653921,3.096395,2.701563
26,4257,147.535050,384.911700,19.197616,9.174656,1,-1,-1,-1,0.678305,0.678305,4.287119,2.891171
26,4254,82.075560,320.354886,8.087674,15.339463,1,-1,-1,-1,0.660633,0.660633,3.506534,2.702067
26,4250,116.637024,380.809086,16.182991,7.923986,1,-1,-1,-1,0.657936,0.657936,3.372813,2.701705
26,4247,-8.667483,361.221458,16.607587,7.663915,1,-1,-1,-1,0.656284,0.656284,3.284365,2.701658
26,4245,17.621433,362.084290,15.109819,7.586868,1,-1,-1,-1,0.656225,0.656225,3.274518,2.701603
26,4242,80.910557,71.403848,8.416521,14.965058,1,-1,-1,-1,0.657541,0.657541,3.427437,2.835243
26,4228,67.560638,184.195509,8.052036,16.510068,1,-1,-1,-1,0.653747,0.653747,3.076849,2.701563
26,4226,178.732089,394.203707,19.848685,12.006368,1,-1,-1,-1,0.653874,0.653874,3.093357,2.707174
26,4224,67.511945,213.502311,8.556345,19.407113,1,-1,-1,-1,0.653747,0.653747,3.076849,2.701563
26,4222,238.063926,422.245079,17.138482,14.400157,1,-1,-1,-1,0.653747,0.653747,3.076849,2.701563
26,4219,122.518112,130.877444,18.483169,7.744658,1,-1,-1,-1,0.653747,0.653747,3.076849,2.701563
26,4218,274.941400,451.761938,17.353517,16.841127,1,-1,-1,-1,0.653747,0.653747,3.076849,2.701563
26,4216,294.675049,470.740610,15.081425,15.847083,1,-1,-1,-1,0.653747,0.653747,3.076849,2.701563
27,4266,207.733776,410.249315,21.872076,15.142071,1,-1,-1,-1,0.808479,0.808479,6.225062,3.298778
27,4257,143.581902,385.650641,19.500591,9.656465,1,-1,-1,-1,0.671236,0.671236,3.983944,2.801183
27,4254,81.413743,319.430851,8.119278,15.366443,1,-1,-1,-1,0.659128,0.659128,3.434287,2.701831
27,4250,112.769987,380.998860,16.391579,8.256528,1,-1,-1,-1,0.656986,0.656986,3.320085,2.701638
27,4247,-10.336983,359.251972,16.838527,7.734051,1,-1,-1,-1,0.655660,0.655660,3.243686,2.701613
27,4245,16.130940,360.328250,15.136062,7.670202,1,-1,-1,-1,0.655613,0.655613,3.234861,2.701584
27,4228,69.342832,182.811746,7.911401,16.489996,1,-1,-1,-1,0.653605,0.653605,3.059169,2.701562
27,4226,175.935230,395.027030,19.788204,12.141681,1,-1,-1,-1,0.653710,0.653710,3.071393,2.704550
27,4224,68.729067,212.666484,8.640714,19.532474,1,-1,-1,-1,0.653605,0.653605,3.059169,2.701562
27,4222,235.925196,423.970715,17.056284,14.422689,1,-1,-1,-1,0.653605,0.653605,3.059169,2.701562
27,4219,122.513986,130.880176,18.485501,7.746305,1,-1,-1,-1,0.653605,0.653605,3.059169,2.701562
27,4218,272.193365,454.164296,17.305531,16.911307,1,-1,-1,-1,0.653605,0.653605,3.059169,2.701562
27,4216,291.619805,473.384811,15.016390,15.871787,1,-1,-1,-1,0.653605,0.653605,3.059169,2.701562
28,4266,204.373489,411.499673,21.496091,14.993191,1,-1,-1,-1,0.761768,0.761768,5.587838,3.006395
28,4256,62.700757,430.357038,8.684880,19.561791,1,-1,-1,-1,0.664553,0.664553,3.820431,2.836399
28,4254,80.500428,318.418129,8.232638,15.447481,1,-1,-1,-1,0.657936,0.657936,3.372813,2.701705
28,4250,107.786404,380.510979,16.508172,8.560729,1,-1,-1,-1,0.656225,0.656225,3.274518,2.701603
28,4247,-12.468058,357.042637,17.306645,8.011830,1,-1,-1,-1,0.655158,0.655158,3.208028,2.701589
28,4245,14.371990,358.392924,15.280458,7.835722,1,-1,-1,-1,0.655120,0.655120,3.200116,2.701574
28,4228,71.154161,181.338050,7.875643,16.480206,1,-1,-1,-1,0.653490,0.653490,3.043111,2.701562
28,4226,174.011476,396.230806,19.883565,12.439861,1,-1,-1,-1,0.653576,0.653576,3.052791,2.703154
28,4224,69.773637,211.359602,8.569939,19.517020,1,-1,-1,-1,0.653490,0.653490,3.043111,2.701562
28,4222,232.902980,426.245007,17.356940,14.730907,1,-1,-1,-1,0.653490,0.653490,3.043111,2.701562
28,4219,122.514895,130.874451,18.481425,7.747349,1,-1,-1,-1,0.653490,0.653490,3.043111,2.701562
28,4218,268.788643,456.973532,17.232592,16.996716,1,-1,-1,-1,0.653490,0.653490,3.043111,2.701562
28,4216,287.843747,476.490597,14.932952,15.907393,1,-1,-1,-1,0.653490,0.653490,3.043111,2.701562
29,4256,59.282289,428.598054,8.935500,19.691760,1,-1,-1,-1,0.660829,0.660829,3.618339,2.772686
29,4254,79.409829,317.338951,8.412400,15.567847,1,-1,-1,-1,0.656986,0.656986,3.320085,2.701638
29,4250,102.077499,380.047986,16.523063,8.979283,1,-1,-1,-1,0.655613,0.655613,3.234861,2.701584
29,4247,-14.549515,354.243591,17.481042,8.198882,1,-1,-1,-1,0.654751,0.654751,3.176586,2.701577
29,4245,12.411467,356.193845,15.392991,8.048312,1,-1,-1,-1,0.654721,0.654721,3.169484,2.701568
29,4228,73.179593,179.857821,7.916689,16.400967,1,-1,-1,-1,0.653396,0.653396,3.028469,2.701562
29,4226,170.417603,398.066169,20.087625,13.073443,1,-1,-1,-1,0.653466,0.653466,3.036551,2.702410
29,4224,71.160593,209.636527,8.600339,19.451484,1,-1,-1,-1,0.653396,0.653396,3.028469,2.701562
29,4222,229.307413,428.722776,17.438388,14.982464,1,-1,-1,-1,0.653396,0.653396,3.028469,2.701562
29,4219,122.520849,130.870279,18.475195,7.745179,1,-1,-1,-1,0.653396,0.653396,3.028469,2.701562
29,4218,264.822699,460.123696,17.132817,17.092691,1,-1,-1,-1,0.653396,0.653396,3.028469,2.701562
30,4270,98.583598,67.378215,8.937265,16.595755,1,-1,-1,-1,0.847083,0.847083,7.132717,3.262201
30,4256,55.301828,427.313703,9.292298,20.009412,1,-1,-1,-1,0.659135,0.659135,3.489683,2.739252
30,4254,78.169381,316.203666,8.653946,15.721266,1,-1,-1,-1,0.656225,0.656225,3.274518,2.701603
30,4250,96.243048,379.565335,16.861905,9.605231,1,-1,-1,-1,0.655120,0.655120,3.200116,2.701574
30,4247,-16.276926,351.070439,17.338012,8.423442,1,-1,-1,-1,0.654422,0.654422,3.148709,2.701570
30,4245,10.192260,353.710439,15.509835,8.291579,1,-1,-1,-1,0.654397,0.654397,3.142321,2.701565
30,4228,75.198257,178.609448,7.998157,16.343872,1,-1,-1,-1,0.653319,0.653319,3.015070,2.701562
30,4226,165.589443,396.995667,20.018732,12.634472,1,-1,-1,-1,0.653376,0.653376,3.022078,2.702014
30,4224,72.379683,208.599521,8.848919,19.555314,1,-1,-1,-1,0.653319,0.653319,3.015070,2.701562
30,4222,225.252189,431.117796,17.363805,15.153831,1,-1,-1,-1,0.653319,0.653319,3.015070,2.701562
30,4219,122.524181,130.869071,18.470685,7.743610,1,-1,-1,-1,0.653319,0.653319,3.015070,2.701562
30,4218,260.284368,463.611348,17.010820,17.199070,1,-1,-1,-1,0.653319,0.653319,3.015070,2.701562
31,4270,104.216005,67.087791,9.261474,17.406400,1,-1,-1,-1,0.780933,0.780933,6.225018,2.988460
31,4228,77.035834,176.960429,8.326374,16.534047,1,-1,-1,-1,0.653256,0.653256,3.002767,2.701562
31,4226,158.326583,398.199419,20.076404,12.676536,1,-1,-1,-1,0.653303,0.653303,3.009001,2.701803
31,4224,73.265345,207.519542,9.192227,19.905353,1,-1,-1,-1,0.653256,0.653256,3.002767,2.701562
31,4219,122.529066,130.868958,18.461718,7.742352,1,-1,-1,-1,0.653256,0.653256,3.002767,2.701562
32,4228,77.731031,174.276873,9.046346,17.164715,1,-1,-1,-1,0.653205,0.653205,2.991436,2.701562
32,4224,71.980530,203.393190,10.102453,20.115136,1,-1,-1,-1,0.653205,0.653205,2.991436,2.701562
32,4219,122.527942,130.860738,18.457721,7.738664,1,-1,-1,-1,0.653205,0.653205,2.991436,2.701562
33,4228,78.099208,169.864991,10.135782,17.565776,1,-1,-1,-1,0.653163,0.653163,2.980969,2.701562
33,4224,70.173616,198.231393,11.136857,20.426470,1,-1,-1,-1,0.653163,0.653163,2.980969,2.701562
33,4219,122.531880,130.858226,18.460530,7.736107,1,-1,-1,-1,0.653163,0.653163,2.980969,2.701562
34,4228,79.064663,165.411956,11.333507,18.062791,1,-1,-1,-1,0.653129,0.653129,2.971273,2.701562
34,4224,68.433568,192.865580,12.247014,20.545247,1,-1,-1,-1,0.653129,0.653129,2.971273,2.701562
34,4219,122.528183,130.864267,18.465437,7.734307,1,-1,-1,-1,0.653129,0.653129,2.971273,2.701562
35,4219,122.511099,130.893619,18.498634,7.744902,1,-1,-1,-1,0.653101,0.653101,2.962268,2.701562
36,4219,122.502675,130.890004,18.508566,7.752286,1,-1,-1,-1,0.653078,0.653078,2.953887,2.701562
37,4219,122.514329,130.873566,18.489157,7.745898,1,-1,-1,-1,0.653059,0.653059,2.946067,2.701562
38,4326,88.044219,127.564821,18.664123,16.664775,1,-1,-1,-1,0.847083,0.847083,7.132717,3.262201
38,4219,122.520059,130.876635,18.492241,7.744368,1,-1,-1,-1,0.653044,0.653044,2.938756,2.701562
39,4326,96.033899,121.255516,17.950926,14.619681,1,-1,-1,-1,0.780933,0.780933,6.225018,2.988460
39,4219,122.513475,130.893809,18.504375,7.757471,1,-1,-1,-1,0.653031,0.653031,2.931907,2.701562
40,4326,104.305146,116.728103,17.228498,12.158869,1,-1,-1,-1,0.739812,0.739812,5.560040,2.851250
40,4219,122.514292,130.875841,18.489243,7.752568,1,-1,-1,-1,0.653021,0.653021,2.925479,2.701562
41,4219,122.509747,130.869758,18.486660,7.749134,1,-1,-1,-1,0.653013,0.653013,2.919436,2.701562
42,4219,122.501260,130.896784,18.505750,7.760989,1,-1,-1,-1,0.653006,0.653006,2.913746,2.701562
43,4219,122.500759,130.886398,18.507587,7.761011,1,-1,-1,-1,0.653000,0.653000,2.908379,2.701562
44,4219,122.496414,130.923404,18.516620,7.783463,1,-1,-1,-1,0.652996,0.652996,2.903309,2.701562
45,4426,114.649647,117.162116,18.455342,8.300203,1,-1,-1,-1,0.847083,0.847083,7.132717,3.262201
45,4419,-140.182326,347.452716,15.775997,15.010483,1,-1,-1,-1,0.847083,0.847083,7.132717,3.262201
45,4418,9.360619,130.927019,15.283790,7.900589,1,-1,-1,-1,0.847083,0.847083,7.132717,3.262201
45,4417,-118.588264,326.713054,16.627111,17.332123,1,-1,-1,-1,0.847083,0.847083,7.132717,3.262201
45,4219,122.512109,130.890662,18.498443,7.774343,1,-1,-1,-1,0.652992,0.652992,2.898514,2.701562
46,4426,123.040652,117.728732,19.203179,8.830309,1,-1,-1,-1,0.780933,0.780933,6.225018,2.988460
46,4419,-131.444478,346.610720,15.757085,15.014351,1,-1,-1,-1,0.780933,0.780933,6.225018,2.988460
46,4418,17.466990,130.848930,15.287391,7.902860,1,-1,-1,-1,0.780933,0.780933,6.225018,2.988460
46,4417,-109.531801,325.356942,16.625029,17.388353,1,-1,-1,-1,0.780933,0.780933,6.225018,2.988460
46,4219,122.510648,130.898401,18.480261,7.775996,1,-1,-1,-1,0.652989,0.652989,2.893973,2.701562
47,4426,130.774468,117.282955,19.312544,8.689325,1,-1,-1,-1,0.739812,0.739812,5.560040,2.851250
47,4419,-122.682027,346.060983,15.744799,15.036885,1,-1,-1,-1,0.739812,0.739812,5.560040,2.851250
47,4418,25.192198,130.928176,15.277481,7.898108,1,-1,-1,-1,0.739812,0.739812,5.560040,2.851250
47,4417,-100.442974,324.193584,16.589833,17.422983,1,-1,-1,-1,0.739812,0.739812,5.560040,2.851250
47,4219,122.527903,130.863595,18.476926,7.760558,1,-1,-1,-1,0.652986,0.652986,2.889667,2.701562
48,4426,137.827379,117.806657,19.610529,8.990446,1,-1,-1,-1,0.714060,0.714060,5.062690,2.780435
48,4419,-114.601659,345.020445,15.746710,15.076561,1,-1,-1,-1,0.714060,0.714060,5.062690,2.780435
48,4418,32.440418,130.872441,15.269969,7.898700,1,-1,-1,-1,0.714060,0.714060,5.062690,2.780435
48,4417,-91.988991,322.504675,16.545487,17.452133,1,-1,-1,-1,0.714060,0.714060,5.062690,2.780435
48,4219,122.523438,130.880083,18.478103,7.760553,1,-1,-1,-1,0.652984,0.652984,2.885579,2.701562
49,4426,144.284887,117.578813,19.279908,8.866848,1,-1,-1,-1,0.697349,0.697349,4.683127,2.743335
49,4419,-106.546479,344.177200,15.716428,15.098279,1,-1,-1,-1,0.697349,0.697349,4.683127,2.743335
49,4418,39.205605,130.928343,15.259241,7.895018,1,-1,-1,-1,0.697349,0.697349,4.683127,2.743335
49,4417,-83.603460,320.937877,16.466970,17.460943,1,-1,-1,-1,0.697349,0.697349,4.683127,2.743335
49,4219,122.517168,130.867698,18.481130,7.752193,1,-1,-1,-1,0.652983,0.652983,2.881694,2.701562
50,4426,150.639628,117.004941,18.979054,8.539473,1,-1,-1,-1,0.686065,0.686065,4.388218,2.723746
50,4419,-98.958110,343.117114,15.711719,15.154829,1,-1,-1,-1,0.686065,0.686065,4.388218,2.723746
50,4418,45.488483,130.948844,15.259514,7.893684,1,-1,-1,-1,0.686065,0.686065,4.388218,2.723746
50,4417,-75.681851,319.144225,16.404928,17.502634,1,-1,-1,-1,0.686065,0.686065,4.388218,2.723746
50,4219,122.517789,130.881235,18.489323,7.751765,1,-1,-1,-1,0.652981,0.652981,2.877997,2.701562
51,4426,156.754854,116.848192,19.076323,8.420299,1,-1,-1,-1,0.678159,0.678159,4.155461,2.713360
51,4419,-91.743751,341.842744,15.710806,15.217217,1,-1,-1,-1,0.678159,0.678159,4.155461,2.713360
51,4418,51.310241,130.928291,15.248074,7.888197,1,-1,-1,-1,0.678159,0.678159,4.155461,2.713360
51,4417,-68.136183,317.017324,16.288675,17.498640,1,-1,-1,-1,0.678159,0.678159,4.155461,2.713360
51,4219,122.513593,130.890184,18.501290,7.757100,1,-1,-1,-1,0.652980,0.652980,2.874476,2.701562
52,4482,-57.646599,116.982817,19.487501,8.299298,1,-1,-1,-1,0.847083,0.847083,7.132717,3.262201
52,4476,-24.018964,142.309607,18.990246,20.746394,1,-1,-1,-1,0.847083,0.847083,7.132717,3.262201
52,4426,162.079178,116.778284,19.086970,8.244768,1,-1,-1,-1,0.672446,0.672446,3.969193,2.707841
52,4419,-84.783026,340.445041,15.681069,15.258258,1,-1,-1,-1,0.672446,0.672446,3.969193,2.707841
52,4418,56.683051,130.931301,15.241540,7.878297,1,-1,-1,-1,0.672446,0.672446,3.969193,2.707841
52,4417,-60.913902,314.847368,16.200651,17.540779,1,-1,-1,-1,0.672446,0.672446,3.969193,2.707841
52,4219,122.513653,130.892608,18.515560,7.761053,1,-1,-1,-1,0.652979,0.652979,2.871119,2.701562
53,4482,-52.887220,117.014072,19.550223,8.254184,1,-1,-1,-1,0.780933,0.780933,6.225018,2.988460
53,4476,-23.687920,137.569207,19.608699,18.351171,1,-1,-1,-1,0.780933,0.780933,6.225018,2.988460
53,4426,166.890993,117.274663,19.224856,8.424753,1,-1,-1,-1,0.668212,0.668212,3.818265,2.704905
53,4419,-78.170107,338.908561,15.652244,15.305238,1,-1,-1,-1,0.668212,0.668212,3.818265,2.704905
53,4418,61.606577,130.948917,15.242025,7.875119,1,-1,-1,-1,0.668212,0.668212,3.818265,2.704905
53,4417,-54.064783,312.465176,16.094786,17.575173,1,-1,-1,-1,0.668212,0.668212,3.818265,2.704905
53,4219,122.503973,130.874207,18.514215,7.755421,1,-1,-1,-1,0.652978,0.652978,2.867916,2.701562
54,4482,-48.397794,117.370442,19.759400,8.397803,1,-1,-1,-1,0.739812,0.739812,5.560040,2.851250
54,4476,-24.974421,134.457278,19.844925,16.507623,1,-1,-1,-1,0.739812,0.739812,5.560040,2.851250
54,4426,171.381221,117.020711,18.641277,8.232081,1,-1,-1,-1,0.665009,0.665009,3.694582,2.703342
54,4419,-71.751761,337.283657,15.592332,15.335937,1,-1,-1,-1,0.665009,0.665009,3.694582,2.703342
54,4418,66.105540,130.984467,15.240394,7.875878,1,-1,-1,-1,0.665009,0.665009,3.694582,2.703342
54,4417,-47.458770,310.016889,16.003742,17.637395,1,-1,-1,-1,0.665009,0.665009,3.694582,2.703342
54,4219,122.490251,130.869867,18.546816,7.754502,1,-1,-1,-1,0.652978,0.652978,2.864857,2.701562
55,4482,-44.051608,117.297680,19.748927,8.509315,1,-1,-1,-1,0.714060,0.714060,5.062690,2.780435
55,4426,175.983872,117.347726,18.774979,8.304288,1,-1,-1,-1,0.662548,0.662548,3.592165,2.702510
55,4419,-65.832890,335.398218,15.582616,15.418544,1,-1,-1,-1,0.662548,0.662548,3.592165,2.702510
55,4418,70.204244,130.957680,15.242444,7.876710,1,-1,-1,-1,0.662548,0.662548,3.592165,2.702510
55,4417,-41.329481,307.193591,15.899594,17.690626,1,-1,-1,-1,0.662548,0.662548,3.592165,2.702510
55,4219,122.494222,130.868518,18.553881,7.753619,1,-1,-1,-1,0.652977,0.652977,2.861934,2.701562
56,4510,76.024933,116.989674,20.243051,8.198850,1,-1,-1,-1,0.847083,0.847083,7.132717,3.262201
56,4482,-39.925391,117.155915,19.283211,8.328086,1,-1,-1,-1,0.697349,0.697349,4.683127,2.743335
56,4426,179.173205,117.004534,18.145969,8.077006,1,-1,-1,-1,0.660633,0.660633,3.506534,2.702067
56,4419,-60.148729,333.392589,15.571519,15.507139,1,-1,-1,-1,0.660633,0.660633,3.506534,2.702067
56,4418,73.909279,130.957114,15.254825,7.884154,1,-1,-1,-1,0.660633,0.660633,3.506534,2.702067
56,4417,-35.483639,304.263892,15.813390,17.780850,1,-1,-1,-1,0.660633,0.660633,3.506534,2.702067
56,4219,122.564605,130.833126,18.477544,7.738234,1,-1,-1,-1,0.652977,0.652977,2.859137,2.701562
57,4510,83.542510,117.173117,19.773162,8.242683,1,-1,-1,-1,0.780933,0.780933,6.225018,2.988460
57,4482,-36.626161,117.214210,19.261909,8.329195,1,-1,-1,-1,0.686065,0.686065,4.388218,2.723746
57,4426,182.880919,117.450036,18.478668,8.313143,1,-1,-1,-1,0.659128,0.659128,3.434287,2.701831
57,4419,-54.680009,331.170788,15.521421,15.565333,1,-1,-1,-1,0.659128,0.659128,3.434287,2.701831
57,4418,77.238259,130.952308,15.255860,7.882844,1,-1,-1,-1,0.659128,0.659128,3.434287,2.701831
57,4417,-29.921894,301.046572,15.678698,17.823092,1,-1,-1,-1,0.659128,0.659128,3.434287,2.701831
57,4219,122.533311,130.867891,18.492621,7.747188,1,-1,-1,-1,0.652977,0.652977,2.856459,2.701562
58,4521,36.671786,48.819735,7.597563,16.898994,1,-1,-1,-1,0.847083,0.847083,7.132717,3.262201
58,4519,36.039088,73.529779,7.650268,15.141712,1,-1,-1,-1,0.847083,0.847083,7.132717,3.262201
58,4482,-33.512627,117.107839,19.014777,8.204753,1,-1,-1,-1,0.678159,0.678159,4.155461,2.713360
58,4426,186.013496,117.606985,18.861982,8.498907,1,-1,-1,-1,0.657936,0.657936,3.372813,2.701705
58,4419,-49.418608,328.764290,15.455180,15.615993,1,-1,-1,-1,0.657936,0.657936,3.372813,2.701705
58,4418,80.215833,130.957330,15.253616,7.881734,1,-1,-1,-1,0.657936,0.657936,3.372813,2.701705
58,4417,-24.616320,297.635028,15.525741,17.857878,1,-1,-1,-1,0.657936,0.657936,3.372813,2.701705
58,4219,122.530117,130.861074,18.480799,7.745119,1,-1,-1,-1,0.652976,0.652976,2.853893,2.701562
59,4521,39.398142,48.395835,7.603787,16.687494,1,-1,-1,-1,0.780933,0.780933,6.225018,2.988460
59,4519,38.829294,73.516943,7.702574,15.221657,1,-1,-1,-1,0.780933,0.780933,6.225018,2.988460
59,4482,-30.911214,117.070531,18.994344,8.201779,1,-1,-1,-1,0.672446,0.672446,3.969193,2.707841
59,4426,188.614688,117.430409,18.892796,8.402058,1,-1,-1,-1,0.656986,0.656986,3.320085,2.701638
59,4419,-44.511255,326.094764,15.384710,15.671201,1,-1,-1,-1,0.656986,0.656986,3.320085,2.701638
59,4418,82.855346,130.942972,15.262292,7.887467,1,-1,-1,-1,0.656986,0.656986,3.320085,2.701638
59,4417,-19.683736,293.944855,15.363974,17.896978,1,-1,-1,-1,0.656986,0.656986,3.320085,2.701638
59,4219,122.525013,130.885928,18.484038,7.754831,1,-1,-1,-1,0.652976,0.652976,2.851434,2.701562
60,4528,151.162960,117.297078,17.534553,8.723851,1,-1,-1,-1,0.847083,0.847083,7.132717,3.262201
60,4521,41.961639,48.724397,7.649742,16.987876,1,-1,-1,-1,0.739812,0.739812,5.560040,2.851250
60,4519,41.160500,73.318103,7.806880,15.318920,1,-1,-1,-1,0.739812,0.739812,5.560040,2.851250
60,4482,-28.800393,117.077205,19.043688,8.221035,1,-1,-1,-1,0.668212,0.668212,3.818265,2.704905
60,4419,-39.799724,323.230785,15.301028,15.717144,1,-1,-1,-1,0.656225,0.656225,3.274518,2.701603
60,4418,85.178799,130.925302,15.265972,7.894370,1,-1,-1,-1,0.656225,0.656225,3.274518,2.701603
60,4417,-15.018339,290.076746,15.186201,17.929643,1,-1,-1,-1,0.656225,0.656225,3.274518,2.701603
60,4219,122.514997,130.895506,18.494882,7.764788,1,-1,-1,-1,0.652976,0.652976,2.849075,2.701562
61,4532,21.593351,188.427353,9.230001,16.830247,1,-1,-1,-1,0.847083,0.847083,7.132717,3.262201
61,4521,44.185123,48.462522,7.470997,16.570769,1,-1,-1,-1,0.714060,0.714060,5.062690,2.780435
61,4519,43.280827,73.326469,7.714237,15.203213,1,-1,-1,-1,0.714060,0.714060,5.062690,2.780435
61,4482,-26.485015,116.856699,18.701771,8.070385,1,-1,-1,-1,0.665009,0.665009,3.694582,2.703342
61,4419,-35.115216,320.399660,15.205463,15.759314,1,-1,-1,-1,0.655613,0.655613,3.234861,2.701584
61,4418,87.219137,130.935339,15.267943,7.896347,1,-1,-1,-1,0.655613,0.655613,3.234861,2.701584
61,4417,-10.477270,286.231337,15.006879,17.967706,1,-1,-1,-1,0.655613,0.655613,3.234861,2.701584
61,4219,122.511991,130.907551,18.517008,7.777756,1,-1,-1,-1,0.652976,0.652976,2.846809,2.701562
62,4532,24.034324,182.452991,9.102716,16.581374,1,-1,-1,-1,0.780933,0.780933,6.225018,2.988460
62,4521,45.919960,48.454184,7.559821,16.630124,1,-1,-1,-1,0.697349,0.697349,4.683127,2.743335
62,4519,44.958050,73.429674,7.764358,15.266037,1,-1,-1,-1,0.697349,0.697349,4.683127,2.743335
62,4482,-24.502927,116.955189,18.602955,8.057621,1,-1,-1,-1,0.662548,0.662548,3.592165,2.702510
62,4419,-30.697466,317.462035,15.121321,15.823770,1,-1,-1,-1,0.655120,0.655120,3.200116,2.701574
62,4418,89.006574,130.953679,15.272741,7.900830,1,-1,-1,-1,0.655120,0.655120,3.200116,2.701574
62,4417,-6.250619,282.209981,14.801263,17.987139,1,-1,-1,-1,0.655120,0.655120,3.200116,2.701574
62,4219,122.500391,130.918176,18.533270,7.789965,1,-1,-1,-1,0.652976,0.652976,2.844634,2.701562
63,4534,116.260975,117.218549,18.803406,7.813576,1,-1,-1,-1,0.847083,0.847083,7.132717,3.262201
63,4532,26.603430,175.939293,8.408170,15.826139,1,-1,-1,-1,0.739812,0.739812,5.560040,2.851250
63,4521,47.335394,48.506663,7.579739,16.685746,1,-1,-1,-1,0.686065,0.686065,4.388218,2.723746
63,4519,46.538947,73.610823,7.824423,15.428805,1,-1,-1,-1,0.686065,0.686065,4.388218,2.723746
63,4419,-26.528677,314.270277,15.003520,15.860608,1,-1,-1,-1,0.654721,0.654721,3.169484,2.701568
63,4418,90.547106,130.958109,15.272712,7.900974,1,-1,-1,-1,0.654721,0.654721,3.169484,2.701568
63,4417,-2.342135,278.046771,14.587024,18.008575,1,-1,-1,-1,0.654721,0.654721,3.169484,2.701568
63,4219,122.491293,130.926486,18.542291,7.798822,1,-1,-1,-1,0.652976,0.652976,2.842542,2.701562
64,4532,28.545178,170.038842,7.974357,15.328095,1,-1,-1,-1,0.714060,0.714060,5.062690,2.780435
64,4531,49.341110,124.435374,20.832886,18.000990,1,-1,-1,-1,0.715357,0.715357,5.235760,2.953529
64,4528,158.745942,117.641185,19.010989,8.837342,1,-1,-1,-1,0.699331,0.699331,4.906799,2.897002
64,4521,48.745086,48.764526,7.588535,16.790453,1,-1,-1,-1,0.678159,0.678159,4.155461,2.713360
64,4519,47.882786,73.592018,7.857122,15.474720,1,-1,-1,-1,0.678159,0.678159,4.155461,2.713360
64,4419,-22.579363,310.973325,14.874818,15.893195,1,-1,-1,-1,0.654397,0.654397,3.142321,2.701565
64,4418,91.868320,130.959706,15.272655,7.901060,1,-1,-1,-1,0.654397,0.654397,3.142321,2.701565
64,4417,1.281993,273.763528,14.372758,18.035099,1,-1,-1,-1,0.654397,0.654397,3.142321,2.701565
64,4219,122.497707,130.907459,18.525992,7.793963,1,-1,-1,-1,0.652975,0.652975,2.840531,2.701562
65,4532,30.121719,163.841511,8.057972,15.341053,1,-1,-1,-1,0.697349,0.697349,4.683127,2.743335
65,4531,54.496685,122.235550,21.312498,16.465734,1,-1,-1,-1,0.697378,0.697378,4.731599,2.833354
65,4528,160.248549,117.790011,19.369927,9.093619,1,-1,-1,-1,0.686227,0.686227,4.468642,2.804203
65,4521,49.830472,48.985241,7.723327,17.293445,1,-1,-1,-1,0.672446,0.672446,3.969193,2.707841
65,4519,49.062083,73.567512,7.911383,15.517330,1,-1,-1,-1,0.672446,0.672446,3.969193,2.707841
65,4426,198.039128,117.116138,18.305142,8.208962,1,-1,-1,-1,0.656096,0.656096,3.371239,2.890297
65,4419,-18.826642,307.563450,14.766318,15.947777,1,-1,-1,-1,0.654134,0.654134,3.118101,2.701564
65,4418,92.978018,130.960237,15.272580,7.901106,1,-1,-1,-1,0.654134,0.654134,3.118101,2.701564
65,4417,4.678704,269.308733,14.152160,18.056432,1,-1,-1,-1,0.654134,0.654134,3.118101,2.701564
65,4219,122.490031,130.899058,18.513936,7.787642,1,-1,-1,-1,0.652975,0.652975,2.838596,2.701562
66,4532,31.580366,157.476498,7.944206,15.227591,1,-1,-1,-1,0.686065,0.686065,4.388218,2.723746
66,4531,59.519086,120.481562,21.581963,15.126646,1,-1,-1,-1,0.686088,0.686088,4.398862,2.771095
66,4521,50.891137,48.832169,7.676496,17.206996,1,-1,-1,-1,0.668212,0.668212,3.818265,2.704905
66,4519,50.073533,73.418330,7.862077,15.390058,1,-1,-1,-1,0.668212,0.668212,3.818265,2.704905
66,4426,198.981386,117.182962,17.209724,7.995131,1,-1,-1,-1,0.654098,0.654098,3.226606,2.800730
66,4419,-15.237106,303.973285,14.659817,16.006000,1,-1,-1,-1,0.653921,0.653921,3.096395,2.701563
66,4418,93.918106,130.966911,15.272496,7.901124,1,-1,-1,-1,0.653921,0.653921,3.096395,2.701563
66,4417,7.876900,264.674917,13.921186,18.070704,1,-1,-1,-1,0.653921,0.653921,3.096395,2.701563
66,4219,122.494060,130.880085,18.502073,7.777457,1,-1,-1,-1,0.652975,0.652975,2.836732,2.701562
67,4532,32.592641,151.009300,8.319770,15.503915,1,-1,-1,-1,0.678159,0.678159,4.155461,2.713360
67,4531,65.164052,118.697832,21.574863,13.779481,1,-1,-1,-1,0.678218,0.678218,4.156458,2.738413
67,4521,51.772589,49.105140,7.796111,17.607324,1,-1,-1,-1,0.665009,0.665009,3.694582,2.703342
67,4519,51.005752,73.506542,7.841854,15.399210,1,-1,-1,-1,0.665009,0.665009,3.694582,2.703342
67,4426,199.957387,117.063996,17.148020,7.962751,1,-1,-1,-1,0.653760,0.653760,3.144491,2.754006
67,4419,-11.781005,300.172370,14.533564,16.051184,1,-1,-1,-1,0.653747,0.653747,3.076849,2.701563
67,4418,94.712332,130.971152,15.275661,7.904110,1,-1,-1,-1,0.653747,0.653747,3.076849,2.701563
67,4417,10.887069,259.857316,13.685463,18.074731,1,-1,-1,-1,0.653747,0.653747,3.076849,2.701563
67,4219,122.494889,130.876488,18.499083,7.772850,1,-1,-1,-1,0.652975,0.652975,2.834938,2.701562
68,4536,-19.205274,117.321140,19.016926,8.159996,1,-1,-1,-1,0.847083,0.847083,7.132717,3.262201
68,4532,33.667095,143.846668,8.358359,15.522890,1,-1,-1,-1,0.672446,0.672446,3.969193,2.707841
68,4531,70.208958,117.654140,21.532572,12.737727,1,-1,-1,-1,0.672509,0.672509,3.969350,2.721139
68,4521,52.270567,49.155317,7.966775,18.030168,1,-1,-1,-1,0.662548,0.662548,3.592165,2.702510
68,4519,51.707952,73.426005,7.794960,15.298616,1,-1,-1,-1,0.662548,0.662548,3.592165,2.702510
68,4426,200.978964,117.157420,16.623742,7.832523,1,-1,-1,-1,0.653624,0.653624,3.094482,2.729391
68,4419,-8.422968,296.180150,14.396119,16.087324,1,-1,-1,-1,0.653605,0.653605,3.059169,2.701562
68,4418,95.363675,130.972221,15.275020,7.906160,1,-1,-1,-1,0.653605,0.653605,3.059169,2.701562
68,4417,13.722120,254.845435,13.435434,18.078378,1,-1,-1,-1,0.653605,0.653605,3.059169,2.701562
68,4219,122.506178,130.863844,18.482640,7.761052,1,-1,-1,-1,0.652975,0.652975,2.833208,2.701562
69,4536,-17.575702,117.250181,18.168069,8.071380,1,-1,-1,-1,0.780933,0.780933,6.225018,2.988460
69,4532,34.896934,136.546653,8.214761,15.443129,1,-1,-1,-1,0.668212,0.668212,3.818265,2.704905
69,4531,74.780441,117.274926,21.508347,12.016737,1,-1,-1,-1,0.668266,0.668266,3.819822,2.711975
69,4528,172.279394,117.372698,18.331631,8.731624,1,-1,-1,-1,0.667053,0.667053,3.931568,2.846961
69,4521,52.968736,48.546713,7.844037,17.613958,1,-1,-1,-1,0.660633,0.660633,3.506534,2.702067
69,4519,52.468733,73.236791,7.684544,15.155730,1,-1,-1,-1,0.660633,0.660633,3.506534,2.702067
69,4426,201.422022,117.180180,16.796094,7.869771,1,-1,-1,-1,0.653515,0.653515,3.061587,2.716356
69,4419,-5.167124,292.014420,14.239575,16.121666,1,-1,-1,-1,0.653490,0.653490,3.043111,2.701562
69,4418,95.899005,130.972192,15.274508,7.907633,1,-1,-1,-1,0.653490,0.653490,3.043111,2.701562
69,4417,16.393505,249.617772,13.160511,18.074947,1,-1,-1,-1,0.653490,0.653490,3.043111,2.701562
69,4219,122.513326,130.869570,18.470768,7.755215,1,-1,-1,-1,0.652975,0.652975,2.831540,2.701562
70,4532,35.799367,129.144663,8.431200,15.645231,1,-1,-1,-1,0.665009,0.665009,3.694582,2.703342
70,4531,79.565354,116.270886,21.177103,10.844212,1,-1,-1,-1,0.665053,0.665053,3.697657,2.707105
70,4528,173.426020,117.404501,18.026521,8.706183,1,-1,-1,-1,0.662761,0.662761,3.705947,2.778199
70,4521,53.484269,48.238429,7.906850,17.662909,1,-1,-1,-1,0.659128,0.659128,3.434287,2.701831
70,4519,52.865969,74.352946,7.909592,15.720761,1,-1,-1,-1,0.659128,0.659128,3.434287,2.701831
70,4426,202.660432,116.942019,16.471426,7.804523,1,-1,-1,-1,0.653421,0.653421,3.038141,2.709434
70,4419,-2.020443,287.635154,14.077746,16.152768,1,-1,-1,-1,0.653396,0.653396,3.028469,2.701562
70,4418,96.351649,130.927710,15.248254,7.879356,1,-1,-1,-1,0.653396,0.653396,3.028469,2.701562
70,4417,18.916534,244.154483,12.867057,18.052929,1,-1,-1,-1,0.653396,0.653396,3.028469,2.701562
70,4219,122.524533,130.883135,18.462407,7.756485,1,-1,-1,-1,0.652975,0.652975,2.829932,2.701562
71,4532,36.860002,121.044373,8.130300,15.433162,1,-1,-1,-1,0.662548,0.662548,3.592165,2.702510
71,4531,83.454765,116.197609,20.890633,10.142022,1,-1,-1,-1,0.662583,0.662583,3.596317,2.704513
71,4528,174.049185,117.237710,17.956918,8.631596,1,-1,-1,-1,0.660650,0.660650,3.562231,2.742157
71,4519,53.176680,73.545651,7.879877,15.744530,1,-1,-1,-1,0.657936,0.657936,3.372813,2.701705
71,4426,203.379264,117.057169,16.181764,7.769660,1,-1,-1,-1,0.653342,0.653342,3.020130,2.705753
71,4419,1.051465,283.029222,13.900163,16.169729,1,-1,-1,-1,0.653319,0.653319,3.015070,2.701562
71,4418,96.698031,130.949720,15.251579,7.882308,1,-1,-1,-1,0.653319,0.653319,3.015070,2.701562
71,4417,21.290271,238.414219,12.550986,17.997656,1,-1,-1,-1,0.653319,0.653319,3.015070,2.701562
71,4219,122.530420,130.871281,18.456012,7.751885,1,-1,-1,-1,0.652975,0.652975,2.828379,2.701562
72,4532,37.695906,113.011585,8.198325,15.496691,1,-1,-1,-1,0.660633,0.660633,3.506534,2.702067
72,4531,87.521589,116.098919,20.567082,9.532451,1,-1,-1,-1,0.660661,0.660661,3.511282,2.703134
72,4519,53.532243,73.441205,7.844945,15.609740,1,-1,-1,-1,0.656986,0.656986,3.320085,2.701638
72,4426,202.976321,117.669522,15.674231,7.765202,1,-1,-1,-1,0.653275,0.653275,3.005409,2.703794
72,4419,4.024363,278.204696,13.711634,16.181960,1,-1,-1,-1,0.653256,0.653256,3.002767,2.701562
72,4418,96.962082,130.949102,15.265099,7.881910,1,-1,-1,-1,0.653256,0.653256,3.002767,2.701562
72,4417,23.499217,232.512164,12.240653,17.962554,1,-1,-1,-1,0.653256,0.653256,3.002767,2.701562
72,4219,122.531083,130.865716,18.456738,7.745812,1,-1,-1,-1,0.652975,0.652975,2.826881,2.701562
73,4532,38.396525,103.898707,8.012804,15.263812,1,-1,-1,-1,0.659128,0.659128,3.434287,2.701831
73,4531,90.898658,115.827264,20.293146,8.889618,1,-1,-1,-1,0.659150,0.659150,3.439254,2.702399
73,4519,53.882355,73.216156,7.769501,15.436728,1,-1,-1,-1,0.656225,0.656225,3.274518,2.701603
73,4426,204.676794,117.144516,15.709854,7.704735,1,-1,-1,-1,0.653221,0.653221,2.992811,2.702751
73,4419,6.911691,273.151490,13.500922,16.187106,1,-1,-1,-1,0.653205,0.653205,2.991436,2.701562
73,4418,97.182497,130.942624,15.260699,7.881229,1,-1,-1,-1,0.653205,0.653205,2.991436,2.701562
73,4417,25.552145,226.343049,11.910652,17.913464,1,-1,-1,-1,0.653205,0.653205,2.991436,2.701562
73,4219,122.519931,130.876798,18.479819,7.749899,1,-1,-1,-1,0.652975,0.652975,2.825433,2.701562
74,4532,39.020395,95.237068,8.047274,15.186037,1,-1,-1,-1,0.657936,0.657936,3.372813,2.701705
74,4531,94.016025,115.717848,20.045436,8.456534,1,-1,-1,-1,0.657954,0.657954,3.377741,2.702008
74,4521,54.809391,48.716729,7.699171,17.652644,1,-1,-1,-1,0.657539,0.657539,3.426890,2.835043
74,4519,54.116156,73.407918,7.711275,15.434337,1,-1,-1,-1,0.655613,0.655613,3.234861,2.701584
74,4419,9.741771,267.820676,13.282294,16.176889,1,-1,-1,-1,0.653163,0.653163,2.980969,2.701562
74,4418,97.349175,130.948616,15.263462,7.883727,1,-1,-1,-1,0.653163,0.653163,2.980969,2.701562
74,4417,27.484979,219.781741,11.525068,17.805494,1,-1,-1,-1,0.653163,0.653163,2.980969,2.701562
74,4219,122.514498,130.878498,18.490972,7.750051,1,-1,-1,-1,0.652975,0.652975,2.824034,2.701562
75,4532,39.590250,86.496753,7.991839,15.141015,1,-1,-1,-1,0.656986,0.656986,3.320085,2.701638
75,4528,176.247286,117.126089,17.269260,8.331636,1,-1,-1,-1,0.658169,0.658169,3.477250,2.839772
75,4521,54.975781,48.889333,7.697309,17.764489,1,-1,-1,-1,0.655300,0.655300,3.298497,2.771977
75,4519,54.160373,73.480915,7.734758,15.388134,1,-1,-1,-1,0.655120,0.655120,3.200116,2.701574
75,4419,12.502407,262.229528,13.067433,16.174991,1,-1,-1,-1,0.653129,0.653129,2.971273,2.701562
75,4418,97.474573,130.943992,15.262623,7.885470,1,-1,-1,-1,0.653129,0.653129,2.971273,2.701562
75,4417,29.256206,213.029848,11.141108,17.712208,1,-1,-1,-1,0.653129,0.653129,2.971273,2.701562
75,4219,122.501796,130.901542,18.516477,7.764139,1,-1,-1,-1,0.652975,0.652975,2.822682,2.701562
76,4536,-14.393897,117.802855,16.986998,8.132244,1,-1,-1,-1,0.670280,0.670280,4.089282,2.871266
76,4532,40.232044,78.521470,7.933918,15.255970,1,-1,-1,-1,0.656225,0.656225,3.274518,2.701603
76,4521,55.156913,48.421496,7.666699,17.430737,1,-1,-1,-1,0.654725,0.654725,3.220326,2.738879
76,4519,54.341355,73.259580,7.712798,15.233858,1,-1,-1,-1,0.654721,0.654721,3.169484,2.701568
76,4419,15.093255,256.588735,12.849258,16.168046,1,-1,-1,-1,0.653101,0.653101,2.962268,2.701562
76,4418,97.573889,130.950301,15.265092,7.889638,1,-1,-1,-1,0.653101,0.653101,2.962268,2.701562
76,4417,30.779039,206.476357,10.752470,17.618572,1,-1,-1,-1,0.653101,0.653101,2.962268,2.701562
76,4219,122.487809,130.909689,18.537953,7.777188,1,-1,-1,-1,0.652975,0.652975,2.821375,2.701562
77,4536,-15.422222,117.723265,17.695079,8.473849,1,-1,-1,-1,0.665220,0.665220,3.819162,2.790853
77,4532,40.389476,70.556126,8.011919,15.262373,1,-1,-1,-1,0.655613,0.655613,3.234861,2.701584
77,4521,55.427344,48.290154,7.620027,17.165494,1,-1,-1,-1,0.654401,0.654401,3.168714,2.721386
77,4519,54.566262,73.312933,7.708606,15.124300,1,-1,-1,-1,0.654397,0.654397,3.142321,2.701565
77,4419,17.427773,251.149779,12.617366,16.153977,1,-1,-1,-1,0.653078,0.653078,2.953887,2.701562
77,4418,97.640144,130.955555,15.278685,7.898590,1,-1,-1,-1,0.653078,0.653078,2.953887,2.701562
77,4417,32.030455,200.381868,10.356564,17.487745,1,-1,-1,-1,0.653078,0.653078,2.953887,2.701562
77,4219,122.477115,130.898254,18.550347,7.778383,1,-1,-1,-1,0.652975,0.652975,2.820111,2.701562
78,4546,141.727083,117.484353,18.650809,8.765944,1,-1,-1,-1,0.847083,0.847083,7.132717,3.262201
78,4545,102.855037,116.796933,19.410923,8.721332,1,-1,-1,-1,0.847083,0.847083,7.132717,3.262201
78,4536,-15.807923,117.688190,18.295979,8.673911,1,-1,-1,-1,0.662563,0.662563,3.649901,2.748817
78,4532,41.106107,63.144266,7.887377,15.048369,1,-1,-1,-1,0.655120,0.655120,3.200116,2.701574
78,4521,55.501114,48.415227,7.660241,17.247141,1,-1,-1,-1,0.654145,0.654145,3.131831,2.712106
78,4519,54.610989,73.389553,7.730269,15.089621,1,-1,-1,-1,0.654134,0.654134,3.118101,2.701564
78,4419,19.487327,246.042820,12.372496,16.126458,1,-1,-1,-1,0.653059,0.653059,2.946067,2.701562
78,4418,97.679702,130.955924,15.294165,7.905212,1,-1,-1,-1,0.653059,0.653059,2.946067,2.701562
78,4417,33.000347,195.005666,9.981673,17.354326,1,-1,-1,-1,0.653059,0.653059,2.946067,2.701562
78,4219,122.467998,130.903895,18.565189,7.784821,1,-1,-1,-1,0.652975,0.652975,2.818887,2.701562
79,4545,104.646569,116.717060,19.623758,8.396350,1,-1,-1,-1,0.780933,0.780933,6.225018,2.988460
79,4536,-16.528410,118.066620,18.905351,8.958687,1,-1,-1,-1,0.660641,0.660641,3.533238,2.726647
79,4532,41.365352,56.567149,7.785444,15.151672,1,-1,-1,-1,0.654721,0.654721,3.169484,2.701568
79,4528,177.004756,116.924858,16.152627,7.964061,1,-1,-1,-1,0.656320,0.656320,3.346365,2.851037
79,4521,55.529086,48.273696,7.647710,17.050260,1,-1,-1,-1,0.653933,0.653933,3.103541,2.707174
79,4519,54.568347,73.326372,7.719507,15.046716,1,-1,-1,-1,0.653921,0.653921,3.096395,2.701563
79,4419,21.272356,241.303007,12.126793,16.089563,1,-1,-1,-1,0.653044,0.653044,2.938756,2.701562
79,4418,97.706112,130.956683,15.311260,7.912951,1,-1,-1,-1,0.653044,0.653044,2.938756,2.701562
79,4417,33.738300,190.402074,9.636611,17.230571,1,-1,-1,-1,0.653044,0.653044,2.938756,2.701562
79,4219,122.469452,130.902997,18.567564,7.786670,1,-1,-1,-1,0.652975,0.652975,2.817702,2.701562
80,4545,106.763072,116.656823,19.655052,8.119317,1,-1,-1,-1,0.739812,0.739812,5.560040,2.851250
80,4536,-16.537013,117.397241,18.942778,8.798772,1,-1,-1,-1,0.659140,0.659140,3.446572,2.714900
80,4521,55.511370,48.413624,7.643903,17.028591,1,-1,-1,-1,0.653758,0.653758,3.080564,2.704550
80,4519,54.745421,73.489359,7.705705,15.089439,1,-1,-1,-1,0.653747,0.653747,3.076849,2.701563
80,4419,22.805660,236.944376,11.886058,16.040711,1,-1,-1,-1,0.653031,0.653031,2.931907,2.701562
80,4418,97.723050,130.943679,15.306070,7.909737,1,-1,-1,-1,0.653031,0.653031,2.931907,2.701562
80,4417,34.281438,186.567920,9.327543,17.118151,1,-1,-1,-1,0.653031,0.653031,2.931907,2.701562
80,4219,122.473381,130.892014,18.555219,7.782380,1,-1,-1,-1,0.652975,0.652975,2.816556,2.701562
81,4545,107.630926,116.962704,19.659795,8.098637,1,-1,-1,-1,0.714060,0.714060,5.062690,2.780435
81,4536,-16.558829,117.326943,19.127691,8.795849,1,-1,-1,-1,0.657949,0.657949,3.378476,2.708660
81,4521,55.546700,48.589160,7.651080,17.065552,1,-1,-1,-1,0.653615,0.653615,3.061096,2.703154
81,4519,54.808101,73.596109,7.659037,15.141099,1,-1,-1,-1,0.653605,0.653605,3.059169,2.701562
81,4419,24.131423,232.963955,11.660384,15.986352,1,-1,-1,-1,0.653021,0.653021,2.925479,2.701562
81,4418,97.734839,130.939280,15.302274,7.907388,1,-1,-1,-1,0.653021,0.653021,2.925479,2.701562
81,4417,34.675338,183.522760,9.059086,17.023825,1,-1,-1,-1,0.653021,0.653021,2.925479,2.701562
81,4219,122.482505,130.890477,18.535297,7.781906,1,-1,-1,-1,0.652975,0.652975,2.815445,2.701562
82,4546,144.251183,117.562510,18.453999,8.580148,1,-1,-1,-1,0.699331,0.699331,4.906799,2.897002
82,4545,108.602443,117.520560,19.653172,8.224833,1,-1,-1,-1,0.697349,0.697349,4.683127,2.743335
82,4536,-16.427185,117.099244,19.158156,8.637160,1,-1,-1,-1,0.656998,0.656998,3.322783,2.705341
82,4521,55.584388,48.763855,7.643268,17.230653,1,-1,-1,-1,0.653498,0.653498,3.044107,2.702410
82,4519,54.759507,73.655587,7.693350,15.168510,1,-1,-1,-1,0.653490,0.653490,3.043111,2.701562
82,4419,25.262983,229.371361,11.454264,15.931129,1,-1,-1,-1,0.653013,0.653013,2.919436,2.701562
82,4418,97.799535,130.839911,15.215085,7.853762,1,-1,-1,-1,0.653013,0.653013,2.919436,2.701562
82,4417,34.941436,181.225192,8.830938,16.926045,1,-1,-1,-1,0.653013,0.653013,2.919436,2.701562
82,4219,122.489477,130.889951,18.520753,7.781558,1,-1,-1,-1,0.652975,0.652975,2.814369,2.701562
83,4553,-42.204817,116.427217,15.107678,8.008633,1,-1,-1,-1,0.847083,0.847083,7.132717,3.262201
83,4546,144.346719,117.928287,18.797421,8.789332,1,-1,-1,-1,0.686227,0.686227,4.468642,2.804203
83,4545,110.231036,117.076858,19.974586,8.151136,1,-1,-1,-1,0.686065,0.686065,4.388218,2.723746
83,4536,-16.380575,117.244448,19.194061,8.652519,1,-1,-1,-1,0.656235,0.656235,3.275945,2.703574
83,4528,177.767399,117.574396,15.725697,7.966772,1,-1,-1,-1,0.655525,0.655525,3.254331,2.852320
83,4521,55.500176,48.693717,7.735146,17.396119,1,-1,-1,-1,0.653402,0.653402,3.028980,2.702014
83,4519,54.773819,73.515789,7.734809,15.169789,1,-1,-1,-1,0.653396,0.653396,3.028469,2.701562
83,4419,26.190422,226.192532,11.279863,15.895283,1,-1,-1,-1,0.653006,0.653006,2.913746,2.701562
83,4418,97.780855,130.909893,15.230431,7.866496,1,-1,-1,-1,0.653006,0.653006,2.913746,2.701562
83,4417,35.105607,179.754663,8.652727,16.857606,1,-1,-1,-1,0.653006,0.653006,2.913746,2.701562
83,4219,122.489910,130.906619,18.513166,7.786829,1,-1,-1,-1,0.652975,0.652975,2.813325,2.701562
84,4553,-42.389774,116.476360,15.241045,7.878596,1,-1,-1,-1,0.780933,0.780933,6.225018,2.988460
84,4546,144.312034,117.986412,18.963953,8.845952,1,-1,-1,-1,0.678161,0.678161,4.182796,2.755830
84,4545,111.275144,116.980594,20.301091,8.185073,1,-1,-1,-1,0.678159,0.678159,4.155461,2.713360
84,4536,-16.352049,117.042801,19.112917,8.614989,1,-1,-1,-1,0.655621,0.655621,3.235780,2.702634
84,4521,55.460751,48.836426,7.712301,17.393619,1,-1,-1,-1,0.653324,0.653324,3.015331,2.701803
84,4519,54.766135,73.471812,7.730387,15.158208,1,-1,-1,-1,0.653319,0.653319,3.015070,2.701562
84,4419,26.986919,223.313676,11.105494,15.850811,1,-1,-1,-1,0.653000,0.653000,2.908379,2.701562
84,4418,97.764471,130.934513,15.241566,7.875767,1,-1,-1,-1,0.653000,0.653000,2.908379,2.701562
84,4219,122.496210,130.901686,18.504589,7.785147,1,-1,-1,-1,0.652975,0.652975,2.812314,2.701562
85,4553,-42.772992,116.678536,15.434077,7.799504,1,-1,-1,-1,0.739812,0.739812,5.560040,2.851250
85,4546,144.224758,117.802944,19.102672,8.766941,1,-1,-1,-1,0.672452,0.672452,3.977209,2.730355
85,4545,112.193269,116.848543,20.473944,8.132681,1,-1,-1,-1,0.672446,0.672446,3.969193,2.707841
85,4536,-16.140112,117.147534,19.066836,8.606113,1,-1,-1,-1,0.655126,0.655126,3.200857,2.702133
85,4521,55.465841,48.896635,7.685691,17.457611,1,-1,-1,-1,0.653260,0.653260,3.002899,2.701690
85,4519,54.757923,73.470415,7.722025,15.169144,1,-1,-1,-1,0.653256,0.653256,3.002767,2.701562
85,4419,27.663778,220.754872,10.945449,15.808957,1,-1,-1,-1,0.652996,0.652996,2.903309,2.701562
85,4418,97.745556,130.942328,15.249650,7.882515,1,-1,-1,-1,0.652996,0.652996,2.903309,2.701562
85,4219,122.493719,130.889745,18.498082,7.778401,1,-1,-1,-1,0.652975,0.652975,2.811334,2.701562
86,4553,-42.724446,116.797310,15.451383,7.737746,1,-1,-1,-1,0.714060,0.714060,5.062690,2.780435
86,4546,143.988438,117.534368,19.029123,8.679551,1,-1,-1,-1,0.668224,0.668224,3.819893,2.716867
86,4545,112.800505,116.832078,20.646630,8.110532,1,-1,-1,-1,0.668212,0.668212,3.818265,2.704905
86,4536,-16.136671,117.184351,19.106103,8.596536,1,-1,-1,-1,0.654726,0.654726,3.170176,2.701866
86,4521,55.433099,48.990717,7.717795,17.533452,1,-1,-1,-1,0.653208,0.653208,2.991501,2.701630
86,4519,54.710293,73.443009,7.767325,15.188180,1,-1,-1,-1,0.653205,0.653205,2.991436,2.701562
86,4419,28.240580,218.505695,10.787309,15.763128,1,-1,-1,-1,0.652992,0.652992,2.898514,2.701562
86,4418,97.730263,130.937576,15.258320,7.887482,1,-1,-1,-1,0.652992,0.652992,2.898514,2.701562
86,4219,122.495769,130.888241,18.496201,7.776257,1,-1,-1,-1,0.652975,0.652975,2.810383,2.701562
87,4557,34.279371,180.711162,8.441256,17.227930,1,-1,-1,-1,0.847083,0.847083,7.132717,3.262201
87,4553,-42.643017,116.796443,15.410929,7.684231,1,-1,-1,-1,0.697349,0.697349,4.683127,2.743335
87,4546,144.165532,117.582595,19.143568,8.667876,1,-1,-1,-1,0.665022,0.665022,3.694652,2.709706
87,4545,113.304807,116.871383,20.771039,8.098946,1,-1,-1,-1,0.665009,0.665009,3.694582,2.703342
87,4536,-16.076696,117.458833,19.103448,8.733379,1,-1,-1,-1,0.654401,0.654401,3.143006,2.701724
87,4528,177.854046,117.748264,15.500672,8.127307,1,-1,-1,-1,0.655175,0.655175,3.190699,2.852466
87,4521,55.505473,48.442853,7.659894,17.290002,1,-1,-1,-1,0.653166,0.653166,2.981000,2.701598
87,4519,54.765779,73.520246,7.723564,15.196812,1,-1,-1,-1,0.653163,0.653163,2.980969,2.701562
87,4419,28.716421,216.525094,10.636114,15.711994,1,-1,-1,-1,0.652989,0.652989,2.893973,2.701562
87,4418,97.714502,130.934931,15.261824,7.891042,1,-1,-1,-1,0.652989,0.652989,2.893973,2.701562
87,4219,122.501552,130.888060,18.492068,7.774669,1,-1,-1,-1,0.652975,0.652975,2.809460,2.701562
88,4557,34.292378,180.699252,8.439624,17.220005,1,-1,-1,-1,0.780933,0.780933,6.225018,2.988460
88,4553,-42.263904,116.819232,15.222847,7.640253,1,-1,-1,-1,0.686065,0.686065,4.388218,2.723746
88,4546,144.614178,117.671665,19.096909,8.635048,1,-1,-1,-1,0.662560,0.662560,3.592317,2.705897
88,4545,113.905865,116.873948,20.769511,8.058437,1,-1,-1,-1,0.662548,0.662548,3.592165,2.702510
88,4536,-16.166181,117.316121,19.067756,8.741920,1,-1,-1,-1,0.654138,0.654138,3.118784,2.701648
88,4528,177.864381,117.855583,15.455192,8.243246,1,-1,-1,-1,0.653402,0.653402,3.089587,2.781069
88,4521,55.531621,48.287645,7.605099,17.025908,1,-1,-1,-1,0.653131,0.653131,2.971287,2.701581
88,4519,54.759270,73.367095,7.713366,15.160230,1,-1,-1,-1,0.653129,0.653129,2.971273,2.701562
88,4419,29.115746,214.836726,10.496036,15.673593,1,-1,-1,-1,0.652986,0.652986,2.889667,2.701562
88,4418,97.698382,130.941681,15.267350,7.896477,1,-1,-1,-1,0.652986,0.652986,2.889667,2.701562
88,4219,122.502543,130.896708,18.486420,7.776240,1,-1,-1,-1,0.652975,0.652975,2.808564,2.701562
89,4557,34.302601,180.705652,8.439677,17.219893,1,-1,-1,-1,0.739812,0.739812,5.560040,2.851250
89,4553,-42.290810,116.754227,15.304943,7.631986,1,-1,-1,-1,0.678159,0.678159,4.155461,2.713360
89,4546,144.549722,117.640440,18.937202,8.646744,1,-1,-1,-1,0.660643,0.660643,3.507183,2.703871
89,4545,114.440313,116.790445,20.934838,8.077325,1,-1,-1,-1,0.660633,0.660633,3.506534,2.702067
89,4536,-16.165323,117.269906,19.099420,8.767279,1,-1,-1,-1,0.653924,0.653924,3.097071,2.701608
89,4528,177.563701,117.585870,15.392007,8.212891,1,-1,-1,-1,0.653188,0.653188,3.032710,2.743669
89,4521,55.593085,48.685373,7.610938,17.098693,1,-1,-1,-1,0.653103,0.653103,2.962275,2.701572
89,4519,54.723321,73.548263,7.683989,15.262375,1,-1,-1,-1,0.653101,0.653101,2.962268,2.701562
89,4419,29.453821,213.359669,10.369304,15.631368,1,-1,-1,-1,0.652984,0.652984,2.885579,2.701562
89,4418,97.683523,130.943264,15.274149,7.900482,1,-1,-1,-1,0.652984,0.652984,2.885579,2.701562
89,4219,122.507701,130.899691,18.487803,7.777430,1,-1,-1,-1,0.652975,0.652975,2.807695,2.701562
90,4557,34.312625,180.699293,8.439165,17.215913,1,-1,-1,-1,0.714060,0.714060,5.062690,2.780435
90,4553,-42.582725,116.923034,15.443050,7.701198,1,-1,-1,-1,0.672446,0.672446,3.969193,2.707841
90,4546,144.739281,117.484227,18.891130,8.590675,1,-1,-1,-1,0.659136,0.659136,3.435418,2.702792
90,4545,114.833472,116.748238,21.013010,8.089029,1,-1,-1,-1,0.659128,0.659128,3.434287,2.701831
90,4536,-16.230220,117.045340,19.050599,8.667366,1,-1,-1,-1,0.653749,0.653749,3.077508,2.701587
90,4521,55.518324,48.769399,7.633800,17.229346,1,-1,-1,-1,0.653079,0.653079,2.953889,2.701568
90,4519,54.766646,73.447182,7.670934,15.229655,1,-1,-1,-1,0.653078,0.653078,2.953887,2.701562
90,4419,29.723547,212.084924,10.249376,15.580709,1,-1,-1,-1,0.652983,0.652983,2.881694,2.701562
90,4418,97.666679,130.936635,15.276294,7.903344,1,-1,-1,-1,0.652983,0.652983,2.881694,2.701562
90,4219,122.507477,130.902494,18.486181,7.781025,1,-1,-1,-1,0.652975,0.652975,2.806851,2.701562
91,4557,34.321931,180.707989,8.439930,17.220869,1,-1,-1,-1,0.697349,0.697349,4.683127,2.743335
91,4553,-42.679904,116.849046,15.534570,7.717809,1,-1,-1,-1,0.668212,0.668212,3.818265,2.704905
91,4546,144.910700,117.401045,18.854372,8.526484,1,-1,-1,-1,0.657942,0.657942,3.374287,2.702217
91,4545,115.267787,116.675669,21.099550,8.090481,1,-1,-1,-1,0.657936,0.657936,3.372813,2.701705
91,4536,-16.037915,116.931634,18.983124,8.562593,1,-1,-1,-1,0.653607,0.653607,3.059804,2.701575
91,4521,55.514136,48.966961,7.635734,17.319652,1,-1,-1,-1,0.653060,0.653060,2.946068,2.701565
91,4519,54.777831,73.465987,7.653153,15.213664,1,-1,-1,-1,0.653059,0.653059,2.946067,2.701562
91,4419,29.934857,211.051308,10.160240,15.552715,1,-1,-1,-1,0.652981,0.652981,2.877997,2.701562
91,4418,97.658736,130.940056,15.286212,7.905564,1,-1,-1,-1,0.652981,0.652981,2.877997,2.701562
91,4219,122.504927,130.902873,18.490495,7.783694,1,-1,-1,-1,0.652975,0.652975,2.806031,2.701562
92,4562,18.275788,248.297455,11.866434,17.887251,1,-1,-1,-1,0.847083,0.847083,7.132717,3.262201
92,4557,34.324597,180.710532,8.440309,17.224090,1,-1,-1,-1,0.686065,0.686065,4.388218,2.723746
92,4553,-42.542697,116.927215,15.499436,7.700303,1,-1,-1,-1,0.665009,0.665009,3.694582,2.703342
92,4546,144.972412,117.467150,18.797571,8.512521,1,-1,-1,-1,0.656991,0.656991,3.321759,2.701911
92,4545,115.346146,116.731341,21.208642,8.130043,1,-1,-1,-1,0.656986,0.656986,3.320085,2.701638
92,4536,-16.172321,116.994259,18.986540,8.554739,1,-1,-1,-1,0.653491,0.653491,3.043717,2.701569
92,4521,55.499059,48.974842,7.661136,17.460730,1,-1,-1,-1,0.653045,0.653045,2.938756,2.701564
92,4519,54.754248,73.366606,7.673579,15.179148,1,-1,-1,-1,0.653044,0.653044,2.938756,2.701562
92,4419,30.103336,210.180501,10.093416,15.536058,1,-1,-1,-1,0.652980,0.652980,2.874476,2.701562
92,4418,97.644696,130.940998,15.287849,7.907079,1,-1,-1,-1,0.652980,0.652980,2.874476,2.701562
92,4219,122.505900,130.910955,18.488256,7.788342,1,-1,-1,-1,0.652975,0.652975,2.805235,2.701562
93,4562,19.086655,246.216419,11.760309,17.502675,1,-1,-1,-1,0.780933,0.780933,6.225018,2.988460
93,4557,34.332134,180.700888,8.439782,17.219361,1,-1,-1,-1,0.678159,0.678159,4.155461,2.713360
93,4553,-42.547125,116.956447,15.503855,7.707840,1,-1,-1,-1,0.662548,0.662548,3.592165,2.702510
93,4546,145.117112,117.534693,18.747947,8.469918,1,-1,-1,-1,0.656229,0.656229,3.276277,2.701748
93,4545,115.450918,116.690200,21.312482,8.171691,1,-1,-1,-1,0.656225,0.656225,3.274518,2.701603
93,4536,-16.029153,117.369058,19.063679,8.714070,1,-1,-1,-1,0.653397,0.653397,3.029044,2.701566
93,4521,55.394075,48.738914,7.659432,17.415262,1,-1,-1,-1,0.653032,0.653032,2.931907,2.701563
93,4519,54.733106,73.489172,7.659065,15.224617,1,-1,-1,-1,0.653031,0.653031,2.931907,2.701562
93,4419,30.238916,209.444929,10.037115,15.521881,1,-1,-1,-1,0.652979,0.652979,2.871119,2.701562
93,4418,97.626239,130.941088,15.286242,7.908133,1,-1,-1,-1,0.652979,0.652979,2.871119,2.701562
93,4219,122.503981,130.904717,18.491989,7.789026,1,-1,-1,-1,0.652975,0.652975,2.804461,2.701562
94,4562,19.874545,243.919705,10.949787,16.799329,1,-1,-1,-1,0.739812,0.739812,5.560040,2.851250
94,4557,34.332635,180.700431,8.436482,17.218205,1,-1,-1,-1,0.672446,0.672446,3.969193,2.707841
94,4553,-42.846476,116.967761,15.583714,7.735663,1,-1,-1,-1,0.660633,0.660633,3.506534,2.702067
94,4546,145.110758,117.545516,18.824358,8.464870,1,-1,-1,-1,0.655617,0.655617,3.236622,2.701661
94,4545,115.676950,116.721404,21.375157,8.198497,1,-1,-1,-1,0.655613,0.655613,3.234861,2.701584
94,4536,-16.127951,117.206390,19.073370,8.685613,1,-1,-1,-1,0.653320,0.653320,3.015612,2.701564
94,4521,55.413664,48.818065,7.690747,17.483461,1,-1,-1,-1,0.653022,0.653022,2.925479,2.701563
94,4519,54.736124,73.354071,7.658039,15.174506,1,-1,-1,-1,0.653021,0.653021,2.925479,2.701562
94,4419,30.340549,208.839569,9.982895,15.509138,1,-1,-1,-1,0.652978,0.652978,2.867916,2.701562
94,4418,97.613244,130.949270,15.290791,7.911768,1,-1,-1,-1,0.652978,0.652978,2.867916,2.701562
94,4219,122.504494,130.902163,18.497458,7.789543,1,-1,-1,-1,0.652975,0.652975,2.803709,2.701562
95,4562,20.502083,242.663822,10.861761,16.645726,1,-1,-1,-1,0.714060,0.714060,5.062690,2.780435
95,4557,34.334363,180.716620,8.438025,17.225304,1,-1,-1,-1,0.668212,0.668212,3.818265,2.704905
95,4553,-42.645662,116.928543,15.499839,7.692918,1,-1,-1,-1,0.659128,0.659128,3.434287,2.701831
95,4546,145.142370,117.546919,18.877055,8.475827,1,-1,-1,-1,0.655122,0.655122,3.201827,2.701615
95,4545,116.000616,116.775109,21.350023,8.189389,1,-1,-1,-1,0.655120,0.655120,3.200116,2.701574
95,4536,-16.209691,116.942381,19.016272,8.562528,1,-1,-1,-1,0.653257,0.653257,3.003277,2.701563
95,4521,55.592423,48.505846,7.688525,17.363675,1,-1,-1,-1,0.653013,0.653013,2.919436,2.701562
95,4519,54.787708,73.426778,7.643342,15.142855,1,-1,-1,-1,0.653013,0.653013,2.919436,2.701562
95,4419,30.426827,208.342692,9.941316,15.498152,1,-1,-1,-1,0.652978,0.652978,2.864857,2.701562
95,4418,97.601393,130.943345,15.288361,7.911542,1,-1,-1,-1,0.652978,0.652978,2.864857,2.701562
95,4219,122.509354,130.890800,18.490204,7.784328,1,-1,-1,-1,0.652975,0.652975,2.802979,2.701562
96,4562,21.163192,241.275912,10.678340,16.393447,1,-1,-1,-1,0.697349,0.697349,4.683127,2.743335
96,4557,34.341226,180.713206,8.438771,17.227006,1,-1,-1,-1,0.665009,0.665009,3.694582,2.703342
96,4553,-42.959134,117.087976,15.746682,7.812894,1,-1,-1,-1,0.657936,0.657936,3.372813,2.701705
96,4546,145.052928,117.357289,18.819451,8.415875,1,-1,-1,-1,0.654723,0.654723,3.171114,2.701590
96,4545,116.100052,116.891281,21.385811,8.208485,1,-1,-1,-1,0.654721,0.654721,3.169484,2.701568
96,4536,-16.206127,117.130501,19.032032,8.586595,1,-1,-1,-1,0.653205,0.653205,2.991914,2.701563
96,4521,55.524775,48.650550,7.699945,17.418425,1,-1,-1,-1,0.653006,0.653006,2.913746,2.701562
96,4519,54.832507,73.478728,7.635622,15.128477,1,-1,-1,-1,0.653006,0.653006,2.913746,2.701562
96,4419,30.491482,207.927103,9.903367,15.488065,1,-1,-1,-1,0.652977,0.652977,2.861934,2.701562
96,4418,97.593830,130.941112,15.283797,7.911331,1,-1,-1,-1,0.652977,0.652977,2.861934,2.701562
96,4219,122.507823,130.887377,18.487654,7.780541,1,-1,-1,-1,0.652975,0.652975,2.802268,2.701562
97,4562,21.990697,239.977209,10.278123,16.035501,1,-1,-1,-1,0.686065,0.686065,4.388218,2.723746
97,4557,34.343806,180.691437,8.438407,17.215567,1,-1,-1,-1,0.662548,0.662548,3.592165,2.702510
97,4553,-42.862136,117.171489,15.789959,7.874242,1,-1,-1,-1,0.656986,0.656986,3.320085,2.701638
97,4546,145.022396,117.558794,18.871828,8.443164,1,-1,-1,-1,0.654399,0.654399,3.143853,2.701577
97,4545,116.141670,116.894494,21.453197,8.235621,1,-1,-1,-1,0.654397,0.654397,3.142321,2.701565
97,4536,-16.160154,116.971909,19.003866,8.514835,1,-1,-1,-1,0.653163,0.653163,2.981416,2.701562
97,4521,55.478785,48.762132,7.930723,17.646470,1,-1,-1,-1,0.653001,0.653001,2.908379,2.701562
97,4519,54.856331,73.478508,7.635396,15.104400,1,-1,-1,-1,0.653000,0.653000,2.908379,2.701562
97,4419,30.534389,207.603951,9.873683,15.481728,1,-1,-1,-1,0.652977,0.652977,2.859137,2.701562
97,4418,97.579649,130.942130,15.283393,7.913993,1,-1,-1,-1,0.652977,0.652977,2.859137,2.701562
97,4219,122.514215,130.886758,18.485788,7.777776,1,-1,-1,-1,0.652975,0.652975,2.801577,2.701562
98,4562,22.596904,239.127422,10.274809,16.146694,1,-1,-1,-1,0.678159,0.678159,4.155461,2.713360
98,4557,34.344188,180.703633,8.438853,17.216798,1,-1,-1,-1,0.660633,0.660633,3.506534,2.702067
98,4553,-42.578657,116.805667,15.634621,7.762222,1,-1,-1,-1,0.656225,0.656225,3.274518,2.701603
98,4546,145.043216,117.493285,18.850417,8.437785,1,-1,-1,-1,0.654136,0.654136,3.119530,2.701570
98,4545,116.195149,116.913170,21.443060,8.233456,1,-1,-1,-1,0.654134,0.654134,3.118101,2.701564
98,4536,-16.258948,117.125490,19.058901,8.563926,1,-1,-1,-1,0.653129,0.653129,2.971692,2.701562
98,4521,55.355035,48.392858,7.888743,17.419479,1,-1,-1,-1,0.652996,0.652996,2.903309,2.701562
98,4519,54.846413,73.478696,7.664139,15.134022,1,-1,-1,-1,0.652996,0.652996,2.903309,2.701562
98,4419,30.573208,207.332715,9.844300,15.472226,1,-1,-1,-1,0.652977,0.652977,2.856459,2.701562
98,4418,97.569614,130.940133,15.285713,7.913190,1,-1,-1,-1,0.652977,0.652977,2.856459,2.701562
98,4219,122.515073,130.887045,18.481672,7.775738,1,-1,-1,-1,0.652975,0.652975,2.800906,2.701562
99,4567,177.889672,117.354518,15.611636,7.897104,1,-1,-1,-1,0.847083,0.847083,7.132717,3.262201
99,4562,22.589993,238.555408,10.600760,16.488942,1,-1,-1,-1,0.672446,0.672446,3.969193,2.707841
99,4557,34.350676,180.699745,8.438988,17.214604,1,-1,-1,-1,0.659128,0.659128,3.434287,2.701831
99,4553,-42.330368,116.682729,15.489768,7.684539,1,-1,-1,-1,0.655613,0.655613,3.234861,2.701584
99,4546,145.056405,117.523403,18.856101,8.437637,1,-1,-1,-1,0.653922,0.653922,3.097720,2.701566
99,4545,116.246238,116.923639,21.480128,8.247937,1,-1,-1,-1,0.653921,0.653921,3.096395,2.701563
99,4536,-16.180497,117.029615,19.027676,8.513168,1,-1,-1,-1,0.653101,0.653101,2.962661,2.701562
99,4521,55.404198,48.894027,7.855196,17.526313,1,-1,-1,-1,0.652992,0.652992,2.898515,2.701562
99,4519,54.809747,73.408419,7.628013,15.090184,1,-1,-1,-1,0.652992,0.652992,2.898514,2.701562
99,4419,30.594313,207.124179,9.826309,15.463840,1,-1,-1,-1,0.652976,0.652976,2.853893,2.701562
99,4418,97.559289,130.941370,15.287542,7.915377,1,-1,-1,-1,0.652976,0.652976,2.853893,2.701562
99,4219,122.518052,130.885642,18.481305,7.771516,1,-1,-1,-1,0.652975,0.652975,2.800252,2.701562
100,4562,22.524650,237.585473,10.784720,16.689772,1,-1,-1,-1,0.668212,0.668212,3.818265,2.704905
100,4557,34.346187,180.700456,8.439271,17.216081,1,-1,-1,-1,0.657936,0.657936,3.372813,2.701705
100,4553,-42.527040,116.817272,15.647495,7.762201,1,-1,-1,-1,0.655120,0.655120,3.200116,2.701574
100,4546,145.075734,117.469043,18.802401,8.412994,1,-1,-1,-1,0.653748,0.653748,3.078073,2.701564
100,4545,116.282721,116.953141,21.454933,8.237169,1,-1,-1,-1,0.653747,0.653747,3.076849,2.701563
100,4536,-16.188733,117.049835,19.010755,8.479333,1,-1,-1,-1,0.653078,0.653078,2.954255,2.701562
100,4521,55.512153,48.621766,7.741725,17.153380,1,-1,-1,-1,0.652989,0.652989,2.893974,2.701562
100,4519,54.801687,73.441976,7.627750,15.110083,1,-1,-1,-1,0.652989,0.652989,2.893973,2.701562
100,4419,30.605222,206.971296,9.811185,15.461428,1,-1,-1,-1,0.652976,0.652976,2.851434,2.701562
100,4418,97.554312,130.939583,15.285941,7.914150,1,-1,-1,-1,0.652976,0.652976,2.851434,2.701562
100,4219,122.512704,130.885880,18.481033,7.768435,1,-1,-1,-1,0.652975,0.652975,2.799616,2.701562
