1,5339,142.520000,116.990000,16.650000,7.620000,1,-1,-1,-1,10.000000,10.000000,10.000000,10.000000
1,5338,195.700000,117.130000,17.390000,8.680000,1,-1,-1,-1,10.000000,10.000000,10.000000,10.000000
1,5337,116.760000,116.500000,15.290000,7.400000,1,-1,-1,-1,10.000000,10.000000,10.000000,10.000000
1,5336,226.820000,117.770000,17.980000,8.960000,1,-1,-1,-1,10.000000,10.000000,10.000000,10.000000
1,5335,287.580000,422.780000,9.230000,19.680000,1,-1,-1,-1,10.000000,10.000000,10.000000,10.000000
1,5334,288.220000,148.410000,7.890000,16.130000,1,-1,-1,-1,10.000000,10.000000,10.000000,10.000000
1,5333,27.950000,38.880000,12.590000,21.330000,1,-1,-1,-1,10.000000,10.000000,10.000000,10.000000
1,5332,379.180000,343.420000,16.450000,8.410000,1,-1,-1,-1,10.000000,10.000000,10.000000,10.000000
1,5331,273.930000,401.320000,8.060000,16.020000,1,-1,-1,-1,10.000000,10.000000,10.000000,10.000000
1,5330,288.500000,67.500000,5.980000,8.860000,1,-1,-1,-1,10.000000,10.000000,10.000000,10.000000
1,5329,333.140000,342.890000,16.230000,7.820000,1,-1,-1,-1,10.000000,10.000000,10.000000,10.000000
1,5328,124.350000,130.600000,14.850000,7.200000,1,-1,-1,-1,10.000000,10.000000,10.000000,10.000000
2,5353,209.460000,332.570000,17.020000,8.450000,1,-1,-1,-1,10.000000,10.000000,10.000000,10.000000
2,5352,53.540000,31.790000,8.630000,17.390000,1,-1,-1,-1,10.000000,10.000000,10.000000,10.000000
2,5351,206.670000,117.070000,17.810000,8.180000,1,-1,-1,-1,10.000000,10.000000,10.000000,10.000000
2,5350,300.110000,301.620000,6.280000,9.030000,1,-1,-1,-1,10.000000,10.000000,10.000000,10.000000
2,5349,-7.910000,116.670000,18.690000,7.770000,1,-1,-1,-1,10.000000,10.000000,10.000000,10.000000
2,5348,236.960000,116.910000,17.070000,8.120000,1,-1,-1,-1,10.000000,10.000000,10.000000,10.000000
2,5347,283.670000,441.970000,9.180000,16.700000,1,-1,-1,-1,10.000000,10.000000,10.000000,10.000000
2,5346,388.720000,343.400000,16.960000,8.540000,1,-1,-1,-1,10.000000,10.000000,10.000000,10.000000
2,5345,38.010000,39.050000,10.930000,21.000000,1,-1,-1,-1,10.000000,10.000000,10.000000,10.000000
2,5344,297.900000,154.720000,7.810000,16.000000,1,-1,-1,-1,10.000000,10.000000,10.000000,10.000000
2,5343,39.500000,65.880000,8.070000,16.660000,1,-1,-1,-1,10.000000,10.000000,10.000000,10.000000
2,5342,283.580000,400.820000,8.110000,15.580000,1,-1,-1,-1,10.000000,10.000000,10.000000,10.000000
2,5341,298.130000,71.090000,5.970000,8.870000,1,-1,-1,-1,10.000000,10.000000,10.000000,10.000000
2,5340,342.740000,342.860000,16.280000,7.780000,1,-1,-1,-1,10.000000,10.000000,10.000000,10.000000
2,5328,124.316231,130.611851,14.887542,7.226293,1,-1,-1,-1,0.999900,0.999900,9.990021,5.238095
3,5365,223.510000,332.520000,16.980000,8.080000,1,-1,-1,-1,10.000000,10.000000,10.000000,10.000000
3,5364,310.300000,306.080000,5.020000,5.930000,1,-1,-1,-1,10.000000,10.000000,10.000000,10.000000
3,5363,292.910000,175.740000,7.890000,16.250000,1,-1,-1,-1,10.000000,10.000000,10.000000,10.000000
3,5362,1.790000,130.840000,15.180000,8.080000,1,-1,-1,-1,10.000000,10.000000,10.000000,10.000000
3,5361,48.630000,65.660000,7.920000,16.120000,1,-1,-1,-1,10.000000,10.000000,10.000000,10.000000
3,5360,46.630000,38.870000,11.510000,21.320000,1,-1,-1,-1,10.000000,10.000000,10.000000,10.000000
3,5359,306.890000,267.530000,7.880000,17.230000,1,-1,-1,-1,10.000000,10.000000,10.000000,10.000000
3,5358,398.010000,343.300000,16.290000,8.010000,1,-1,-1,-1,10.000000,10.000000,10.000000,10.000000
3,5357,292.540000,401.330000,8.160000,15.770000,1,-1,-1,-1,10.000000,10.000000,10.000000,10.000000
3,5356,293.890000,431.990000,6.530000,9.230000,1,-1,-1,-1,10.000000,10.000000,10.000000,10.000000
3,5355,307.050000,74.430000,5.980000,8.860000,1,-1,-1,-1,10.000000,10.000000,10.000000,10.000000
3,5354,351.620000,342.870000,16.260000,7.770000,1,-1,-1,-1,10.000000,10.000000,10.000000,10.000000
3,5348,244.878888,117.532526,18.140536,8.504784,1,-1,-1,-1,0.999900,0.999900,9.990021,5.238095
3,5328,124.308146,130.612468,14.873711,7.228002,1,-1,-1,-1,0.941153,0.941153,8.384601,3.841642
4,5328,124.332730,130.585132,14.862308,7.205745,1,-1,-1,-1,0.847083,0.847083,7.132717,3.262201
5,5348,259.545626,117.627981,19.632214,8.937219,1,-1,-1,-1,0.847083,0.847083,7.132717,3.262201
5,5328,124.331089,130.579530,14.852736,7.189275,1,-1,-1,-1,0.780933,0.780933,6.225018,2.988460
6,5358,420.068912,343.014077,17.066072,7.875433,1,-1,-1,-1,0.847083,0.847083,7.132717,3.262201
6,5354,374.143288,342.870079,16.233557,7.786154,1,-1,-1,-1,0.847083,0.847083,7.132717,3.262201
6,5348,267.026419,117.103771,18.958218,8.554998,1,-1,-1,-1,0.780933,0.780933,6.225018,2.988460
6,5328,124.345363,130.563238,14.812727,7.163116,1,-1,-1,-1,0.739812,0.739812,5.560040,2.851250
7,5358,426.503808,342.967753,16.907477,7.812058,1,-1,-1,-1,0.780933,0.780933,6.225018,2.988460
7,5354,380.305008,342.859915,16.250189,7.787063,1,-1,-1,-1,0.780933,0.780933,6.225018,2.988460
7,5348,273.663206,117.064922,18.485892,8.441387,1,-1,-1,-1,0.739812,0.739812,5.560040,2.851250
7,5328,124.325322,130.594628,14.877665,7.182313,1,-1,-1,-1,0.714060,0.714060,5.062690,2.780435
8,5384,36.037573,113.924805,17.950074,8.762542,1,-1,-1,-1,0.847083,0.847083,7.132717,3.262201
8,5328,124.325645,130.601240,14.857924,7.185246,1,-1,-1,-1,0.697349,0.697349,4.683127,2.743335
9,5384,41.952697,109.608882,18.533998,9.048405,1,-1,-1,-1,0.780933,0.780933,6.225018,2.988460
9,5328,124.315643,130.610590,14.864168,7.193406,1,-1,-1,-1,0.686065,0.686065,4.388218,2.723746
10,5328,124.338445,130.603624,14.847553,7.190241,1,-1,-1,-1,0.678159,0.678159,4.155461,2.713360
11,5328,124.339035,130.612765,14.850443,7.199356,1,-1,-1,-1,0.672446,0.672446,3.969193,2.707841
12,5328,124.339628,130.594663,14.844042,7.192380,1,-1,-1,-1,0.668212,0.668212,3.818265,2.704905
13,5328,124.349013,130.595534,14.843229,7.187854,1,-1,-1,-1,0.665009,0.665009,3.694582,2.703342
14,5328,124.325755,130.626835,14.903055,7.210521,1,-1,-1,-1,0.662548,0.662548,3.592165,2.702510
15,5328,124.317698,130.624311,14.910849,7.214637,1,-1,-1,-1,0.660633,0.660633,3.506534,2.702067
16,5328,124.329600,130.614815,14.896972,7.213320,1,-1,-1,-1,0.659128,0.659128,3.434287,2.701831
17,5328,124.324355,130.603572,14.865052,7.208271,1,-1,-1,-1,0.657936,0.657936,3.372813,2.701705
18,5328,124.320227,130.598074,14.850664,7.202262,1,-1,-1,-1,0.656986,0.656986,3.320085,2.701638
19,5328,124.329726,130.598447,14.855990,7.201700,1,-1,-1,-1,0.656225,0.656225,3.274518,2.701603
20,5328,124.320775,130.597134,14.850398,7.197921,1,-1,-1,-1,0.655613,0.655613,3.234861,2.701584
21,5530,-73.041764,364.801320,15.764160,8.452852,1,-1,-1,-1,0.847083,0.847083,7.132717,3.262201
21,5528,-69.083260,378.341627,15.361719,7.758161,1,-1,-1,-1,0.847083,0.847083,7.132717,3.262201
21,5328,124.318583,130.617119,14.872145,7.208015,1,-1,-1,-1,0.655120,0.655120,3.200116,2.701574
22,5540,158.569852,362.728340,17.833402,8.800539,1,-1,-1,-1,0.847083,0.847083,7.132717,3.262201
22,5530,-64.626393,364.779638,15.679100,8.307597,1,-1,-1,-1,0.780933,0.780933,6.225018,2.988460
22,5528,-69.717589,378.279325,14.870748,7.397811,1,-1,-1,-1,0.780933,0.780933,6.225018,2.988460
22,5328,124.302612,130.624763,14.891096,7.218263,1,-1,-1,-1,0.654721,0.654721,3.169484,2.701568
23,5540,168.018267,363.166079,17.441207,8.962085,1,-1,-1,-1,0.780933,0.780933,6.225018,2.988460
23,5530,-55.681684,364.641501,15.388344,8.169889,1,-1,-1,-1,0.739812,0.739812,5.560040,2.851250
23,5528,-71.012659,378.646652,14.996754,7.531921,1,-1,-1,-1,0.739812,0.739812,5.560040,2.851250
23,5328,124.303818,130.635719,14.923072,7.232093,1,-1,-1,-1,0.654397,0.654397,3.142321,2.701565
24,5530,-46.719713,364.662809,15.555540,8.235153,1,-1,-1,-1,0.714060,0.714060,5.062690,2.780435
24,5528,-72.829654,379.141097,15.121281,7.749886,1,-1,-1,-1,0.714060,0.714060,5.062690,2.780435
24,5328,124.295226,130.619252,14.927152,7.232597,1,-1,-1,-1,0.654134,0.654134,3.118101,2.701564
25,5530,-37.330196,364.771920,15.560202,8.248710,1,-1,-1,-1,0.697349,0.697349,4.683127,2.743335
25,5328,124.292579,130.611171,14.920914,7.229726,1,-1,-1,-1,0.653921,0.653921,3.096395,2.701563
26,5563,30.604296,367.187006,17.866636,15.506346,1,-1,-1,-1,0.739820,0.739820,5.643614,3.065463
26,5530,-28.650888,364.805271,15.665663,8.275130,1,-1,-1,-1,0.686065,0.686065,4.388218,2.723746
26,5328,124.299021,130.596732,14.903673,7.218602,1,-1,-1,-1,0.653747,0.653747,3.076849,2.701563
27,5563,35.965294,362.255584,16.847592,16.181374,1,-1,-1,-1,0.714526,0.714526,5.071875,2.890387
27,5530,-20.357628,364.755281,15.699188,8.247205,1,-1,-1,-1,0.678159,0.678159,4.155461,2.713360
27,5328,124.298692,130.593009,14.902720,7.210873,1,-1,-1,-1,0.653605,0.653605,3.059169,2.701562
28,5530,-13.105903,364.811041,15.831964,8.290703,1,-1,-1,-1,0.672446,0.672446,3.969193,2.707841
28,5328,124.310232,130.593303,14.879075,7.204617,1,-1,-1,-1,0.653490,0.653490,3.043111,2.701562
29,5530,-6.285848,364.750854,15.751465,8.262206,1,-1,-1,-1,0.668212,0.668212,3.818265,2.704905
29,5328,124.323579,130.586209,14.858746,7.197165,1,-1,-1,-1,0.653396,0.653396,3.028469,2.701562
30,5530,-0.361882,364.847565,15.734034,8.252806,1,-1,-1,-1,0.665009,0.665009,3.694582,2.703342
30,5328,124.315550,130.596571,14.870721,7.201036,1,-1,-1,-1,0.653319,0.653319,3.015070,2.701562
31,5530,4.855045,364.787217,15.688145,8.244132,1,-1,-1,-1,0.662548,0.662548,3.592165,2.702510
31,5328,124.309624,130.600056,14.867985,7.203532,1,-1,-1,-1,0.653256,0.653256,3.002767,2.701562
32,5530,9.307169,364.761852,15.661239,8.233012,1,-1,-1,-1,0.660633,0.660633,3.506534,2.702067
32,5328,124.312573,130.601012,14.863131,7.205279,1,-1,-1,-1,0.653205,0.653205,2.991436,2.701562
33,5530,13.134755,364.745454,15.692457,8.216566,1,-1,-1,-1,0.659128,0.659128,3.434287,2.701831
33,5328,124.308893,130.600951,14.870955,7.206829,1,-1,-1,-1,0.653163,0.653163,2.980969,2.701562
34,5672,297.148634,293.557213,8.327513,17.611298,1,-1,-1,-1,0.847083,0.847083,7.132717,3.262201
34,5667,65.117965,210.210312,7.783377,17.012878,1,-1,-1,-1,0.847083,0.847083,7.132717,3.262201
34,5666,63.813821,183.321643,8.527381,16.261201,1,-1,-1,-1,0.847083,0.847083,7.132717,3.262201
34,5664,72.915074,431.434462,7.945988,16.300012,1,-1,-1,-1,0.847083,0.847083,7.132717,3.262201
34,5530,16.134353,364.759509,15.678118,8.196785,1,-1,-1,-1,0.657936,0.657936,3.372813,2.701705
34,5328,124.313832,130.598930,14.867845,7.204911,1,-1,-1,-1,0.653129,0.653129,2.971273,2.701562
35,5681,84.249869,319.485261,8.142022,17.515261,1,-1,-1,-1,0.847083,0.847083,7.132717,3.262201
35,5680,75.494210,477.803404,7.729401,16.023370,1,-1,-1,-1,0.847083,0.847083,7.132717,3.262201
35,5679,81.678923,243.330355,7.954187,15.619844,1,-1,-1,-1,0.847083,0.847083,7.132717,3.262201
35,5672,299.592548,293.789014,8.235701,17.527006,1,-1,-1,-1,0.780933,0.780933,6.225018,2.988460
35,5669,375.819145,118.760586,21.775359,11.478621,1,-1,-1,-1,0.808479,0.808479,6.225062,3.298778
35,5667,67.221186,210.534598,8.023192,17.341677,1,-1,-1,-1,0.780933,0.780933,6.225018,2.988460
35,5666,66.093885,184.005775,8.868093,16.724845,1,-1,-1,-1,0.780933,0.780933,6.225018,2.988460
35,5664,75.156434,431.458510,7.951336,16.326418,1,-1,-1,-1,0.780933,0.780933,6.225018,2.988460
35,5530,18.403614,364.798539,15.699029,8.214474,1,-1,-1,-1,0.656986,0.656986,3.320085,2.701638
35,5328,124.316999,130.606765,14.877184,7.206604,1,-1,-1,-1,0.653101,0.653101,2.962268,2.701562
36,5683,332.921628,131.293315,18.029877,8.585869,1,-1,-1,-1,0.847083,0.847083,7.132717,3.262201
36,5681,85.850528,319.077791,7.907867,16.860980,1,-1,-1,-1,0.780933,0.780933,6.225018,2.988460
36,5680,77.005249,477.865987,7.773166,16.044204,1,-1,-1,-1,0.780933,0.780933,6.225018,2.988460
36,5679,83.589575,246.096101,7.834421,15.405745,1,-1,-1,-1,0.780933,0.780933,6.225018,2.988460
36,5672,301.215198,292.372433,7.844280,16.609043,1,-1,-1,-1,0.739812,0.739812,5.560040,2.851250
36,5669,377.116969,118.717770,21.677128,11.533243,1,-1,-1,-1,0.761768,0.761768,5.587838,3.006395
36,5667,69.167131,209.364478,7.800669,16.506421,1,-1,-1,-1,0.739812,0.739812,5.560040,2.851250
36,5666,67.969216,184.098646,8.514100,16.542348,1,-1,-1,-1,0.739812,0.739812,5.560040,2.851250
36,5664,76.729635,431.418677,7.957108,16.316924,1,-1,-1,-1,0.739812,0.739812,5.560040,2.851250
36,5530,20.021608,364.802668,15.715885,8.236267,1,-1,-1,-1,0.656225,0.656225,3.274518,2.701603
36,5328,124.310187,130.601078,14.883706,7.204989,1,-1,-1,-1,0.653078,0.653078,2.953887,2.701562
37,5683,333.562101,131.582467,17.940006,8.578699,1,-1,-1,-1,0.780933,0.780933,6.225018,2.988460
37,5681,86.751700,319.313203,7.926192,16.996082,1,-1,-1,-1,0.739812,0.739812,5.560040,2.851250
37,5680,77.571164,477.758233,7.915793,16.216878,1,-1,-1,-1,0.739812,0.739812,5.560040,2.851250
37,5679,84.586565,248.279767,7.880949,15.407479,1,-1,-1,-1,0.739812,0.739812,5.560040,2.851250
37,5672,302.125460,294.386913,8.282976,17.570401,1,-1,-1,-1,0.714060,0.714060,5.062690,2.780435
37,5669,377.846468,118.842152,21.807637,11.773764,1,-1,-1,-1,0.729260,0.729260,5.118443,2.860404
37,5667,69.622979,211.473000,8.391647,17.811771,1,-1,-1,-1,0.714060,0.714060,5.062690,2.780435
37,5666,68.669378,184.542584,8.641828,16.841021,1,-1,-1,-1,0.714060,0.714060,5.062690,2.780435
37,5664,77.594427,431.410545,7.953722,16.309327,1,-1,-1,-1,0.714060,0.714060,5.062690,2.780435
37,5530,20.850638,364.784288,15.734961,8.258302,1,-1,-1,-1,0.655613,0.655613,3.234861,2.701584
37,5328,124.311139,130.599236,14.885627,7.203747,1,-1,-1,-1,0.653059,0.653059,2.946067,2.701562
38,5685,301.704792,266.728253,7.927826,17.762641,1,-1,-1,-1,0.739820,0.739820,5.643614,3.065463
38,5683,333.886233,131.501969,17.964500,8.587075,1,-1,-1,-1,0.739812,0.739812,5.560040,2.851250
38,5681,86.904959,319.191993,8.049823,16.957301,1,-1,-1,-1,0.714060,0.714060,5.062690,2.780435
38,5680,78.171065,477.576002,7.843558,16.125640,1,-1,-1,-1,0.714060,0.714060,5.062690,2.780435
38,5679,84.900493,250.834121,8.004451,15.534132,1,-1,-1,-1,0.714060,0.714060,5.062690,2.780435
38,5672,302.411020,294.479382,8.278661,17.606065,1,-1,-1,-1,0.697349,0.697349,4.683127,2.743335
38,5669,378.499218,118.545336,21.465888,11.527267,1,-1,-1,-1,0.707694,0.707694,4.751699,2.785203
38,5667,69.554841,211.807980,8.790052,18.278486,1,-1,-1,-1,0.697349,0.697349,4.683127,2.743335
38,5666,68.850375,184.926670,8.680307,17.110159,1,-1,-1,-1,0.697349,0.697349,4.683127,2.743335
38,5664,77.825257,431.396733,7.950360,16.293725,1,-1,-1,-1,0.697349,0.697349,4.683127,2.743335
38,5530,21.013674,364.729392,15.678270,8.218463,1,-1,-1,-1,0.655120,0.655120,3.200116,2.701574
38,5328,124.317044,130.588642,14.875268,7.196973,1,-1,-1,-1,0.653044,0.653044,2.938756,2.701562
39,5699,287.365372,233.334850,7.517605,15.216111,1,-1,-1,-1,0.847083,0.847083,7.132717,3.262201
39,5698,299.376674,80.887895,7.849329,16.638045,1,-1,-1,-1,0.847083,0.847083,7.132717,3.262201
39,5695,285.682454,79.242738,7.887344,15.263912,1,-1,-1,-1,0.808479,0.808479,6.225062,3.298778
39,5693,300.965285,214.352844,8.085775,17.722054,1,-1,-1,-1,0.808479,0.808479,6.225062,3.298778
39,5685,301.605551,266.849508,8.096075,18.110754,1,-1,-1,-1,0.714526,0.714526,5.071875,2.890387
39,5683,334.052339,131.523929,18.186593,8.653675,1,-1,-1,-1,0.714060,0.714060,5.062690,2.780435
39,5681,86.782457,319.727722,8.115604,17.330811,1,-1,-1,-1,0.697349,0.697349,4.683127,2.743335
39,5680,77.983686,477.799262,7.972869,16.319367,1,-1,-1,-1,0.697349,0.697349,4.683127,2.743335
39,5679,84.878669,253.212632,8.051751,15.824664,1,-1,-1,-1,0.697349,0.697349,4.683127,2.743335
39,5672,302.129320,295.109888,8.325685,17.801661,1,-1,-1,-1,0.686065,0.686065,4.388218,2.723746
39,5669,378.072510,119.338534,21.249876,11.625288,1,-1,-1,-1,0.693227,0.693227,4.458919,2.745845
39,5667,69.529046,212.250204,9.020620,18.811993,1,-1,-1,-1,0.686065,0.686065,4.388218,2.723746
39,5666,68.770945,184.894851,8.809581,17.360920,1,-1,-1,-1,0.686065,0.686065,4.388218,2.723746
39,5664,77.806763,431.433065,7.951436,16.308712,1,-1,-1,-1,0.686065,0.686065,4.388218,2.723746
39,5530,20.824612,364.791330,15.709360,8.254248,1,-1,-1,-1,0.654721,0.654721,3.169484,2.701568
39,5328,124.318145,130.587635,14.873608,7.194973,1,-1,-1,-1,0.653031,0.653031,2.931907,2.701562
40,5699,287.469807,227.966854,7.665838,15.442813,1,-1,-1,-1,0.780933,0.780933,6.225018,2.988460
40,5698,299.350696,80.758267,7.752334,16.425616,1,-1,-1,-1,0.780933,0.780933,6.225018,2.988460
40,5693,300.854886,212.527182,7.976943,17.489106,1,-1,-1,-1,0.761768,0.761768,5.587838,3.006395
40,5685,301.684836,267.552465,8.153146,18.419973,1,-1,-1,-1,0.698056,0.698056,4.683243,2.800777
40,5683,333.741894,131.869975,18.738891,9.031311,1,-1,-1,-1,0.697349,0.697349,4.683127,2.743335
40,5681,86.747411,319.517435,8.023254,17.247962,1,-1,-1,-1,0.686065,0.686065,4.388218,2.723746
40,5680,77.854603,477.768197,8.042917,16.405362,1,-1,-1,-1,0.686065,0.686065,4.388218,2.723746
40,5679,84.646733,255.192800,8.099041,15.960962,1,-1,-1,-1,0.686065,0.686065,4.388218,2.723746
40,5672,301.900587,294.293174,8.252392,17.567352,1,-1,-1,-1,0.678159,0.678159,4.155461,2.713360
40,5669,377.625071,119.988941,21.826457,12.267589,1,-1,-1,-1,0.683248,0.683248,4.222594,2.725074
40,5667,69.379804,211.896912,9.077997,18.963015,1,-1,-1,-1,0.678159,0.678159,4.155461,2.713360
40,5666,68.746879,184.419086,8.792964,17.236671,1,-1,-1,-1,0.678159,0.678159,4.155461,2.713360
40,5664,77.733549,431.405296,7.949388,16.294792,1,-1,-1,-1,0.678159,0.678159,4.155461,2.713360
40,5530,20.638395,364.826268,15.711661,8.264847,1,-1,-1,-1,0.654397,0.654397,3.142321,2.701565
40,5328,124.318842,130.587659,14.872408,7.193520,1,-1,-1,-1,0.653021,0.653021,2.925479,2.701562
41,5699,287.144460,222.652004,7.696887,15.681841,1,-1,-1,-1,0.739812,0.739812,5.560040,2.851250
41,5683,333.509555,131.708224,18.808193,9.089811,1,-1,-1,-1,0.686065,0.686065,4.388218,2.723746
41,5681,86.777657,319.500371,8.050574,17.301295,1,-1,-1,-1,0.678159,0.678159,4.155461,2.713360
41,5680,77.786858,477.752148,8.032005,16.394818,1,-1,-1,-1,0.678159,0.678159,4.155461,2.713360
41,5679,84.487956,256.812830,7.881661,15.848244,1,-1,-1,-1,0.678159,0.678159,4.155461,2.713360
41,5667,69.320690,212.147444,9.079791,19.131997,1,-1,-1,-1,0.672446,0.672446,3.969193,2.707841
41,5666,68.626474,184.798172,8.789348,17.362749,1,-1,-1,-1,0.672446,0.672446,3.969193,2.707841
41,5664,77.646492,431.415639,7.949199,16.295474,1,-1,-1,-1,0.672446,0.672446,3.969193,2.707841
41,5530,20.549444,364.795537,15.626629,8.252058,1,-1,-1,-1,0.654134,0.654134,3.118101,2.701564
41,5328,124.317446,130.588003,14.868730,7.192412,1,-1,-1,-1,0.653013,0.653013,2.919436,2.701562
42,5699,286.050779,217.414674,8.396769,16.931631,1,-1,-1,-1,0.714060,0.714060,5.062690,2.780435
42,5683,333.212278,132.507039,19.308781,9.712651,1,-1,-1,-1,0.678159,0.678159,4.155461,2.713360
42,5681,86.682351,319.178426,7.980868,17.061174,1,-1,-1,-1,0.672446,0.672446,3.969193,2.707841
42,5680,77.729699,477.908646,8.001023,16.419318,1,-1,-1,-1,0.672446,0.672446,3.969193,2.707841
42,5679,84.551756,257.874653,7.738744,15.775393,1,-1,-1,-1,0.672446,0.672446,3.969193,2.707841
42,5667,69.005408,212.530543,9.233989,19.474288,1,-1,-1,-1,0.668212,0.668212,3.818265,2.704905
42,5666,68.583470,184.379088,8.713349,17.231420,1,-1,-1,-1,0.668212,0.668212,3.818265,2.704905
42,5664,77.565248,431.421133,7.949365,16.299298,1,-1,-1,-1,0.668212,0.668212,3.818265,2.704905
42,5530,20.424649,364.740686,15.563583,8.202682,1,-1,-1,-1,0.653921,0.653921,3.096395,2.701563
42,5328,124.317553,130.588378,14.866059,7.191609,1,-1,-1,-1,0.653006,0.653006,2.913746,2.701562
43,5699,285.554312,211.399639,9.040396,18.016265,1,-1,-1,-1,0.697349,0.697349,4.683127,2.743335
43,5683,333.100801,132.127214,19.418671,9.997275,1,-1,-1,-1,0.672446,0.672446,3.969193,2.707841
43,5681,86.622396,319.167292,7.933558,16.920479,1,-1,-1,-1,0.668212,0.668212,3.818265,2.704905
43,5680,77.602647,477.868363,7.990855,16.435227,1,-1,-1,-1,0.668212,0.668212,3.818265,2.704905
43,5679,84.362970,258.871728,7.787329,15.750756,1,-1,-1,-1,0.668212,0.668212,3.818265,2.704905
43,5667,68.974418,212.489355,9.275554,19.593148,1,-1,-1,-1,0.665009,0.665009,3.694582,2.703342
43,5666,68.432551,183.868871,8.793882,17.191409,1,-1,-1,-1,0.665009,0.665009,3.694582,2.703342
43,5664,77.487642,431.424290,7.949700,16.305224,1,-1,-1,-1,0.665009,0.665009,3.694582,2.703342
43,5530,20.111441,364.728147,15.562498,8.200328,1,-1,-1,-1,0.653747,0.653747,3.076849,2.701563
43,5328,124.319924,130.588682,14.866926,7.191079,1,-1,-1,-1,0.653000,0.653000,2.908379,2.701562
44,5708,282.808372,148.179181,8.403270,10.779693,1,-1,-1,-1,0.847083,0.847083,7.132717,3.262201
44,5699,286.198415,204.894384,8.738366,17.793210,1,-1,-1,-1,0.686065,0.686065,4.388218,2.723746
44,5683,333.307836,131.804106,19.674677,10.249989,1,-1,-1,-1,0.668212,0.668212,3.818265,2.704905
44,5681,86.669553,319.552764,7.950567,16.975301,1,-1,-1,-1,0.665009,0.665009,3.694582,2.703342
44,5680,77.628270,477.932872,8.061409,16.451341,1,-1,-1,-1,0.665009,0.665009,3.694582,2.703342
44,5679,84.380014,259.987853,7.818776,15.817655,1,-1,-1,-1,0.665009,0.665009,3.694582,2.703342
44,5667,69.178153,210.512983,8.991039,18.835206,1,-1,-1,-1,0.662548,0.662548,3.592165,2.702510
44,5666,68.227602,183.340090,8.847314,17.183089,1,-1,-1,-1,0.662548,0.662548,3.592165,2.702510
44,5664,77.421177,431.425296,7.956399,16.314412,1,-1,-1,-1,0.662548,0.662548,3.592165,2.702510
44,5530,19.860338,364.800229,15.653830,8.242347,1,-1,-1,-1,0.653605,0.653605,3.059169,2.701562
44,5328,124.325442,130.593625,14.864556,7.187842,1,-1,-1,-1,0.652996,0.652996,2.903309,2.701562
45,5708,280.150560,143.549431,9.256746,11.218023,1,-1,-1,-1,0.780933,0.780933,6.225018,2.988460
45,5705,70.556780,258.067815,8.533648,18.384850,1,-1,-1,-1,0.715357,0.715357,5.235760,2.953529
45,5699,286.356682,197.188283,8.209445,16.481827,1,-1,-1,-1,0.678159,0.678159,4.155461,2.713360
45,5681,86.497510,319.517551,7.967573,17.131219,1,-1,-1,-1,0.662548,0.662548,3.592165,2.702510
45,5680,77.576528,477.949224,8.133707,16.483216,1,-1,-1,-1,0.662548,0.662548,3.592165,2.702510
45,5667,69.266340,209.388018,8.709550,18.199128,1,-1,-1,-1,0.660633,0.660633,3.506534,2.702067
45,5666,68.204115,182.361530,8.848067,17.095016,1,-1,-1,-1,0.660633,0.660633,3.506534,2.702067
45,5664,77.371503,431.387742,7.956782,16.301175,1,-1,-1,-1,0.660633,0.660633,3.506534,2.702067
45,5530,19.720942,364.858454,15.735278,8.281755,1,-1,-1,-1,0.653490,0.653490,3.043111,2.701562
45,5328,124.325970,130.591459,14.860245,7.188241,1,-1,-1,-1,0.652992,0.652992,2.898514,2.701562
46,5708,276.528676,139.606415,9.919285,11.232557,1,-1,-1,-1,0.739812,0.739812,5.560040,2.851250
46,5699,286.052457,191.954338,8.360628,16.116410,1,-1,-1,-1,0.672446,0.672446,3.969193,2.707841
46,5681,86.492379,319.319158,7.863197,16.752682,1,-1,-1,-1,0.660633,0.660633,3.506534,2.702067
46,5680,77.720671,477.930731,8.178880,16.415792,1,-1,-1,-1,0.660633,0.660633,3.506534,2.702067
46,5667,69.066424,210.149608,8.767920,18.454625,1,-1,-1,-1,0.659128,0.659128,3.434287,2.701831
46,5666,68.254807,181.163632,8.838380,17.283766,1,-1,-1,-1,0.659128,0.659128,3.434287,2.701831
46,5664,77.328479,431.426034,7.962030,16.323173,1,-1,-1,-1,0.659128,0.659128,3.434287,2.701831
46,5530,19.510599,364.835483,15.795855,8.301614,1,-1,-1,-1,0.653396,0.653396,3.028469,2.701562
46,5328,124.320379,130.590594,14.857110,7.188538,1,-1,-1,-1,0.652989,0.652989,2.893973,2.701562
47,5708,272.459556,135.742938,10.238333,10.751322,1,-1,-1,-1,0.714060,0.714060,5.062690,2.780435
47,5699,286.079519,187.633837,8.141802,15.841526,1,-1,-1,-1,0.668212,0.668212,3.818265,2.704905
47,5681,86.558816,319.426695,7.925396,16.825108,1,-1,-1,-1,0.659128,0.659128,3.434287,2.701831
47,5680,77.587762,478.019969,8.167768,16.458853,1,-1,-1,-1,0.659128,0.659128,3.434287,2.701831
47,5667,68.973432,209.239918,8.721477,18.565274,1,-1,-1,-1,0.657936,0.657936,3.372813,2.701705
47,5666,68.388554,178.815624,8.674256,17.043197,1,-1,-1,-1,0.657936,0.657936,3.372813,2.701705
47,5664,77.293173,431.407239,7.958538,16.319120,1,-1,-1,-1,0.657936,0.657936,3.372813,2.701705
47,5530,19.458028,364.775035,15.762712,8.287995,1,-1,-1,-1,0.653319,0.653319,3.015070,2.701562
47,5328,124.327199,130.596749,14.857627,7.188806,1,-1,-1,-1,0.652986,0.652986,2.889667,2.701562
48,5714,298.244798,81.447153,10.107779,20.233411,1,-1,-1,-1,0.847083,0.847083,7.132717,3.262201
48,5708,267.833585,133.019827,10.324654,10.128012,1,-1,-1,-1,0.697349,0.697349,4.683127,2.743335
48,5699,286.080785,183.335373,7.964333,15.435412,1,-1,-1,-1,0.665009,0.665009,3.694582,2.703342
48,5681,86.437818,319.138771,7.897141,16.615746,1,-1,-1,-1,0.657936,0.657936,3.372813,2.701705
48,5680,77.429579,478.193454,8.290656,16.640382,1,-1,-1,-1,0.657936,0.657936,3.372813,2.701705
48,5667,68.910396,208.043907,8.649375,18.411448,1,-1,-1,-1,0.656986,0.656986,3.320085,2.701638
48,5666,68.853993,176.256826,8.368169,16.707979,1,-1,-1,-1,0.656986,0.656986,3.320085,2.701638
48,5664,77.262328,431.336480,7.953997,16.274022,1,-1,-1,-1,0.656986,0.656986,3.320085,2.701638
48,5530,19.426618,364.775828,15.733337,8.280869,1,-1,-1,-1,0.653256,0.653256,3.002767,2.701562
48,5328,124.329793,130.597192,14.857823,7.186209,1,-1,-1,-1,0.652984,0.652984,2.885579,2.701562
49,5708,263.006566,130.547708,10.082288,9.101835,1,-1,-1,-1,0.686065,0.686065,4.388218,2.723746
49,5699,286.239125,180.001885,7.952600,15.391998,1,-1,-1,-1,0.662548,0.662548,3.592165,2.702510
49,5681,86.427114,319.433230,7.936136,16.690764,1,-1,-1,-1,0.656986,0.656986,3.320085,2.701638
49,5680,77.318925,478.032570,8.282070,16.672221,1,-1,-1,-1,0.656986,0.656986,3.320085,2.701638
49,5667,68.817420,207.203069,8.576392,18.425885,1,-1,-1,-1,0.656225,0.656225,3.274518,2.701603
49,5666,68.996167,173.742157,8.160249,16.396237,1,-1,-1,-1,0.656225,0.656225,3.274518,2.701603
49,5664,77.227707,431.342483,7.951360,16.250784,1,-1,-1,-1,0.656225,0.656225,3.274518,2.701603
49,5530,19.073640,364.871547,15.874010,8.329045,1,-1,-1,-1,0.653205,0.653205,2.991436,2.701562
49,5328,124.328764,130.593183,14.855371,7.187069,1,-1,-1,-1,0.652983,0.652983,2.881694,2.701562
50,5699,286.004310,177.480988,8.020327,15.431569,1,-1,-1,-1,0.660633,0.660633,3.506534,2.702067
50,5681,86.375060,319.471569,7.940076,16.532511,1,-1,-1,-1,0.656225,0.656225,3.274518,2.701603
50,5680,77.521584,478.091811,8.253592,16.742180,1,-1,-1,-1,0.656225,0.656225,3.274518,2.701603
50,5667,68.879858,205.545647,8.488692,18.510245,1,-1,-1,-1,0.655613,0.655613,3.234861,2.701584
50,5666,69.160443,171.058043,8.044225,16.226073,1,-1,-1,-1,0.655613,0.655613,3.234861,2.701584
50,5664,77.198948,431.418855,7.951847,16.284565,1,-1,-1,-1,0.655613,0.655613,3.234861,2.701584
50,5530,19.180438,365.344350,15.841784,8.506107,1,-1,-1,-1,0.653163,0.653163,2.980969,2.701562
50,5328,124.325997,130.591480,14.859169,7.187787,1,-1,-1,-1,0.652981,0.652981,2.877997,2.701562
51,5699,286.355166,175.971376,8.061448,15.651144,1,-1,-1,-1,0.659128,0.659128,3.434287,2.701831
51,5681,86.264432,319.392373,7.986326,16.595021,1,-1,-1,-1,0.655613,0.655613,3.234861,2.701584
51,5680,77.437903,477.736942,8.301486,16.831805,1,-1,-1,-1,0.655613,0.655613,3.234861,2.701584
51,5667,68.964915,203.273289,8.444968,18.407292,1,-1,-1,-1,0.655120,0.655120,3.200116,2.701574
51,5666,69.248538,167.504382,8.017035,15.900151,1,-1,-1,-1,0.655120,0.655120,3.200116,2.701574
51,5664,77.166133,431.235251,7.949739,16.323137,1,-1,-1,-1,0.655120,0.655120,3.200116,2.701574
51,5530,19.115255,365.464561,16.068551,8.781140,1,-1,-1,-1,0.653129,0.653129,2.971273,2.701562
51,5328,124.322404,130.590751,14.859155,7.188269,1,-1,-1,-1,0.652980,0.652980,2.874476,2.701562
52,5699,286.278694,174.422597,7.906375,15.575786,1,-1,-1,-1,0.657936,0.657936,3.372813,2.701705
52,5681,86.367476,319.142423,7.992116,16.456686,1,-1,-1,-1,0.655120,0.655120,3.200116,2.701574
52,5680,77.643202,477.717641,8.115857,16.679182,1,-1,-1,-1,0.655120,0.655120,3.200116,2.701574
52,5667,68.639253,201.528970,8.564746,18.548994,1,-1,-1,-1,0.654721,0.654721,3.169484,2.701568
52,5666,69.233613,164.652754,8.357554,16.041691,1,-1,-1,-1,0.654721,0.654721,3.169484,2.701568
52,5664,77.125779,430.716721,7.955015,16.378404,1,-1,-1,-1,0.654721,0.654721,3.169484,2.701568
52,5530,18.352564,365.183479,15.922664,8.907530,1,-1,-1,-1,0.653101,0.653101,2.962268,2.701562
52,5328,124.322913,130.596921,14.861935,7.188664,1,-1,-1,-1,0.652979,0.652979,2.871119,2.701562
53,5719,284.999297,53.528466,8.201335,16.155023,1,-1,-1,-1,0.847083,0.847083,7.132717,3.262201
53,5718,285.735955,79.105401,7.837041,15.292462,1,-1,-1,-1,0.847083,0.847083,7.132717,3.262201
53,5699,286.253582,173.543637,7.947464,15.573573,1,-1,-1,-1,0.656986,0.656986,3.320085,2.701638
53,5681,86.386143,319.653230,8.072532,16.838350,1,-1,-1,-1,0.654721,0.654721,3.169484,2.701568
53,5680,77.648617,478.113525,8.141252,17.058343,1,-1,-1,-1,0.654721,0.654721,3.169484,2.701568
53,5667,68.632883,199.385913,8.650346,18.838847,1,-1,-1,-1,0.654397,0.654397,3.142321,2.701565
53,5666,69.483093,161.349062,8.481133,16.069837,1,-1,-1,-1,0.654397,0.654397,3.142321,2.701565
53,5664,77.088620,429.790575,8.005923,16.440815,1,-1,-1,-1,0.654397,0.654397,3.142321,2.701565
53,5530,18.462629,364.805768,15.917376,8.794408,1,-1,-1,-1,0.653078,0.653078,2.953887,2.701562
53,5328,124.325407,130.599247,14.858397,7.188873,1,-1,-1,-1,0.652978,0.652978,2.867916,2.701562
54,5719,285.142396,53.510173,8.420195,16.207518,1,-1,-1,-1,0.780933,0.780933,6.225018,2.988460
54,5718,285.622957,78.764984,8.107353,15.439926,1,-1,-1,-1,0.780933,0.780933,6.225018,2.988460
54,5699,286.253464,173.422321,7.854927,15.487495,1,-1,-1,-1,0.656225,0.656225,3.274518,2.701603
54,5681,86.135806,319.508734,8.394466,17.012232,1,-1,-1,-1,0.654397,0.654397,3.142321,2.701565
54,5680,77.230600,478.630650,8.472021,17.657162,1,-1,-1,-1,0.654397,0.654397,3.142321,2.701565
54,5667,68.485670,196.282742,8.641103,18.913234,1,-1,-1,-1,0.654134,0.654134,3.118101,2.701564
54,5666,69.756181,157.536585,8.794396,16.256863,1,-1,-1,-1,0.654134,0.654134,3.118101,2.701564
54,5664,77.074566,428.830348,8.222254,16.570301,1,-1,-1,-1,0.654134,0.654134,3.118101,2.701564
54,5530,18.866845,364.653119,15.846839,8.604657,1,-1,-1,-1,0.653059,0.653059,2.946067,2.701562
54,5328,124.330716,130.600050,14.861388,7.189108,1,-1,-1,-1,0.652978,0.652978,2.864857,2.701562
55,5718,285.638153,79.163109,7.944521,15.344277,1,-1,-1,-1,0.739812,0.739812,5.560040,2.851250
55,5699,286.599349,173.272950,7.766412,15.379849,1,-1,-1,-1,0.655613,0.655613,3.234861,2.701584
55,5681,85.901862,319.770164,8.749316,17.353381,1,-1,-1,-1,0.654134,0.654134,3.118101,2.701564
55,5680,77.219328,479.357561,8.989905,18.471597,1,-1,-1,-1,0.654134,0.654134,3.118101,2.701564
55,5667,68.448290,190.806923,8.506871,18.075540,1,-1,-1,-1,0.653921,0.653921,3.096395,2.701563
55,5666,70.375168,153.797533,9.421136,16.527049,1,-1,-1,-1,0.653921,0.653921,3.096395,2.701563
55,5664,77.006030,428.299510,8.635881,16.761231,1,-1,-1,-1,0.653921,0.653921,3.096395,2.701563
55,5530,18.808551,364.528747,15.794585,8.424029,1,-1,-1,-1,0.653044,0.653044,2.938756,2.701562
55,5328,124.323792,130.593796,14.860792,7.189242,1,-1,-1,-1,0.652977,0.652977,2.861934,2.701562
56,5718,286.005862,79.199637,7.796693,15.233403,1,-1,-1,-1,0.714060,0.714060,5.062690,2.780435
56,5699,286.616174,173.217341,7.713800,15.270334,1,-1,-1,-1,0.655120,0.655120,3.200116,2.701574
56,5681,85.883525,319.285659,8.823791,17.235199,1,-1,-1,-1,0.653921,0.653921,3.096395,2.701563
56,5680,76.766193,478.660669,9.215866,18.634911,1,-1,-1,-1,0.653921,0.653921,3.096395,2.701563
56,5667,68.532959,188.118700,8.447840,17.972398,1,-1,-1,-1,0.653747,0.653747,3.076849,2.701563
56,5666,71.455244,149.161665,10.041060,16.487475,1,-1,-1,-1,0.653747,0.653747,3.076849,2.701563
56,5664,76.620252,428.082713,8.881603,16.865847,1,-1,-1,-1,0.653747,0.653747,3.076849,2.701563
56,5530,19.172503,364.276860,15.557555,8.211272,1,-1,-1,-1,0.653031,0.653031,2.931907,2.701562
56,5328,124.323129,130.591379,14.863142,7.189380,1,-1,-1,-1,0.652977,0.652977,2.859137,2.701562
57,5718,285.945775,79.184300,7.679587,15.113701,1,-1,-1,-1,0.697349,0.697349,4.683127,2.743335
57,5699,286.707496,173.388806,7.701007,15.289765,1,-1,-1,-1,0.654721,0.654721,3.169484,2.701568
57,5681,86.011367,319.429730,8.795025,17.290797,1,-1,-1,-1,0.653747,0.653747,3.076849,2.701563
57,5680,76.686172,478.212115,9.212080,18.935153,1,-1,-1,-1,0.653747,0.653747,3.076849,2.701563
57,5667,68.232095,184.942118,8.641867,18.043119,1,-1,-1,-1,0.653605,0.653605,3.059169,2.701562
57,5666,72.344387,144.534902,10.855896,16.390893,1,-1,-1,-1,0.653605,0.653605,3.059169,2.701562
57,5664,76.133514,427.934105,8.843732,16.850596,1,-1,-1,-1,0.653605,0.653605,3.059169,2.701562
57,5530,18.915850,364.658406,15.733115,8.217518,1,-1,-1,-1,0.653021,0.653021,2.925479,2.701562
57,5328,124.318715,130.597017,14.859301,7.189407,1,-1,-1,-1,0.652977,0.652977,2.856459,2.701562
58,5718,285.639443,79.341372,7.748151,15.320547,1,-1,-1,-1,0.686065,0.686065,4.388218,2.723746
58,5699,286.503088,173.753971,7.892851,15.310012,1,-1,-1,-1,0.654397,0.654397,3.142321,2.701565
58,5681,86.155764,319.727278,8.642000,17.551013,1,-1,-1,-1,0.653605,0.653605,3.059169,2.701562
58,5680,76.862686,477.821906,9.167979,19.055925,1,-1,-1,-1,0.653605,0.653605,3.059169,2.701562
58,5667,68.099973,180.994034,8.649742,18.053666,1,-1,-1,-1,0.653490,0.653490,3.043111,2.701562
58,5666,74.128827,140.376263,11.685777,16.502960,1,-1,-1,-1,0.653490,0.653490,3.043111,2.701562
58,5664,75.777331,427.647294,8.632174,16.705910,1,-1,-1,-1,0.653490,0.653490,3.043111,2.701562
58,5530,18.863683,364.533613,15.699013,8.122148,1,-1,-1,-1,0.653013,0.653013,2.919436,2.701562
58,5328,124.319593,130.592612,14.859282,7.189467,1,-1,-1,-1,0.652976,0.652976,2.853893,2.701562
59,5736,69.899542,249.167877,9.204055,20.182058,1,-1,-1,-1,0.847083,0.847083,7.132717,3.262201
59,5728,-1.861428,364.661791,9.997029,7.393903,1,-1,-1,-1,0.715357,0.715357,5.235760,2.953529
59,5718,285.972657,79.518028,7.993003,15.734003,1,-1,-1,-1,0.678159,0.678159,4.155461,2.713360
59,5699,286.423060,174.127374,7.970665,15.602986,1,-1,-1,-1,0.654134,0.654134,3.118101,2.701564
59,5681,86.178518,319.241705,8.410434,17.132288,1,-1,-1,-1,0.653490,0.653490,3.043111,2.701562
59,5680,76.824314,477.378278,9.099691,19.020643,1,-1,-1,-1,0.653490,0.653490,3.043111,2.701562
59,5667,67.900583,176.971574,8.524854,18.086264,1,-1,-1,-1,0.653396,0.653396,3.028469,2.701562
59,5666,76.829343,136.044132,12.759669,16.546776,1,-1,-1,-1,0.653396,0.653396,3.028469,2.701562
59,5664,75.633513,427.220018,8.431611,16.564204,1,-1,-1,-1,0.653396,0.653396,3.028469,2.701562
59,5530,18.745733,364.497384,15.701031,8.104693,1,-1,-1,-1,0.653006,0.653006,2.913746,2.701562
59,5328,124.319865,130.599340,14.859430,7.192287,1,-1,-1,-1,0.652976,0.652976,2.851434,2.701562
60,5736,69.873459,245.299891,9.102707,19.298658,1,-1,-1,-1,0.780933,0.780933,6.225018,2.988460
60,5718,285.801933,79.088787,7.977168,15.561616,1,-1,-1,-1,0.672446,0.672446,3.969193,2.707841
60,5699,286.452065,174.848882,8.202400,16.139315,1,-1,-1,-1,0.653921,0.653921,3.096395,2.701563
60,5681,86.249876,319.303712,8.300180,17.171809,1,-1,-1,-1,0.653396,0.653396,3.028469,2.701562
60,5680,76.783069,477.090517,9.067845,19.073386,1,-1,-1,-1,0.653396,0.653396,3.028469,2.701562
60,5667,67.875893,172.261062,8.336509,17.963632,1,-1,-1,-1,0.653319,0.653319,3.015070,2.701562
60,5666,79.562466,131.783124,14.177963,16.627734,1,-1,-1,-1,0.653319,0.653319,3.015070,2.701562
60,5664,75.599774,426.575050,8.277067,16.466168,1,-1,-1,-1,0.653319,0.653319,3.015070,2.701562
60,5530,18.544047,364.442518,15.753924,8.104308,1,-1,-1,-1,0.653000,0.653000,2.908379,2.701562
60,5328,124.322733,130.601438,14.853986,7.194273,1,-1,-1,-1,0.652976,0.652976,2.849075,2.701562
61,5736,69.670769,243.481672,8.994868,19.304341,1,-1,-1,-1,0.739812,0.739812,5.560040,2.851250
61,5718,285.578152,79.754224,8.067558,15.809800,1,-1,-1,-1,0.668212,0.668212,3.818265,2.704905
61,5699,286.211769,175.044072,8.302809,16.279951,1,-1,-1,-1,0.653747,0.653747,3.076849,2.701563
61,5681,86.278095,319.268362,8.222932,17.096124,1,-1,-1,-1,0.653319,0.653319,3.015070,2.701562
61,5680,76.771607,476.959368,9.067527,19.163096,1,-1,-1,-1,0.653319,0.653319,3.015070,2.701562
61,5667,67.835885,167.771966,8.236821,18.085212,1,-1,-1,-1,0.653256,0.653256,3.002767,2.701562
61,5666,83.778463,127.524482,15.135620,16.056656,1,-1,-1,-1,0.653256,0.653256,3.002767,2.701562
61,5664,75.586557,425.560814,8.164378,16.385247,1,-1,-1,-1,0.653256,0.653256,3.002767,2.701562
61,5530,18.451050,364.515019,15.732441,8.122382,1,-1,-1,-1,0.652996,0.652996,2.903309,2.701562
61,5328,124.327633,130.600024,14.844317,7.192884,1,-1,-1,-1,0.652976,0.652976,2.846809,2.701562
62,5736,69.615531,240.106566,8.718707,18.117363,1,-1,-1,-1,0.714060,0.714060,5.062690,2.780435
62,5718,285.790244,79.790479,8.033884,15.808746,1,-1,-1,-1,0.665009,0.665009,3.694582,2.703342
62,5699,286.327256,174.720907,8.202323,16.184808,1,-1,-1,-1,0.653605,0.653605,3.059169,2.701562
62,5681,86.207446,319.340323,8.153973,16.968984,1,-1,-1,-1,0.653256,0.653256,3.002767,2.701562
62,5680,76.749815,476.479793,9.018687,19.142993,1,-1,-1,-1,0.653256,0.653256,3.002767,2.701562
62,5667,67.551101,162.498720,8.414607,18.292880,1,-1,-1,-1,0.653205,0.653205,2.991436,2.701562
62,5666,87.547664,123.752305,16.868171,14.923048,1,-1,-1,-1,0.653205,0.653205,2.991436,2.701562
62,5664,75.567236,424.263177,8.083086,16.359174,1,-1,-1,-1,0.653205,0.653205,2.991436,2.701562
62,5530,18.473549,364.331423,15.655823,8.005169,1,-1,-1,-1,0.652992,0.652992,2.898514,2.701562
62,5328,124.328490,130.591268,14.842675,7.189169,1,-1,-1,-1,0.652976,0.652976,2.844634,2.701562
63,5736,69.511733,238.076235,8.538178,18.207154,1,-1,-1,-1,0.697349,0.697349,4.683127,2.743335
63,5719,285.636364,53.339198,8.587218,16.478407,1,-1,-1,-1,0.664559,0.664559,3.864797,2.879010
63,5718,285.870702,79.404789,7.952475,15.695335,1,-1,-1,-1,0.662548,0.662548,3.592165,2.702510
63,5699,286.458550,174.456227,8.153280,16.249800,1,-1,-1,-1,0.653490,0.653490,3.043111,2.701562
63,5681,86.227871,319.803955,8.223801,17.492328,1,-1,-1,-1,0.653205,0.653205,2.991436,2.701562
63,5680,76.635090,476.254363,8.992929,19.231021,1,-1,-1,-1,0.653205,0.653205,2.991436,2.701562
63,5667,67.387763,157.380466,8.479166,18.477760,1,-1,-1,-1,0.653163,0.653163,2.980969,2.701562
63,5664,75.545812,422.505438,8.020371,16.306391,1,-1,-1,-1,0.653163,0.653163,2.980969,2.701562
63,5530,18.011640,364.229859,16.043350,8.000647,1,-1,-1,-1,0.652989,0.652989,2.893973,2.701562
63,5328,124.336551,130.596933,14.852717,7.189374,1,-1,-1,-1,0.652976,0.652976,2.842542,2.701562
64,5736,69.329153,235.994133,8.627435,18.659976,1,-1,-1,-1,0.686065,0.686065,4.388218,2.723746
64,5718,286.075084,79.535957,8.100311,16.010632,1,-1,-1,-1,0.660633,0.660633,3.506534,2.702067
64,5699,286.591716,173.869644,7.968078,15.977185,1,-1,-1,-1,0.653396,0.653396,3.028469,2.701562
64,5680,76.649734,476.014276,8.980678,19.375195,1,-1,-1,-1,0.653163,0.653163,2.980969,2.701562
64,5667,67.067904,150.547326,8.397757,18.336294,1,-1,-1,-1,0.653129,0.653129,2.971273,2.701562
64,5664,75.496617,420.503031,7.986450,16.285740,1,-1,-1,-1,0.653129,0.653129,2.971273,2.701562
64,5530,18.086137,364.793315,16.162299,8.136743,1,-1,-1,-1,0.652986,0.652986,2.889667,2.701562
64,5328,124.330398,130.590717,14.848819,7.186617,1,-1,-1,-1,0.652975,0.652975,2.840531,2.701562
65,5747,173.907670,129.969791,8.823213,5.920419,1,-1,-1,-1,0.847083,0.847083,7.132717,3.262201
65,5736,69.345156,232.232249,8.686526,18.775343,1,-1,-1,-1,0.678159,0.678159,4.155461,2.713360
65,5718,285.757938,79.331395,8.005781,15.788232,1,-1,-1,-1,0.659128,0.659128,3.434287,2.701831
65,5699,286.788623,175.950732,8.133864,16.706236,1,-1,-1,-1,0.653319,0.653319,3.015070,2.701562
65,5680,76.656334,475.469483,8.957950,19.427718,1,-1,-1,-1,0.653129,0.653129,2.971273,2.701562
65,5664,75.440411,418.200772,7.956823,16.301100,1,-1,-1,-1,0.653101,0.653101,2.962268,2.701562
65,5530,18.361810,364.534631,16.062902,8.057784,1,-1,-1,-1,0.652984,0.652984,2.885579,2.701562
65,5328,124.311880,130.600805,14.879665,7.193345,1,-1,-1,-1,0.652975,0.652975,2.838596,2.701562
66,5749,-1.578906,364.607119,9.497262,7.097575,1,-1,-1,-1,0.847083,0.847083,7.132717,3.262201
66,5747,170.577635,129.970000,8.821815,5.920000,1,-1,-1,-1,0.780933,0.780933,6.225018,2.988460
66,5736,69.255082,227.242506,8.747066,18.484064,1,-1,-1,-1,0.672446,0.672446,3.969193,2.707841
66,5718,285.633533,79.241393,8.108587,15.790415,1,-1,-1,-1,0.657936,0.657936,3.372813,2.701705
66,5699,286.424464,175.408088,8.041204,16.510202,1,-1,-1,-1,0.653256,0.653256,3.002767,2.701562
66,5680,76.554493,475.386117,9.011656,19.612046,1,-1,-1,-1,0.653101,0.653101,2.962268,2.701562
66,5664,75.372298,415.477561,7.934695,16.287235,1,-1,-1,-1,0.653078,0.653078,2.953887,2.701562
66,5530,18.464721,364.540948,15.968459,8.027899,1,-1,-1,-1,0.652983,0.652983,2.881694,2.701562
66,5328,124.309623,130.601798,14.868769,7.195051,1,-1,-1,-1,0.652975,0.652975,2.836732,2.701562
67,5749,-1.652469,364.594036,9.560134,7.219061,1,-1,-1,-1,0.780933,0.780933,6.225018,2.988460
67,5747,167.551140,129.970082,8.821052,5.919835,1,-1,-1,-1,0.739812,0.739812,5.560040,2.851250
67,5736,69.421645,223.114184,8.823745,18.393451,1,-1,-1,-1,0.668212,0.668212,3.818265,2.704905
67,5718,285.640691,79.394350,8.209500,15.861050,1,-1,-1,-1,0.656986,0.656986,3.320085,2.701638
67,5699,286.444259,175.137182,8.250818,16.595329,1,-1,-1,-1,0.653205,0.653205,2.991436,2.701562
67,5681,86.268274,319.498347,8.199635,17.746382,1,-1,-1,-1,0.654974,0.654974,3.113883,2.835011
67,5664,75.282251,412.493490,7.924558,16.291789,1,-1,-1,-1,0.653059,0.653059,2.946067,2.701562
67,5530,18.541323,364.546118,15.948539,8.031763,1,-1,-1,-1,0.652981,0.652981,2.877997,2.701562
67,5328,124.302967,130.622401,14.869732,7.207445,1,-1,-1,-1,0.652975,0.652975,2.834938,2.701562
68,5749,-1.476946,364.573975,9.387620,7.009209,1,-1,-1,-1,0.739812,0.739812,5.560040,2.851250
68,5747,164.884652,129.970495,8.816680,5.919009,1,-1,-1,-1,0.714060,0.714060,5.062690,2.780435
68,5736,69.059071,219.647864,9.261709,18.852874,1,-1,-1,-1,0.665009,0.665009,3.694582,2.703342
68,5718,285.772204,79.323956,8.009514,15.557386,1,-1,-1,-1,0.656225,0.656225,3.274518,2.701603
68,5681,86.231547,319.477973,8.187639,17.353854,1,-1,-1,-1,0.653234,0.653234,3.029734,2.771961
68,5667,66.330583,124.366058,8.317245,18.468164,1,-1,-1,-1,0.654940,0.654940,3.097070,2.835011
68,5664,75.187880,409.152206,7.911433,16.289069,1,-1,-1,-1,0.653044,0.653044,2.938756,2.701562
68,5530,18.571120,364.631936,15.960167,8.082073,1,-1,-1,-1,0.652980,0.652980,2.874476,2.701562
68,5328,124.312610,130.609347,14.858886,7.208080,1,-1,-1,-1,0.652975,0.652975,2.833208,2.701562
69,5749,-1.252221,364.207655,9.208269,6.783406,1,-1,-1,-1,0.714060,0.714060,5.062690,2.780435
69,5747,162.512346,129.970331,8.817676,5.919338,1,-1,-1,-1,0.697349,0.697349,4.683127,2.743335
69,5736,68.585795,216.421155,9.507921,19.433414,1,-1,-1,-1,0.662548,0.662548,3.592165,2.702510
69,5718,286.264052,79.328563,7.921123,15.626423,1,-1,-1,-1,0.655613,0.655613,3.234861,2.701584
69,5681,86.195693,319.431138,8.308709,17.366913,1,-1,-1,-1,0.653047,0.653047,2.982749,2.738870
69,5667,65.866945,116.868498,8.466825,18.604630,1,-1,-1,-1,0.653206,0.653206,3.014757,2.771961
69,5664,75.078520,405.478891,7.904771,16.290219,1,-1,-1,-1,0.653031,0.653031,2.931907,2.701562
69,5530,18.252653,364.794252,16.117210,8.136198,1,-1,-1,-1,0.652979,0.652979,2.871119,2.701562
69,5328,124.320152,130.602302,14.853609,7.205812,1,-1,-1,-1,0.652975,0.652975,2.831540,2.701562
70,5749,-1.032417,364.409370,9.100201,6.633193,1,-1,-1,-1,0.697349,0.697349,4.683127,2.743335
70,5747,160.435444,129.963371,8.818336,5.919536,1,-1,-1,-1,0.686065,0.686065,4.388218,2.723746
70,5736,68.338252,211.676409,9.705022,19.713862,1,-1,-1,-1,0.660633,0.660633,3.506534,2.702067
70,5681,86.207296,319.536812,8.281855,17.477335,1,-1,-1,-1,0.653036,0.653036,2.955099,2.721381
70,5680,76.511809,469.784424,9.249592,19.662305,1,-1,-1,-1,0.654927,0.654927,3.089462,2.835011
70,5667,65.821740,108.986038,8.359501,18.575654,1,-1,-1,-1,0.653025,0.653025,2.969070,2.738870
70,5664,74.956253,401.437305,7.902433,16.274467,1,-1,-1,-1,0.653021,0.653021,2.925479,2.701562
70,5530,18.356714,364.647528,16.018675,8.116092,1,-1,-1,-1,0.652978,0.652978,2.867916,2.701562
70,5328,124.324955,130.599923,14.860823,7.204280,1,-1,-1,-1,0.652975,0.652975,2.829932,2.701562
71,5760,70.125350,245.493792,8.086563,16.590859,1,-1,-1,-1,0.847083,0.847083,7.132717,3.262201
71,5749,-1.223399,364.529323,9.241735,6.766659,1,-1,-1,-1,0.686065,0.686065,4.388218,2.723746
71,5747,158.596597,129.967600,8.818785,5.919661,1,-1,-1,-1,0.678159,0.678159,4.155461,2.713360
71,5736,68.416923,205.523204,9.316742,19.291206,1,-1,-1,-1,0.659128,0.659128,3.434287,2.701831
71,5680,76.411283,468.098604,9.225029,19.853359,1,-1,-1,-1,0.653195,0.653195,3.007960,2.771961
71,5667,65.496381,101.115330,8.484910,18.765947,1,-1,-1,-1,0.653017,0.653017,2.942429,2.721381
71,5664,74.826383,397.113811,7.901131,16.282719,1,-1,-1,-1,0.653013,0.653013,2.919436,2.701562
71,5530,18.374550,364.564454,15.959243,8.123581,1,-1,-1,-1,0.652978,0.652978,2.864857,2.701562
71,5328,124.323633,130.599284,14.863321,7.203132,1,-1,-1,-1,0.652975,0.652975,2.828379,2.701562
72,5760,70.280237,241.955957,7.980936,16.205209,1,-1,-1,-1,0.780933,0.780933,6.225018,2.988460
72,5749,-1.282444,365.585867,9.743236,7.309896,1,-1,-1,-1,0.678159,0.678159,4.155461,2.713360
72,5747,156.996447,129.969180,8.819098,5.919742,1,-1,-1,-1,0.672446,0.672446,3.969193,2.707841
72,5736,68.237718,200.472954,9.153990,19.226993,1,-1,-1,-1,0.657936,0.657936,3.372813,2.701705
72,5680,76.282015,466.199848,9.181167,19.999196,1,-1,-1,-1,0.653016,0.653016,2.962845,2.738870
72,5667,65.156749,92.309667,8.691214,18.565822,1,-1,-1,-1,0.653017,0.653017,2.925883,2.712104
72,5664,74.687426,392.460720,7.900089,16.283168,1,-1,-1,-1,0.653006,0.653006,2.913746,2.701562
72,5530,18.416771,364.861516,16.023467,8.259641,1,-1,-1,-1,0.652977,0.652977,2.861934,2.701562
72,5328,124.320858,130.597365,14.862255,7.199498,1,-1,-1,-1,0.652975,0.652975,2.826881,2.701562
73,5760,69.719236,238.145705,8.168672,16.394199,1,-1,-1,-1,0.739812,0.739812,5.560040,2.851250
73,5747,155.615881,129.969765,8.819319,5.919796,1,-1,-1,-1,0.668212,0.668212,3.818265,2.704905
73,5736,68.189733,195.360372,9.060303,19.399660,1,-1,-1,-1,0.656986,0.656986,3.320085,2.701638
73,5680,76.034930,463.732023,9.161746,20.039410,1,-1,-1,-1,0.653010,0.653010,2.936647,2.721381
73,5667,64.629304,83.669093,8.928156,18.776803,1,-1,-1,-1,0.653013,0.653013,2.914784,2.707173
73,5664,74.530281,387.477872,7.896494,16.280520,1,-1,-1,-1,0.653000,0.653000,2.908379,2.701562
73,5530,18.753785,364.765558,16.054231,8.212502,1,-1,-1,-1,0.652977,0.652977,2.859137,2.701562
73,5328,124.321925,130.595374,14.864122,7.194109,1,-1,-1,-1,0.652975,0.652975,2.825433,2.701562
74,5760,69.597259,233.680795,8.192048,16.304069,1,-1,-1,-1,0.714060,0.714060,5.062690,2.780435
74,5747,154.435148,129.976626,8.819477,5.919834,1,-1,-1,-1,0.665009,0.665009,3.694582,2.703342
74,5736,67.933746,189.383645,9.029314,19.523112,1,-1,-1,-1,0.656225,0.656225,3.274518,2.701603
74,5680,75.858590,460.893515,9.032870,19.854432,1,-1,-1,-1,0.653012,0.653012,2.920470,2.712104
74,5667,64.361080,74.469881,8.928202,18.760976,1,-1,-1,-1,0.653008,0.653008,2.906686,2.704550
74,5664,74.371620,382.175870,7.888241,16.275425,1,-1,-1,-1,0.652996,0.652996,2.903309,2.701562
74,5530,18.687896,364.638511,15.952533,8.204816,1,-1,-1,-1,0.652977,0.652977,2.856459,2.701562
74,5328,124.320053,130.590935,14.862844,7.192919,1,-1,-1,-1,0.652975,0.652975,2.824034,2.701562
75,5760,69.826325,227.270075,7.877416,15.701770,1,-1,-1,-1,0.697349,0.697349,4.683127,2.743335
75,5747,153.427573,129.979182,8.819591,5.919861,1,-1,-1,-1,0.662548,0.662548,3.592165,2.702510
75,5736,67.946970,183.310625,8.989028,19.632088,1,-1,-1,-1,0.655613,0.655613,3.234861,2.701584
75,5667,64.417259,64.902513,8.988301,18.617800,1,-1,-1,-1,0.653003,0.653003,2.900292,2.703153
75,5664,74.206062,376.561270,7.884913,16.263573,1,-1,-1,-1,0.652992,0.652992,2.898514,2.701562
75,5530,18.665450,364.929312,16.054364,8.424532,1,-1,-1,-1,0.652976,0.652976,2.853893,2.701562
75,5328,124.319560,130.589480,14.861913,7.192052,1,-1,-1,-1,0.652975,0.652975,2.822682,2.701562
76,5760,69.422291,221.779370,8.052348,15.742027,1,-1,-1,-1,0.686065,0.686065,4.388218,2.723746
76,5747,152.583720,129.973498,8.819675,5.919880,1,-1,-1,-1,0.660633,0.660633,3.506534,2.702067
76,5736,68.124756,176.693430,8.806868,19.566611,1,-1,-1,-1,0.655120,0.655120,3.200116,2.701574
76,5667,64.276293,55.125925,8.679766,18.552969,1,-1,-1,-1,0.652998,0.652998,2.894906,2.702410
76,5664,74.024173,370.647165,7.885311,16.255182,1,-1,-1,-1,0.652989,0.652989,2.893973,2.701562
76,5530,18.683802,365.046641,16.022921,8.473507,1,-1,-1,-1,0.652976,0.652976,2.851434,2.701562
76,5328,124.326065,130.595641,14.861237,7.191421,1,-1,-1,-1,0.652975,0.652975,2.821375,2.701562
77,5760,69.072644,215.620807,8.119199,15.595896,1,-1,-1,-1,0.678159,0.678159,4.155461,2.713360
77,5747,151.880722,129.971326,8.819737,5.919895,1,-1,-1,-1,0.659128,0.659128,3.434287,2.701831
77,5736,68.733374,167.325700,8.592298,18.627051,1,-1,-1,-1,0.654721,0.654721,3.169484,2.701568
77,5667,64.028498,45.366817,8.569096,18.644875,1,-1,-1,-1,0.652994,0.652994,2.890155,2.702013
77,5664,73.835689,364.439698,7.888466,16.252106,1,-1,-1,-1,0.652986,0.652986,2.889667,2.701562
77,5530,19.011784,364.898587,15.712523,8.365390,1,-1,-1,-1,0.652976,0.652976,2.849075,2.701562
77,5328,124.322116,130.598114,14.860747,7.190961,1,-1,-1,-1,0.652975,0.652975,2.820111,2.701562
78,5771,84.649806,265.048485,8.926180,19.761824,1,-1,-1,-1,0.847083,0.847083,7.132717,3.262201
78,5760,69.041879,209.769618,8.344810,15.609825,1,-1,-1,-1,0.672446,0.672446,3.969193,2.707841
78,5747,151.297237,129.970497,8.819783,5.919907,1,-1,-1,-1,0.657936,0.657936,3.372813,2.701705
78,5736,68.943145,161.692634,8.871772,19.084593,1,-1,-1,-1,0.654397,0.654397,3.142321,2.701565
78,5680,75.397617,448.922912,9.058784,20.176299,1,-1,-1,-1,0.654890,0.654890,3.043964,2.836251
78,5667,63.612320,34.912623,8.555004,18.703673,1,-1,-1,-1,0.652990,0.652990,2.885832,2.701803
78,5664,73.640837,357.901060,7.887906,16.244120,1,-1,-1,-1,0.652984,0.652984,2.885579,2.701562
78,5530,19.146660,364.996780,15.552217,8.339749,1,-1,-1,-1,0.652976,0.652976,2.846809,2.701562
78,5328,124.322576,130.592598,14.863151,7.190655,1,-1,-1,-1,0.652975,0.652975,2.818887,2.701562
79,5771,84.500576,264.926024,8.860305,19.708962,1,-1,-1,-1,0.780933,0.780933,6.225018,2.988460
79,5760,68.687756,203.878042,8.299419,15.669491,1,-1,-1,-1,0.668212,0.668212,3.818265,2.704905
79,5747,150.819060,129.970180,8.819818,5.919916,1,-1,-1,-1,0.656986,0.656986,3.320085,2.701638
79,5736,69.689152,155.652249,10.053653,19.785710,1,-1,-1,-1,0.654134,0.654134,3.118101,2.701564
79,5680,75.542641,444.514382,9.214485,20.091625,1,-1,-1,-1,0.653166,0.653166,2.966490,2.772609
79,5664,73.431470,351.053129,7.884562,16.226987,1,-1,-1,-1,0.652983,0.652983,2.881694,2.701562
79,5530,18.777575,365.093580,15.631175,8.359514,1,-1,-1,-1,0.652976,0.652976,2.844634,2.701562
79,5328,124.320440,130.597114,14.862148,7.190405,1,-1,-1,-1,0.652975,0.652975,2.817702,2.701562
80,5774,70.046119,244.203100,8.207497,17.456729,1,-1,-1,-1,0.847083,0.847083,7.132717,3.262201
80,5760,68.550017,196.986264,8.185969,15.390970,1,-1,-1,-1,0.665009,0.665009,3.694582,2.703342
80,5747,150.421514,129.970061,8.819845,5.919924,1,-1,-1,-1,0.656225,0.656225,3.274518,2.701603
80,5736,71.390334,148.255232,11.297819,20.037916,1,-1,-1,-1,0.653921,0.653921,3.096395,2.701563
80,5680,75.941000,440.409356,9.067235,19.927005,1,-1,-1,-1,0.652992,0.652992,2.924334,2.739212
80,5664,73.214339,343.955361,7.885239,16.234266,1,-1,-1,-1,0.652981,0.652981,2.877997,2.701562
80,5530,18.409492,365.325331,15.783440,8.543054,1,-1,-1,-1,0.652976,0.652976,2.842542,2.701562
80,5328,124.321625,130.600758,14.864299,7.193010,1,-1,-1,-1,0.652975,0.652975,2.816556,2.701562
81,5774,69.608678,238.616576,8.574842,17.463240,1,-1,-1,-1,0.780933,0.780933,6.225018,2.988460
81,5760,68.442457,190.285283,8.089812,15.323893,1,-1,-1,-1,0.662548,0.662548,3.592165,2.702510
81,5747,150.108758,129.976573,8.819865,5.919930,1,-1,-1,-1,0.655613,0.655613,3.234861,2.701584
81,5736,73.610399,142.017151,12.953769,20.488657,1,-1,-1,-1,0.653747,0.653747,3.076849,2.701563
81,5680,76.761750,436.111984,8.986639,19.903334,1,-1,-1,-1,0.652991,0.652991,2.900517,2.721562
81,5664,72.992340,336.441844,7.885341,16.211691,1,-1,-1,-1,0.652980,0.652980,2.874476,2.701562
81,5530,18.241661,365.063648,15.827472,8.427484,1,-1,-1,-1,0.652975,0.652975,2.840531,2.701562
81,5328,124.319871,130.593284,14.862989,7.192125,1,-1,-1,-1,0.652975,0.652975,2.815445,2.701562
82,5776,-2.347370,364.694000,10.161660,7.265989,1,-1,-1,-1,0.847083,0.847083,7.132717,3.262201
82,5775,86.223274,320.078425,8.355805,12.810122,1,-1,-1,-1,0.808479,0.808479,6.225062,3.298778
82,5774,69.245078,232.615201,8.669745,17.202128,1,-1,-1,-1,0.739812,0.739812,5.560040,2.851250
82,5760,68.133281,183.892429,8.366444,15.617639,1,-1,-1,-1,0.660633,0.660633,3.506534,2.702067
82,5747,149.849923,129.972480,8.819881,5.919935,1,-1,-1,-1,0.655120,0.655120,3.200116,2.701574
82,5736,76.951239,135.630777,14.824260,20.297893,1,-1,-1,-1,0.653605,0.653605,3.059169,2.701562
82,5680,77.229863,431.514840,8.928886,19.962227,1,-1,-1,-1,0.652996,0.652996,2.886377,2.712200
82,5664,72.757482,328.607439,7.888222,16.195461,1,-1,-1,-1,0.652979,0.652979,2.871119,2.701562
82,5530,18.067996,365.180405,15.930585,8.496898,1,-1,-1,-1,0.652975,0.652975,2.838596,2.701562
82,5328,124.319311,130.600907,14.862277,7.196991,1,-1,-1,-1,0.652975,0.652975,2.814369,2.701562
83,5776,-2.211156,364.919263,10.063590,7.243008,1,-1,-1,-1,0.780933,0.780933,6.225018,2.988460
83,5775,86.181615,320.327579,8.403098,13.795571,1,-1,-1,-1,0.761768,0.761768,5.587838,3.006395
83,5774,69.172022,227.152356,8.723525,17.122179,1,-1,-1,-1,0.714060,0.714060,5.062690,2.780435
83,5760,67.743079,176.750798,8.332158,15.576312,1,-1,-1,-1,0.659128,0.659128,3.434287,2.701831
83,5747,149.646733,129.970915,8.819894,5.919940,1,-1,-1,-1,0.654721,0.654721,3.169484,2.701568
83,5736,81.428404,129.049661,16.699960,19.309945,1,-1,-1,-1,0.653490,0.653490,3.043111,2.701562
83,5680,77.806948,425.800061,9.167593,19.637530,1,-1,-1,-1,0.652996,0.652996,2.877405,2.707224
83,5664,72.513585,320.502033,7.887977,16.211357,1,-1,-1,-1,0.652978,0.652978,2.867916,2.701562
83,5530,18.117766,365.130498,15.984615,8.474557,1,-1,-1,-1,0.652975,0.652975,2.836732,2.701562
83,5328,124.322918,130.601131,14.847844,7.197651,1,-1,-1,-1,0.652975,0.652975,2.813325,2.701562
84,5776,-1.716655,364.571162,9.930852,7.188449,1,-1,-1,-1,0.739812,0.739812,5.560040,2.851250
84,5775,86.112835,321.772375,8.615978,15.124743,1,-1,-1,-1,0.729260,0.729260,5.118443,2.860404
84,5774,68.612220,221.413648,9.072148,17.113468,1,-1,-1,-1,0.697349,0.697349,4.683127,2.743335
84,5760,67.393118,170.157824,8.296970,15.507071,1,-1,-1,-1,0.657936,0.657936,3.372813,2.701705
84,5747,149.487048,129.970319,8.819904,5.919944,1,-1,-1,-1,0.654397,0.654397,3.142321,2.701565
84,5736,86.140517,123.934092,18.683684,17.340420,1,-1,-1,-1,0.653396,0.653396,3.028469,2.701562
84,5680,77.140668,420.028740,9.323341,19.329435,1,-1,-1,-1,0.652994,0.652994,2.871232,2.704577
84,5664,72.276649,312.182231,7.898983,16.226507,1,-1,-1,-1,0.652978,0.652978,2.864857,2.701562
84,5530,18.035063,365.002522,15.984827,8.446830,1,-1,-1,-1,0.652975,0.652975,2.834938,2.701562
84,5328,124.326061,130.590741,14.845367,7.192702,1,-1,-1,-1,0.652975,0.652975,2.812314,2.701562
85,5775,86.073139,320.771623,8.541627,15.477371,1,-1,-1,-1,0.707694,0.707694,4.751699,2.785203
85,5774,68.720719,215.300918,9.010341,17.028769,1,-1,-1,-1,0.686065,0.686065,4.388218,2.723746
85,5760,66.571070,163.567091,8.856546,15.891675,1,-1,-1,-1,0.656986,0.656986,3.320085,2.701638
85,5747,149.359995,129.970095,8.819912,5.919947,1,-1,-1,-1,0.654134,0.654134,3.118101,2.701564
85,5736,92.695696,119.455902,19.675711,15.332622,1,-1,-1,-1,0.653319,0.653319,3.015070,2.701562
85,5680,77.312561,413.036896,11.149970,19.067995,1,-1,-1,-1,0.652991,0.652991,2.866602,2.703168
85,5664,72.016356,303.875822,7.901490,16.239974,1,-1,-1,-1,0.652977,0.652977,2.861934,2.701562
85,5530,18.058772,364.799630,16.036554,8.364730,1,-1,-1,-1,0.652975,0.652975,2.833208,2.701562
85,5328,124.331417,130.596052,14.849182,7.191905,1,-1,-1,-1,0.652975,0.652975,2.811334,2.701562
86,5775,86.094906,320.910264,8.564763,15.940589,1,-1,-1,-1,0.693227,0.693227,4.458919,2.745845
86,5774,68.597450,209.070852,8.853516,16.880579,1,-1,-1,-1,0.678159,0.678159,4.155461,2.713360
86,5760,64.829909,157.480798,9.464073,16.193318,1,-1,-1,-1,0.656225,0.656225,3.274518,2.701603
86,5747,149.268252,129.970012,8.819919,5.919950,1,-1,-1,-1,0.653921,0.653921,3.096395,2.701563
86,5736,99.946493,116.410664,20.184970,13.627286,1,-1,-1,-1,0.653256,0.653256,3.002767,2.701562
86,5664,71.785692,295.478199,7.883054,16.182025,1,-1,-1,-1,0.652977,0.652977,2.859137,2.701562
86,5530,18.087721,364.862790,16.139242,8.379449,1,-1,-1,-1,0.652975,0.652975,2.831540,2.701562
86,5328,124.319869,130.591603,14.871261,7.191507,1,-1,-1,-1,0.652975,0.652975,2.810383,2.701562
87,5780,85.081513,264.901576,7.497563,14.865068,1,-1,-1,-1,0.847083,0.847083,7.132717,3.262201
87,5775,86.152295,320.775307,8.525175,16.214460,1,-1,-1,-1,0.683248,0.683248,4.222594,2.725074
87,5774,68.261987,203.149503,8.896560,16.961173,1,-1,-1,-1,0.672446,0.672446,3.969193,2.707841
87,5760,62.252438,151.100756,10.443670,16.653814,1,-1,-1,-1,0.655613,0.655613,3.234861,2.701584
87,5747,149.206533,129.976521,8.819925,5.919953,1,-1,-1,-1,0.653747,0.653747,3.076849,2.701563
87,5664,71.531401,287.373850,7.881213,16.182092,1,-1,-1,-1,0.652977,0.652977,2.856459,2.701562
87,5530,18.082875,364.815014,16.090975,8.352648,1,-1,-1,-1,0.652975,0.652975,2.829932,2.701562
87,5328,124.317004,130.606882,14.876580,7.196622,1,-1,-1,-1,0.652975,0.652975,2.809460,2.701562
88,5780,85.055571,265.119567,7.595007,15.117664,1,-1,-1,-1,0.780933,0.780933,6.225018,2.988460
88,5775,86.109798,321.166761,8.497809,16.549773,1,-1,-1,-1,0.676155,0.676155,4.030254,2.714065
88,5774,68.247940,197.409418,8.677010,17.006078,1,-1,-1,-1,0.668212,0.668212,3.818265,2.704905
88,5760,58.260460,145.820538,12.113135,17.058900,1,-1,-1,-1,0.655120,0.655120,3.200116,2.701574
88,5747,149.151603,129.979044,8.817049,5.919835,1,-1,-1,-1,0.653605,0.653605,3.059169,2.701562
88,5664,71.304006,279.332209,7.879674,16.165503,1,-1,-1,-1,0.652976,0.652976,2.853893,2.701562
88,5530,18.110960,364.996069,16.194182,8.342701,1,-1,-1,-1,0.652975,0.652975,2.828379,2.701562
88,5328,124.298974,130.623953,14.886343,7.208664,1,-1,-1,-1,0.652975,0.652975,2.808564,2.701562
89,5780,85.028318,264.926337,7.586483,15.090141,1,-1,-1,-1,0.739812,0.739812,5.560040,2.851250
89,5779,85.697822,293.762927,8.015646,18.131029,1,-1,-1,-1,0.729376,0.729376,5.263327,3.080336
89,5775,86.098331,320.329717,8.420327,16.707746,1,-1,-1,-1,0.670976,0.670976,3.872512,2.708216
89,5774,68.136704,190.637604,8.514131,16.686744,1,-1,-1,-1,0.665009,0.665009,3.694582,2.703342
89,5760,53.762911,140.407445,13.475027,17.098666,1,-1,-1,-1,0.654721,0.654721,3.169484,2.701568
89,5747,149.112098,129.979998,8.814965,5.919759,1,-1,-1,-1,0.653490,0.653490,3.043111,2.701562
89,5664,71.052406,271.357762,7.875631,16.139405,1,-1,-1,-1,0.652976,0.652976,2.851434,2.701562
89,5530,18.169547,364.747129,16.090372,8.197246,1,-1,-1,-1,0.652975,0.652975,2.826881,2.701562
89,5328,124.300776,130.616134,14.879301,7.209061,1,-1,-1,-1,0.652975,0.652975,2.807695,2.701562
90,5780,84.988813,264.772165,7.613546,14.979816,1,-1,-1,-1,0.714060,0.714060,5.062690,2.780435
90,5779,85.642918,293.752583,8.071374,18.105175,1,-1,-1,-1,0.707945,0.707945,4.782352,2.897897
90,5774,67.806342,184.293979,8.393552,16.625203,1,-1,-1,-1,0.662548,0.662548,3.592165,2.702510
90,5760,47.585382,135.427018,14.928593,16.304000,1,-1,-1,-1,0.654397,0.654397,3.142321,2.701565
90,5747,149.103957,129.980292,8.816321,5.919821,1,-1,-1,-1,0.653396,0.653396,3.028469,2.701562
90,5664,70.826422,263.495086,7.873174,16.156487,1,-1,-1,-1,0.652976,0.652976,2.849075,2.701562
90,5530,17.905463,365.025196,15.949467,8.278669,1,-1,-1,-1,0.652975,0.652975,2.825433,2.701562
90,5328,124.309308,130.604593,14.874054,7.206597,1,-1,-1,-1,0.652975,0.652975,2.806851,2.701562
91,5780,84.942852,265.623726,7.735155,15.339362,1,-1,-1,-1,0.697349,0.697349,4.683127,2.743335
91,5779,85.861618,292.813226,7.905852,17.615820,1,-1,-1,-1,0.693725,0.693725,4.461877,2.804667
91,5774,67.818571,178.024518,8.471496,16.885632,1,-1,-1,-1,0.660633,0.660633,3.506534,2.702067
91,5760,40.677668,131.095942,16.144056,15.017084,1,-1,-1,-1,0.654134,0.654134,3.118101,2.701564
91,5747,149.063802,129.975675,8.817543,5.922722,1,-1,-1,-1,0.653319,0.653319,3.015070,2.701562
91,5664,70.577466,255.590557,7.871720,16.191102,1,-1,-1,-1,0.652976,0.652976,2.846809,2.701562
91,5530,18.254190,364.626990,15.598156,8.070410,1,-1,-1,-1,0.652975,0.652975,2.824034,2.701562
91,5328,124.318077,130.602496,14.867578,7.207526,1,-1,-1,-1,0.652975,0.652975,2.806031,2.701562
92,5780,84.876747,265.430280,7.815836,15.413805,1,-1,-1,-1,0.686065,0.686065,4.388218,2.723746
92,5774,68.122280,169.960641,8.377237,16.477514,1,-1,-1,-1,0.659128,0.659128,3.434287,2.701831
92,5760,34.297216,127.828980,16.750045,13.374773,1,-1,-1,-1,0.653921,0.653921,3.096395,2.701563
92,5747,149.040504,129.966923,8.815565,5.924725,1,-1,-1,-1,0.653256,0.653256,3.002767,2.701562
92,5664,70.347872,247.587701,7.873500,16.222136,1,-1,-1,-1,0.652976,0.652976,2.844634,2.701562
92,5530,18.011625,365.260997,15.529180,7.995349,1,-1,-1,-1,0.652975,0.652975,2.822682,2.701562
92,5328,124.319844,130.599603,14.868253,7.205501,1,-1,-1,-1,0.652975,0.652975,2.805235,2.701562
93,5780,84.826192,265.616888,7.931635,15.638317,1,-1,-1,-1,0.678159,0.678159,4.155461,2.713360
93,5774,68.360929,162.983845,8.775284,16.592695,1,-1,-1,-1,0.657936,0.657936,3.372813,2.701705
93,5747,149.032732,129.967891,8.816747,5.923436,1,-1,-1,-1,0.653205,0.653205,2.991436,2.701562
93,5664,70.095443,239.414781,7.871825,16.230839,1,-1,-1,-1,0.652976,0.652976,2.842542,2.701562
93,5328,124.318598,130.588557,14.865796,7.198487,1,-1,-1,-1,0.652975,0.652975,2.804461,2.701562
94,5791,155.602278,117.341312,18.498820,8.278137,1,-1,-1,-1,0.847083,0.847083,7.132717,3.262201
94,5780,84.858602,265.963183,7.959544,15.740549,1,-1,-1,-1,0.672446,0.672446,3.969193,2.707841
94,5774,69.132208,156.743517,9.114369,16.992870,1,-1,-1,-1,0.656986,0.656986,3.320085,2.701638
94,5747,149.044464,129.975074,8.814770,5.922405,1,-1,-1,-1,0.653163,0.653163,2.980969,2.701562
94,5664,69.847780,231.164781,7.868309,16.270159,1,-1,-1,-1,0.652975,0.652975,2.840531,2.701562
94,5328,124.315696,130.595884,14.869705,7.198931,1,-1,-1,-1,0.652975,0.652975,2.803709,2.701562
95,5791,165.048317,117.092223,18.387135,8.135148,1,-1,-1,-1,0.780933,0.780933,6.225018,2.988460
95,5780,84.848763,266.465137,7.953241,16.061830,1,-1,-1,-1,0.668212,0.668212,3.818265,2.704905
95,5779,85.887015,293.450310,7.785465,16.409176,1,-1,-1,-1,0.669410,0.669410,3.987123,2.847015
95,5774,70.536152,149.395823,10.117244,17.293452,1,-1,-1,-1,0.656225,0.656225,3.274518,2.701603
95,5747,149.044870,129.984512,8.813337,5.921658,1,-1,-1,-1,0.653129,0.653129,2.971273,2.701562
95,5664,69.597094,223.128683,7.874029,16.299457,1,-1,-1,-1,0.652975,0.652975,2.838596,2.701562
95,5328,124.309269,130.598604,14.875310,7.199279,1,-1,-1,-1,0.652975,0.652975,2.802979,2.701562
96,5791,171.452431,117.002379,18.644928,8.145734,1,-1,-1,-1,0.739812,0.739812,5.560040,2.851250
96,5774,72.056893,142.758263,11.323176,17.805307,1,-1,-1,-1,0.655613,0.655613,3.234861,2.701584
96,5747,149.052544,129.981670,8.812298,5.921118,1,-1,-1,-1,0.653101,0.653101,2.962268,2.701562
96,5664,69.382082,215.621239,7.875136,16.298558,1,-1,-1,-1,0.652975,0.652975,2.836732,2.701562
96,5328,124.310494,130.599598,14.876646,7.199507,1,-1,-1,-1,0.652975,0.652975,2.802268,2.701562
97,5791,176.223372,116.897497,18.811645,8.107427,1,-1,-1,-1,0.714060,0.714060,5.062690,2.780435
97,5774,75.231729,136.432007,12.864401,17.869384,1,-1,-1,-1,0.655120,0.655120,3.200116,2.701574
97,5747,149.050433,129.974081,8.814374,5.920813,1,-1,-1,-1,0.653078,0.653078,2.953887,2.701562
97,5664,69.181326,208.819996,7.873185,16.297781,1,-1,-1,-1,0.652975,0.652975,2.834938,2.701562
97,5328,124.313485,130.599962,14.872117,7.199625,1,-1,-1,-1,0.652975,0.652975,2.801577,2.701562
98,5793,15.492050,114.562082,18.369528,9.063765,1,-1,-1,-1,0.847083,0.847083,7.132717,3.262201
98,5791,180.953275,116.900591,18.516773,8.070078,1,-1,-1,-1,0.697349,0.697349,4.683127,2.743335
98,5774,79.100499,130.620806,14.633839,17.787408,1,-1,-1,-1,0.654721,0.654721,3.169484,2.701568
98,5747,149.058806,129.971283,8.813064,5.920507,1,-1,-1,-1,0.653059,0.653059,2.946067,2.701562
98,5664,68.999589,202.753246,7.868942,16.291568,1,-1,-1,-1,0.652975,0.652975,2.833208,2.701562
98,5328,124.318168,130.600103,14.863310,7.199663,1,-1,-1,-1,0.652975,0.652975,2.800906,2.701562
99,5793,16.086109,113.919535,17.192431,8.322222,1,-1,-1,-1,0.780933,0.780933,6.225018,2.988460
99,5791,183.972980,117.854530,17.968951,8.383954,1,-1,-1,-1,0.686065,0.686065,4.388218,2.723746
99,5774,84.282990,124.906783,15.913570,16.665847,1,-1,-1,-1,0.654397,0.654397,3.142321,2.701565
99,5747,149.054823,129.970238,8.814934,5.920367,1,-1,-1,-1,0.653044,0.653044,2.938756,2.701562
99,5664,68.844019,197.465028,7.871518,16.298395,1,-1,-1,-1,0.652975,0.652975,2.831540,2.701562
99,5328,124.327086,130.589881,14.845688,7.194105,1,-1,-1,-1,0.652975,0.652975,2.800252,2.701562
100,5793,16.295557,114.385671,17.239097,8.480603,1,-1,-1,-1,0.739812,0.739812,5.560040,2.851250
100,5774,90.392285,120.876311,16.657668,15.360894,1,-1,-1,-1,0.654134,0.654134,3.118101,2.701564
100,5747,149.067060,129.969917,8.813480,5.920187,1,-1,-1,-1,0.653031,0.653031,2.931907,2.701562
100,5664,68.706398,192.919438,7.873469,16.308918,1,-1,-1,-1,0.652975,0.652975,2.829932,2.701562
100,5328,124.325257,130.588812,14.849428,7.192934,1,-1,-1,-1,0.652975,0.652975,2.799616,2.701562
